0.000000000 13.05000 0.03681 1.53384 0.52436 -0.47439 -0.52436 0.47439
0.033333335 13.04987 0.06849 1.53979 -0.52384 0.47145 0.52485 -0.47735
0.066666670 13.04940 0.10017 1.54573 -0.52327 0.46854 0.52529 -0.48035
0.100000001 13.04860 0.13186 1.55166 -0.52266 0.46567 0.52567 -0.48337
0.133333340 13.04747 0.16355 1.55757 -0.52202 0.46283 0.52601 -0.48642
0.166666672 13.04600 0.19524 1.56347 -0.52134 0.46002 0.52629 -0.48949
0.200000003 13.04420 0.22693 1.56936 -0.52063 0.45726 0.52652 -0.49258
0.233333334 13.04206 0.25862 1.57522 -0.51989 0.45453 0.52669 -0.49569
0.266666681 13.03959 0.29031 1.58106 -0.51913 0.45185 0.52681 -0.49881
0.300000012 13.03678 0.32200 1.58688 0.51834 -0.44921 -0.52686 0.50195
0.333333343 13.03364 0.35368 1.59267 0.51753 -0.44661 -0.52685 0.50510
0.366666675 13.03016 0.38536 1.59844 0.51671 -0.44406 -0.52677 0.50826
0.400000006 13.02635 0.41704 1.60417 0.51587 -0.44155 -0.52663 0.51143
0.433333337 13.02220 0.44870 1.60987 0.51503 -0.43910 -0.52642 0.51461
0.466666669 13.01771 0.48036 1.61553 0.51417 -0.43669 -0.52614 0.51779
0.500000000 13.01289 0.51201 1.62116 0.51331 -0.43433 -0.52579 0.52097
0.533333361 13.00773 0.54365 1.62674 0.51245 -0.43203 -0.52538 0.52415
0.566666722 13.00224 0.57528 1.63229 0.51158 -0.42977 -0.52489 0.52733
0.600000083 12.99641 0.60690 1.63779 0.51072 -0.42757 -0.52432 0.53050
0.633333445 12.99024 0.63851 1.64324 0.50987 -0.42542 -0.52369 0.53367
0.666666806 12.98374 0.67010 1.64865 0.50903 -0.42333 -0.52297 0.53682
0.700000167 12.97690 0.70168 1.65400 0.50820 -0.42130 -0.52219 0.53997
0.733333528 12.96973 0.73324 1.65931 0.50738 -0.41932 -0.52133 0.54310
0.766666889 12.96222 0.76478 1.66456 0.50658 -0.41740 -0.52039 0.54621
0.800000250 12.95437 0.79630 1.66975 0.50581 -0.41554 -0.51938 0.54931
0.833333611 12.94619 0.82781 1.67489 0.50505 -0.41373 -0.51829 0.55238
0.866666973 12.93768 0.85930 1.67996 0.50433 -0.41199 -0.51713 0.55543
0.900000334 12.92883 0.89076 1.68498 0.50363 -0.41030 -0.51589 0.55846
0.933333695 12.91964 0.92220 1.68993 0.50296 -0.40867 -0.51457 0.56146
0.966667056 12.91012 0.95362 1.69481 0.50233 -0.40711 -0.51318 0.56443
1.000000358 12.90027 0.98501 1.69962 0.50173 -0.40560 -0.51171 0.56736
1.033333659 12.89008 1.01638 1.70437 0.50118 -0.40416 -0.51017 0.57026
1.066666961 12.87956 1.04772 1.70904 0.50066 -0.40277 -0.50856 0.57313
1.100000262 12.86870 1.07903 1.71364 0.50019 -0.40145 -0.50687 0.57596
1.133333564 12.85752 1.11031 1.71817 0.49976 -0.40019 -0.50512 0.57875
1.166666865 12.84600 1.14156 1.72261 0.49938 -0.39899 -0.50329 0.58149
1.200000167 12.83415 1.17278 1.72698 0.49905 -0.39785 -0.50139 0.58419
1.233333468 12.82196 1.20397 1.73127 0.49878 -0.39676 -0.49942 0.58684
1.266666770 12.80945 1.23513 1.73548 0.49855 -0.39574 -0.49738 0.58945
1.300000072 12.79661 1.26625 1.73960 0.49838 -0.39478 -0.49527 0.59200
1.333333373 12.78343 1.29734 1.74364 0.49827 -0.39388 -0.49311 0.59450
1.366666675 12.76993 1.32839 1.74758 0.49822 -0.39304 -0.49087 0.59694
1.399999976 12.75610 1.35940 1.75144 0.49823 -0.39225 -0.48858 0.59933
1.433333278 12.74194 1.39037 1.75521 0.49830 -0.39152 -0.48622 0.60166
1.466666579 12.72745 1.42131 1.75889 0.49843 -0.39085 -0.48380 0.60393
1.499999881 12.71264 1.45220 1.76248 0.49863 -0.39023 -0.48133 0.60614
1.533333182 12.69750 1.48305 1.76597 0.49889 -0.38967 -0.47880 0.60829
1.566666484 12.68203 1.51386 1.76936 0.49922 -0.38916 -0.47622 0.61037
1.599999785 12.66624 1.54463 1.77266 0.49961 -0.38871 -0.47358 0.61238
1.633333087 12.65012 1.57535 1.77585 0.50008 -0.38830 -0.47090 0.61433
1.666666389 12.63368 1.60603 1.77895 0.50061 -0.38795 -0.46816 0.61621
1.699999690 12.61692 1.63666 1.78194 0.50121 -0.38765 -0.46538 0.61801
1.733332992 12.59983 1.66724 1.78484 0.50188 -0.38739 -0.46256 0.61975
1.766666293 12.58242 1.69777 1.78762 0.50263 -0.38718 -0.45969 0.62141
1.799999595 12.56469 1.72826 1.79030 0.50344 -0.38701 -0.45678 0.62299
1.833332896 12.54664 1.75869 1.79288 0.50432 -0.38689 -0.45384 0.62450
1.866666198 12.52826 1.78908 1.79535 0.50528 -0.38681 -0.45086 0.62594
1.899999499 12.50957 1.81941 1.79771 0.50631 -0.38677 -0.44784 0.62730
1.933332801 12.49056 1.84968 1.79995 0.50740 -0.38676 -0.44480 0.62858
1.966666102 12.47123 1.87991 1.80209 0.50857 -0.38679 -0.44172 0.62978
1.999999404 12.45158 1.91008 1.80412 0.50981 -0.38686 -0.43862 0.63091
2.033332825 12.43162 1.94019 1.80603 0.51112 -0.38696 -0.43549 0.63195
2.066666126 12.41133 1.97024 1.80783 0.51251 -0.38709 -0.43234 0.63292
2.099999428 12.39074 2.00024 1.80951 0.51396 -0.38724 -0.42917 0.63380
2.133332729 12.36982 2.03018 1.81108 0.51548 -0.38742 -0.42599 0.63460
2.166666031 12.34860 2.06006 1.81254 0.51706 -0.38763 -0.42279 0.63533
2.199999332 12.32706 2.08988 1.81387 0.51872 -0.38785 -0.41957 0.63597
2.233332634 12.30520 2.11964 1.81509 0.52044 -0.38810 -0.41634 0.63653
2.266665936 12.28304 2.14933 1.81619 0.52223 -0.38836 -0.41311 0.63702
2.299999237 12.26056 2.17896 1.81717 0.52409 -0.38864 -0.40987 0.63742
2.333332539 12.23777 2.20853 1.81803 0.52601 -0.38892 -0.40662 0.63774
2.366665840 12.21467 2.23803 1.81878 0.52799 -0.38922 -0.40337 0.63799
2.399999142 12.19126 2.26747 1.81940 0.53003 -0.38952 -0.40012 0.63816
2.433332443 12.16755 2.29684 1.81990 0.53213 -0.38983 -0.39687 0.63825
2.466665745 12.14352 2.32614 1.82028 0.53429 -0.39014 -0.39363 0.63826
2.499999046 12.11919 2.35537 1.82054 0.53651 -0.39045 -0.39040 0.63820
2.533332348 12.09455 2.38454 1.82068 0.53879 -0.39075 -0.38717 0.63806
2.566665649 12.06960 2.41363 1.82069 0.54112 -0.39105 -0.38395 0.63785
2.599998951 12.04435 2.44265 1.82059 0.54350 -0.39134 -0.38075 0.63757
2.633332253 12.01880 2.47160 1.82036 0.54594 -0.39161 -0.37756 0.63721
2.666665554 11.99294 2.50048 1.82001 0.54842 -0.39188 -0.37438 0.63679
2.699998856 11.96678 2.52928 1.81954 0.55096 -0.39212 -0.37123 0.63630
2.733332157 11.94032 2.55801 1.81894 0.55354 -0.39235 -0.36809 0.63574
2.766665459 11.91355 2.58667 1.81822 0.55616 -0.39256 -0.36498 0.63512
2.799998760 11.88649 2.61525 1.81738 0.55882 -0.39274 -0.36189 0.63444
2.833332062 11.85913 2.64375 1.81642 0.56153 -0.39289 -0.35882 0.63369
2.866665363 11.83146 2.67217 1.81534 0.56427 -0.39302 -0.35578 0.63289
2.899998665 11.80350 2.70052 1.81413 0.56705 -0.39311 -0.35277 0.63203
2.933331966 11.77525 2.72878 1.81281 0.56987 -0.39317 -0.34979 0.63112
2.966665268 11.74669 2.75697 1.81136 0.57271 -0.39319 -0.34685 0.63016
2.999998569 11.71785 2.78507 1.80980 0.57559 -0.39317 -0.34393 0.62914
3.033331871 11.68870 2.81309 1.80811 0.57849 -0.39312 -0.34105 0.62808
3.066665173 11.65927 2.84104 1.80630 0.58142 -0.39301 -0.33820 0.62698
3.099998474 11.62954 2.86889 1.80438 0.58438 -0.39287 -0.33540 0.62583
3.133331776 11.59952 2.89667 1.80233 0.58735 -0.39267 -0.33263 0.62465
3.166665077 11.56921 2.92436 1.80017 0.59034 -0.39243 -0.32989 0.62343
3.199998379 11.53861 2.95196 1.79789 0.59335 -0.39213 -0.32720 0.62217
3.233331680 11.50773 2.97948 1.79550 0.59638 -0.39179 -0.32456 0.62089
3.266664982 11.47655 3.00691 1.79299 0.59941 -0.39138 -0.32195 0.61958
3.299998283 11.44509 3.03425 1.79037 0.60245 -0.39092 -0.31939 0.61824
3.333331585 11.41335 3.06151 1.78763 0.60550 -0.39041 -0.31687 0.61688
3.366664886 11.38132 3.08867 1.78478 0.60856 -0.38983 -0.31439 0.61551
3.399998188 11.34900 3.11575 1.78182 0.61162 -0.38919 -0.31197 0.61411
3.433331490 11.31641 3.14274 1.77875 0.61467 -0.38849 -0.30959 0.61271
3.466664791 11.28353 3.16964 1.77556 0.61773 -0.38772 -0.30725 0.61129
3.499998093 11.25038 3.19644 1.77227 0.62078 -0.38689 -0.30497 0.60987
3.533331394 11.21694 3.22316 1.76888 0.62382 -0.38600 -0.30273 0.60845
3.566664696 11.18323 3.24978 1.76537 0.62685 -0.38504 -0.30054 0.60703
3.599997997 11.14924 3.27631 1.76177 0.62987 -0.38401 -0.29840 0.60561
3.633331299 11.11498 3.30274 1.75806 0.63287 -0.38291 -0.29631 0.60420
3.666664600 11.08044 3.32908 1.75425 0.63586 -0.38174 -0.29428 0.60279
3.699997902 11.04563 3.35533 1.75033 0.63883 -0.38051 -0.29229 0.60140
3.733331203 11.01054 3.38148 1.74632 0.64177 -0.37920 -0.29035 0.60003
3.766664505 10.97519 3.40754 1.74222 0.64469 -0.37783 -0.28847 0.59867
3.799997807 10.93957 3.43350 1.73801 0.64758 -0.37639 -0.28663 0.59734
3.833331108 10.90368 3.45936 1.73372 0.65045 -0.37488 -0.28485 0.59603
3.866664410 10.86752 3.48513 1.72933 0.65328 -0.37329 -0.28312 0.59474
3.899997711 10.83110 3.51080 1.72485 0.65608 -0.37164 -0.28144 0.59349
3.933331013 10.79441 3.53637 1.72028 0.65884 -0.36992 -0.27981 0.59228
3.966664314 10.75746 3.56184 1.71563 0.66157 -0.36813 -0.27823 0.59110
3.999997616 10.72025 3.58722 1.71089 0.66426 -0.36627 -0.27670 0.58995
4.033330917 10.68278 3.61249 1.70606 0.66690 -0.36435 -0.27522 0.58885
4.066664219 10.64504 3.63767 1.70116 0.66950 -0.36236 -0.27380 0.58780
4.099997520 10.60705 3.66275 1.69618 0.67205 -0.36030 -0.27242 0.58679
4.133330822 10.56881 3.68772 1.69112 0.67455 -0.35818 -0.27109 0.58583
4.166664124 10.53030 3.71260 1.68598 0.67700 -0.35599 -0.26982 0.58493
4.199997425 10.49155 3.73737 1.68078 0.67940 -0.35374 -0.26859 0.58407
4.233330727 10.45254 3.76205 1.67550 0.68174 -0.35143 -0.26741 0.58328
4.266664028 10.41327 3.78662 1.67015 0.68403 -0.34906 -0.26628 0.58254
4.299997330 10.37376 3.81109 1.66474 0.68626 -0.34663 -0.26519 0.58187
4.333330631 10.33400 3.83546 1.65927 0.68843 -0.34414 -0.26416 0.58125
4.366663933 10.29399 3.85972 1.65373 0.69054 -0.34160 -0.26316 0.58070
4.399997234 10.25373 3.88389 1.64813 0.69258 -0.33900 -0.26222 0.58022
4.433330536 10.21322 3.90795 1.64248 0.69456 -0.33635 -0.26132 0.57980
4.466663837 10.17247 3.93190 1.63677 0.69647 -0.33365 -0.26046 0.57946
4.499997139 10.13148 3.95575 1.63101 0.69831 -0.33089 -0.25964 0.57918
4.533330441 10.09025 3.97950 1.62520 0.70009 -0.32810 -0.25887 0.57898
4.566663742 10.04877 4.00314 1.61935 0.70179 -0.32525 -0.25813 0.57885
4.599997044 10.00705 4.02668 1.61345 0.70342 -0.32237 -0.25744 0.57880
4.633330345 9.96510 4.05011 1.60750 0.70497 -0.31944 -0.25679 0.57882
4.666663647 9.92291 4.07344 1.60152 0.70645 -0.31647 -0.25617 0.57892
4.699996948 9.88048 4.09666 1.59550 0.70786 -0.31347 -0.25559 0.57909
4.733330250 9.83781 4.11978 1.58945 0.70919 -0.31043 -0.25504 0.57935
4.766663551 9.79491 4.14278 1.58336 0.71044 -0.30735 -0.25453 0.57968
4.799996853 9.75178 4.16569 1.57724 0.71161 -0.30425 -0.25405 0.58009
4.833330154 9.70841 4.18848 1.57110 0.71270 -0.30112 -0.25360 0.58058
4.866663456 9.66481 4.21116 1.56494 0.71371 -0.29796 -0.25318 0.58115
4.899996758 9.62098 4.23374 1.55875 0.71464 -0.29478 -0.25278 0.58180
4.933330059 9.57693 4.25621 1.55254 0.71549 -0.29158 -0.25242 0.58252
4.966663361 9.53264 4.27857 1.54632 0.71626 -0.28836 -0.25208 0.58333
4.999996662 9.48813 4.30082 1.54008 0.71694 -0.28512 -0.25176 0.58422
5.033329964 9.44339 4.32296 1.53384 0.71755 -0.28187 -0.25146 0.58519
5.066663265 9.39842 4.34499 1.52758 0.71807 -0.27861 -0.25118 0.58623
5.099996567 9.35323 4.36691 1.52132 0.71850 -0.27533 -0.25093 0.58735
5.133329868 9.30782 4.38872 1.51506 0.71885 -0.27205 -0.25068 0.58855
5.166663170 9.26219 4.41042 1.50879 0.71912 -0.26877 -0.25045 0.58983
5.199996471 9.21633 4.43200 1.50253 0.71931 -0.26548 -0.25024 0.59118
5.233329773 9.17025 4.45347 1.49628 0.71941 -0.26219 -0.25003 0.59261
5.266663074 9.12396 4.47483 1.49003 0.71944 -0.25890 -0.24984 0.59411
5.299996376 9.07744 4.49607 1.48380 0.71938 -0.25562 -0.24964 0.59568
5.333329678 9.03071 4.51720 1.47757 0.71923 -0.25234 -0.24946 0.59732
5.366662979 8.98376 4.53822 1.47137 0.71901 -0.24907 -0.24928 0.59904
5.399996281 8.93660 4.55911 1.46518 0.71871 -0.24581 -0.24909 0.60082
5.433329582 8.88922 4.57989 1.45901 0.71833 -0.24257 -0.24891 0.60267
5.466662884 8.84162 4.60056 1.45287 0.71787 -0.23934 -0.24872 0.60458
5.499996185 8.79381 4.62111 1.44676 0.71733 -0.23612 -0.24852 0.60656
5.533329487 8.74580 4.64153 1.44067 0.71672 -0.23293 -0.24832 0.60860
5.566662788 8.69757 4.66184 1.43462 0.71603 -0.22975 -0.24811 0.61070
5.599996090 8.64912 4.68203 1.42861 0.71527 -0.22660 -0.24788 0.61286
5.633329391 8.60047 4.70210 1.42263 0.71444 -0.22347 -0.24764 0.61507
5.666662693 8.55162 4.72205 1.41669 0.71353 -0.22037 -0.24739 0.61734
5.699995995 8.50255 4.74187 1.41079 0.71256 -0.21729 -0.24711 0.61966
5.733329296 8.45328 4.76158 1.40494 0.71152 -0.21424 -0.24681 0.62203
5.766662598 8.40380 4.78115 1.39914 0.71041 -0.21123 -0.24649 0.62445
5.799995899 8.35412 4.80061 1.39339 0.70924 -0.20825 -0.24615 0.62691
5.833329201 8.30423 4.81994 1.38769 0.70801 -0.20530 -0.24578 0.62942
5.866662502 8.25414 4.83914 1.38205 0.70672 -0.20238 -0.24537 0.63196
5.899995804 8.20385 4.85822 1.37647 0.70537 -0.19951 -0.24494 0.63455
5.933329105 8.15336 4.87717 1.37095 0.70397 -0.19667 -0.24447 0.63717
5.966662407 8.10267 4.89599 1.36549 0.70251 -0.19387 -0.24397 0.63982
5.999995708 8.05178 4.91468 1.36010 0.70100 -0.19111 -0.24343 0.64251
6.033329010 8.00070 4.93324 1.35478 0.69945 -0.18839 -0.24285 0.64522
6.066662312 7.94941 4.95167 1.34953 0.69785 -0.18571 -0.24223 0.64796
6.099995613 7.89793 4.96997 1.34435 0.69620 -0.18308 -0.24157 0.65072
6.133328915 7.84626 4.98813 1.33925 0.69452 -0.18049 -0.24086 0.65350
6.166662216 7.79440 5.00616 1.33423 0.69279 -0.17794 -0.24011 0.65629
6.199995518 7.74234 5.02406 1.32929 0.69104 -0.17544 -0.23931 0.65911
6.233328819 7.69009 5.04182 1.32444 0.68925 -0.17298 -0.23846 0.66193
6.266662121 7.63766 5.05945 1.31967 0.68743 -0.17057 -0.23756 0.66477
6.299995422 7.58503 5.07693 1.31498 0.68558 -0.16821 -0.23660 0.66761
6.333328724 7.53222 5.09428 1.31039 0.68371 -0.16590 -0.23559 0.67045
6.366662025 7.47922 5.11150 1.30589 0.68183 -0.16363 -0.23453 0.67330
6.399995327 7.42604 5.12857 1.30149 0.67992 -0.16141 -0.23341 0.67614
6.433328629 7.37267 5.14550 1.29718 0.67800 -0.15924 -0.23224 0.67899
6.466661930 7.31913 5.16229 1.29298 0.67607 -0.15712 -0.23100 0.68182
6.499995232 7.26540 5.17894 1.28887 0.67413 -0.15504 -0.22971 0.68464
6.533328533 7.21149 5.19545 1.28487 0.67219 -0.15302 -0.22836 0.68746
6.566661835 7.15741 5.21181 1.28097 0.67025 -0.15104 -0.22695 0.69025
6.599995136 7.10315 5.22803 1.27718 0.66831 -0.14911 -0.22548 0.69303
6.633328438 7.04871 5.24410 1.27350 0.66637 -0.14723 -0.22394 0.69579
6.666661739 6.99411 5.26003 1.26994 0.66444 -0.14540 -0.22235 0.69853
6.699995041 6.93933 5.27581 1.26648 0.66252 -0.14361 -0.22069 0.70124
6.733328342 6.88438 5.29144 1.26314 0.66062 -0.14187 -0.21897 0.70392
6.766661644 6.82926 5.30693 1.25992 0.65873 -0.14018 -0.21719 0.70658
6.799994946 6.77397 5.32227 1.25682 0.65687 -0.13854 -0.21534 0.70920
6.833328247 6.71852 5.33745 1.25383 0.65503 -0.13694 -0.21344 0.71178
6.866661549 6.66290 5.35249 1.25097 0.65321 -0.13538 -0.21147 0.71433
6.899994850 6.60712 5.36738 1.24823 0.65143 -0.13388 -0.20944 0.71683
6.933328152 6.55119 5.38211 1.24562 0.64968 -0.13241 -0.20735 0.71930
6.966661453 6.49509 5.39670 1.24313 0.64797 -0.13099 -0.20520 0.72172
6.999994755 6.43883 5.41113 1.24078 0.64629 -0.12961 -0.20298 0.72409
7.033328056 6.38242 5.42541 1.23855 0.64466 -0.12828 -0.20071 0.72641
7.066661358 6.32585 5.43953 1.23645 0.64307 -0.12699 -0.19838 0.72869
7.099994659 6.26914 5.45350 1.23448 0.64152 -0.12573 -0.19600 0.73091
7.133327961 6.21227 5.46732 1.23265 0.64003 -0.12452 -0.19355 0.73307
7.166661263 6.15525 5.48098 1.23095 0.63859 -0.12335 -0.19106 0.73518
7.199994564 6.09809 5.49449 1.22938 0.63721 -0.12221 -0.18850 0.73722
7.233327866 6.04077 5.50784 1.22795 0.63588 -0.12112 -0.18590 0.73921
7.266661167 5.98332 5.52103 1.22666 0.63461 -0.12005 -0.18324 0.74114
7.299994469 5.92573 5.53407 1.22550 0.63340 -0.11903 -0.18053 0.74299
7.333327770 5.86799 5.54694 1.22448 0.63226 -0.11804 -0.17778 0.74479
7.366661072 5.81012 5.55966 1.22361 0.63118 -0.11708 -0.17498 0.74651
7.399994373 5.75211 5.57223 1.22287 0.63017 -0.11616 -0.17213 0.74817
7.433327675 5.69396 5.58463 1.22227 0.62924 -0.11526 -0.16924 0.74976
7.466660976 5.63568 5.59688 1.22181 0.62837 -0.11440 -0.16631 0.75127
7.499994278 5.57728 5.60896 1.22149 0.62758 -0.11356 -0.16333 0.75271
7.533327579 5.51874 5.62089 1.22132 0.62686 -0.11276 -0.16032 0.75408
7.566660881 5.46007 5.63266 1.22128 0.62622 -0.11198 -0.15728 0.75537
7.599994183 5.40128 5.64426 1.22139 0.62565 -0.11122 -0.15420 0.75658
7.633327484 5.34237 5.65571 1.22164 0.62517 -0.11049 -0.15109 0.75771
7.666660786 5.28333 5.66700 1.22203 0.62476 -0.10979 -0.14795 0.75877
7.699994087 5.22418 5.67812 1.22256 0.62444 -0.10910 -0.14478 0.75974
7.733327389 5.16491 5.68908 1.22324 0.62420 -0.10844 -0.14159 0.76064
7.766660690 5.10552 5.69989 1.22405 0.62404 -0.10779 -0.13838 0.76145
7.799993992 5.04601 5.71053 1.22501 0.62396 -0.10716 -0.13514 0.76219
7.833327293 4.98640 5.72100 1.22611 0.62397 -0.10655 -0.13189 0.76284
7.866660595 4.92667 5.73132 1.22735 0.62406 -0.10596 -0.12862 0.76340
7.899993896 4.86684 5.74147 1.22872 0.62423 -0.10538 -0.12534 0.76389
7.933327198 4.80689 5.75146 1.23024 0.62449 -0.10481 -0.12205 0.76428
7.966660500 4.74685 5.76129 1.23190 0.62484 -0.10425 -0.11875 0.76460
7.999993801 4.68670 5.77096 1.23369 0.62526 -0.10370 -0.11544 0.76483
8.033327103 4.62645 5.78046 1.23563 0.62578 -0.10316 -0.11213 0.76498
8.066660881 4.56609 5.78980 1.23770 0.62637 -0.10263 -0.10882 0.76504
8.099994659 4.50565 5.79897 1.23990 0.62705 -0.10210 -0.10551 0.76502
8.133328438 4.44510 5.80798 1.24224 0.62781 -0.10157 -0.10220 0.76491
8.166662216 4.38446 5.81683 1.24471 0.62866 -0.10105 -0.09890 0.76472
8.199995995 4.32373 5.82551 1.24732 0.62958 -0.10052 -0.09560 0.76445
8.233329773 4.26291 5.83402 1.25006 0.63059 -0.10000 -0.09232 0.76409
8.266663551 4.20200 5.84238 1.25293 0.63167 -0.09947 -0.08905 0.76365
8.299997330 4.14100 5.85056 1.25592 0.63284 -0.09894 -0.08579 0.76313
8.333331108 4.07992 5.85859 1.25905 0.63408 -0.09840 -0.08255 0.76253
8.366664886 4.01876 5.86645 1.26230 0.63539 -0.09786 -0.07933 0.76185
8.399998665 3.95751 5.87414 1.26567 0.63678 -0.09730 -0.07613 0.76108
8.433332443 3.89619 5.88166 1.26917 0.63824 -0.09673 -0.07296 0.76024
8.466666222 3.83479 5.88902 1.27279 0.63977 -0.09616 -0.06981 0.75932
8.500000000 3.77331 5.89622 1.27653 0.64137 -0.09556 -0.06668 0.75833
8.533333778 3.71176 5.90325 1.28039 0.64304 -0.09495 -0.06359 0.75726
8.566667557 3.65014 5.91011 1.28436 0.64477 -0.09433 -0.06053 0.75611
8.600001335 3.58844 5.91681 1.28845 0.64657 -0.09368 -0.05750 0.75490
8.633335114 3.52668 5.92334 1.29266 0.64842 -0.09302 -0.05450 0.75361
8.666668892 3.46485 5.92970 1.29697 0.65034 -0.09233 -0.05154 0.75225
8.700002670 3.40296 5.93590 1.30139 0.65231 -0.09161 -0.04862 0.75083
8.733336449 3.34100 5.94193 1.30591 0.65433 -0.09088 -0.04574 0.74933
8.766670227 3.27898 5.94779 1.31055 0.65641 -0.09011 -0.04290 0.74778
8.800004005 3.21691 5.95349 1.31528 0.65853 -0.08931 -0.04010 0.74616
8.833337784 3.15477 5.95901 1.32011 0.66070 -0.08849 -0.03735 0.74448
8.866671562 3.09258 5.96437 1.32504 0.66292 -0.08763 -0.03464 0.74274
8.900005341 3.03034 5.96957 1.33007 0.66518 -0.08674 -0.03197 0.74094
8.933339119 2.96804 5.97459 1.33519 0.66747 -0.08581 -0.02935 0.73909
8.966672897 2.90569 5.97945 1.34040 0.66980 -0.08485 -0.02678 0.73719
9.000006676 2.84329 5.98414 1.34570 0.67216 -0.08384 -0.02426 0.73524
9.033340454 2.78085 5.98866 1.35108 0.67456 -0.08280 -0.02179 0.73324
9.066674232 2.71836 5.99302 1.35655 0.67698 -0.08172 -0.01936 0.73120
9.100008011 2.65583 5.99720 1.36209 0.67942 -0.08060 -0.01699 0.72911
9.133341789 2.59326 6.00122 1.36772 0.68189 -0.07943 -0.01467 0.72698
9.166675568 2.53064 6.00507 1.37341 0.68437 -0.07821 -0.01240 0.72482
9.200009346 2.46799 6.00875 1.37919 0.68687 -0.07696 -0.01018 0.72262
9.233343124 2.40531 6.01226 1.38503 0.68939 -0.07565 -0.00802 0.72039
9.266676903 2.34258 6.01561 1.39093 0.69191 -0.07430 -0.00590 0.71813
9.300010681 2.27983 6.01878 1.39691 0.69444 -0.07290 -0.00384 0.71584
9.333344460 2.21705 6.02179 1.40294 0.69697 -0.07144 -0.00183 0.71353
9.366678238 2.15423 6.02463 1.40903 0.69950 -0.06994 0.00012 0.71120
9.400012016 2.09139 6.02731 1.41517 0.70203 -0.06839 0.00203 0.70885
9.433345795 2.02852 6.02981 1.42137 0.70455 -0.06678 0.00388 0.70649
9.466679573 1.96563 6.03215 1.42762 0.70707 -0.06512 0.00568 0.70412
9.500013351 1.90272 6.03431 1.43391 0.70957 -0.06341 0.00743 0.70173
9.533347130 1.83979 6.03632 1.44025 0.71206 -0.06164 0.00913 0.69934
9.566680908 1.77684 6.03815 1.44663 0.71454 -0.05982 0.01078 0.69695
9.600014687 1.71387 6.03981 1.45305 0.71699 -0.05795 0.01238 0.69456
9.633348465 1.65088 6.04131 1.45949 0.71942 -0.05602 0.01393 0.69217
9.666682243 1.58789 6.04265 1.46598 0.72182 -0.05404 0.01543 0.68979
9.700016022 1.52488 6.04381 1.47248 0.72420 -0.05200 0.01688 0.68742
9.733349800 1.46186 6.04481 1.47902 0.72654 -0.04991 0.01829 0.68507
9.766683578 1.39884 6.04564 1.48557 0.72885 -0.04776 0.01966 0.68272
9.800017357 1.33581 6.04631 1.49215 0.73112 -0.04555 0.02097 0.68040
9.833351135 1.27277 6.04680 1.49874 0.73336 -0.04330 0.02225 0.67810
9.866684914 1.20973 6.04714 1.50534 0.73555 -0.04099 0.02348 0.67582
9.900018692 1.14670 6.04731 1.51195 0.73770 -0.03863 0.02467 0.67357
9.933352470 1.08366 6.04731 1.51857 0.73980 -0.03621 0.02582 0.67135
9.966686249 1.02062 6.04715 1.52520 0.74185 -0.03374 0.02693 0.66917
10.000020027 0.95759 6.04682 1.53182 0.74386 -0.03122 0.02800 0.66702
10.033353806 0.89456 6.04633 1.53844 0.74580 -0.02866 0.02904 0.66491
10.066687584 0.83154 6.04568 1.54505 0.74770 -0.02604 0.03004 0.66285
10.100021362 0.76853 6.04486 1.55166 0.74953 -0.02337 0.03100 0.66083
10.133355141 0.70553 6.04388 1.55825 0.75131 -0.02066 0.03194 0.65885
10.166688919 0.64255 6.04274 1.56483 0.75302 -0.01790 0.03284 0.65693
10.200022697 0.57957 6.04143 1.57138 0.75467 -0.01510 0.03371 0.65506
10.233356476 0.51662 6.03996 1.57792 0.75626 -0.01225 0.03456 0.65324
10.266690254 0.45368 6.03833 1.58444 0.75778 -0.00936 0.03538 0.65149
10.300024033 0.39075 6.03654 1.59092 0.75923 -0.00644 0.03617 0.64979
10.333357811 0.32785 6.03459 1.59738 0.76061 -0.00347 0.03694 0.64815
10.366691589 0.26497 6.03248 1.60380 0.76192 -0.00047 0.03768 0.64658
10.400025368 0.20212 6.03021 1.61018 0.76315 0.00257 0.03841 0.64507
10.433359146 0.13929 6.02777 1.61653 0.76431 0.00564 0.03911 0.64363
10.466692924 0.07648 6.02518 1.62283 0.76540 0.00875 0.03980 0.64227
10.500026703 0.01371 6.02243 1.62909 0.76640 0.01188 0.04047 0.64097
10.533360481 -0.04904 6.01953 1.63530 0.76734 0.01504 0.04112 0.63975
10.566694260 -0.11175 6.01646 1.64146 0.76819 0.01822 0.04176 0.63860
10.600028038 -0.17443 6.01324 1.64757 0.76896 0.02143 0.04239 0.63753
10.633361816 -0.23708 6.00986 1.65362 0.76965 0.02466 0.04301 0.63654
10.666695595 -0.29969 6.00632 1.65961 0.77026 0.02791 0.04362 0.63563
10.700029373 -0.36226 6.00262 1.66554 0.77079 0.03117 0.04422 0.63479
10.733363152 -0.42480 5.99877 1.67141 0.77123 0.03445 0.04481 0.63404
10.766696930 -0.48729 5.99476 1.67721 0.77159 0.03774 0.04540 0.63337
10.800030708 -0.54974 5.99060 1.68293 0.77187 0.04104 0.04599 0.63279
10.833364487 -0.61215 5.98629 1.68859 0.77206 0.04435 0.04657 0.63228
10.866698265 -0.67452 5.98181 1.69417 0.77217 0.04766 0.04716 0.63187
10.900032043 -0.73684 5.97719 1.69967 0.77220 0.05098 0.04774 0.63153
10.933365822 -0.79911 5.97240 1.70510 0.77214 0.05429 0.04833 0.63128
10.966699600 -0.86133 5.96747 1.71044 0.77199 0.05761 0.04893 0.63112
11.000033379 -0.92350 5.96238 1.71569 0.77177 0.06091 0.04952 0.63104
11.033367157 -0.98562 5.95714 1.72086 0.77145 0.06422 0.05013 0.63105
11.066700935 -1.04769 5.95174 1.72594 0.77106 0.06751 0.05074 0.63114
11.100034714 -1.10970 5.94619 1.73093 0.77058 0.07079 0.05137 0.63132
11.133368492 -1.17166 5.94049 1.73582 0.77001 0.07406 0.05200 0.63158
11.166702271 -1.23356 5.93463 1.74062 0.76937 0.07731 0.05265 0.63192
11.200036049 -1.29540 5.92862 1.74532 0.76864 0.08054 0.05331 0.63235
11.233369827 -1.35717 5.92246 1.74991 0.76783 0.08375 0.05398 0.63286
11.266703606 -1.41889 5.91615 1.75441 0.76694 0.08694 0.05467 0.63345
11.300037384 -1.48054 5.90969 1.75880 0.76597 0.09010 0.05538 0.63412
11.333371162 -1.54213 5.90307 1.76308 0.76492 0.09324 0.05611 0.63487
11.366704941 -1.60366 5.89630 1.76725 0.76379 0.09634 0.05686 0.63570
11.400038719 -1.66511 5.88937 1.77132 0.76258 0.09941 0.05763 0.63660
11.433372498 -1.72650 5.88230 1.77527 0.76130 0.10245 0.05842 0.63758
11.466706276 -1.78781 5.87507 1.77911 0.75994 0.10546 0.05924 0.63864
11.500040054 -1.84906 5.86769 1.78283 0.75851 0.10842 0.06009 0.63976
11.533373833 -1.91023 5.86016 1.78643 0.75701 0.11135 0.06096 0.64095
11.566707611 -1.97132 5.85248 1.78992 0.75544 0.11423 0.06186 0.64222
11.600041389 -2.03234 5.84464 1.79328 0.75379 0.11707 0.06278 0.64354
11.633375168 -2.09328 5.83665 1.79652 0.75208 0.11987 0.06374 0.64494
11.666708946 -2.15414 5.82851 1.79964 0.75030 0.12262 0.06473 0.64639
11.700042725 -2.21492 5.82022 1.80263 0.74846 0.12532 0.06575 0.64790
11.733376503 -2.27562 5.81177 1.80550 0.74656 0.12798 0.06681 0.64947
11.766710281 -2.33623 5.80317 1.80824 0.74459 0.13058 0.06790 0.65109
11.800044060 -2.39676 5.79442 1.81085 0.74257 0.13313 0.06903 0.65277
11.833377838 -2.45720 5.78551 1.81333 0.74048 0.13563 0.07019 0.65449
11.866711617 -2.51756 5.77646 1.81568 0.73835 0.13807 0.07139 0.65627
11.900045395 -2.57782 5.76724 1.81790 0.73616 0.14046 0.07263 0.65808
11.933379173 -2.63799 5.75788 1.81998 0.73391 0.14279 0.07391 0.65994
11.966712952 -2.69807 5.74836 1.82193 0.73162 0.14507 0.07523 0.66183
12.000046730 -2.75805 5.73868 1.82375 0.72929 0.14728 0.07660 0.66376
12.033380508 -2.81794 5.72885 1.82543 0.72690 0.14945 0.07800 0.66573
12.066714287 -2.87773 5.71887 1.82697 0.72448 0.15155 0.07945 0.66772
12.100048065 -2.93741 5.70873 1.82838 0.72202 0.15359 0.08094 0.66974
12.133381844 -2.99700 5.69844 1.82965 0.71952 0.15557 0.08248 0.67178
12.166715622 -3.05648 5.68799 1.83078 0.71698 0.15750 0.08407 0.67384
12.200049400 -3.11586 5.67739 1.83178 0.71442 0.15936 0.08569 0.67592
12.233383179 -3.17513 5.66663 1.83264 0.71182 0.16117 0.08737 0.67801
12.266716957 -3.23430 5.65571 1.83335 0.70920 0.16291 0.08909 0.68012
12.300050735 -3.29335 5.64464 1.83393 0.70655 0.16460 0.09086 0.68223
12.333384514 -3.35229 5.63342 1.83437 0.70388 0.16623 0.09268 0.68435
12.366718292 -3.41112 5.62204 1.83468 0.70119 0.16780 0.09455 0.68646
12.400052071 -3.46984 5.61050 1.83484 0.69849 0.16931 0.09647 0.68858
12.433385849 -3.52843 5.59880 1.83486 0.69577 0.17077 0.09843 0.69069
12.466719627 -3.58691 5.58695 1.83475 0.69304 0.17216 0.10045 0.69279
12.500053406 -3.64527 5.57495 1.83450 0.69031 0.17350 0.10251 0.69488
12.533387184 -3.70350 5.56278 1.83410 0.68757 0.17479 0.10462 0.69696
12.566720963 -3.76161 5.55046 1.83358 0.68482 0.17602 0.10678 0.69902
12.600054741 -3.81960 5.53798 1.83291 0.68208 0.17720 0.10899 0.70106
12.633388519 -3.87746 5.52535 1.83211 0.67934 0.17833 0.11125 0.70308
12.666722298 -3.93518 5.51256 1.83117 0.67661 0.17941 0.11356 0.70507
12.700056076 -3.99278 5.49961 1.83010 0.67388 0.18043 0.11592 0.70703
12.733389854 -4.05024 5.48651 1.82889 0.67117 0.18141 0.11833 0.70896
12.766723633 -4.10757 5.47325 1.82755 0.66847 0.18234 0.12078 0.71085
12.800057411 -4.16477 5.45984 1.82608 0.66579 0.18323 0.12328 0.71271
12.833391190 -4.22182 5.44626 1.82447 0.66313 0.18407 0.12582 0.71452
12.866724968 -4.27874 5.43253 1.82273 0.66050 0.18487 0.12841 0.71630
12.900058746 -4.33551 5.41865 1.82087 0.65788 0.18563 0.13105 0.71802
12.933392525 -4.39214 5.40461 1.81887 0.65530 0.18635 0.13373 0.71970
12.966726303 -4.44862 5.39041 1.81675 0.65275 0.18703 0.13645 0.72133
13.000060081 -4.50496 5.37606 1.81450 0.65023 0.18768 0.13922 0.72290
13.033393860 -4.56114 5.36155 1.81212 0.64775 0.18829 0.14202 0.72442
13.066727638 -4.61718 5.34689 1.80963 0.64531 0.18887 0.14487 0.72589
13.100061417 -4.67306 5.33208 1.80701 0.64291 0.18942 0.14776 0.72729
13.133395195 -4.72879 5.31711 1.80427 0.64056 0.18994 0.15068 0.72863
13.166728973 -4.78436 5.30198 1.80140 0.63825 0.19044 0.15364 0.72991
13.200062752 -4.83978 5.28670 1.79843 0.63599 0.19091 0.15663 0.73112
13.233396530 -4.89503 5.27127 1.79533 0.63378 0.19136 0.15965 0.73227
13.266730309 -4.95012 5.25569 1.79212 0.63162 0.19179 0.16271 0.73335
13.300064087 -5.00505 5.23995 1.78880 0.62952 0.19220 0.16580 0.73435
13.333397865 -5.05982 5.22407 1.78537 0.62748 0.19259 0.16891 0.73529
13.366731644 -5.11442 5.20803 1.78183 0.62550 0.19297 0.17205 0.73615
13.400065422 -5.16885 5.19184 1.77818 0.62358 0.19334 0.17522 0.73693
13.433399200 -5.22310 5.17550 1.77442 0.62172 0.19369 0.17841 0.73764
13.466732979 -5.27719 5.15901 1.77056 0.61993 0.19404 0.18162 0.73828
13.500066757 -5.33111 5.14237 1.76660 0.61821 0.19438 0.18484 0.73883
13.533400536 -5.38485 5.12558 1.76254 0.61655 0.19472 0.18809 0.73931
13.566734314 -5.43841 5.10865 1.75838 0.61497 0.19505 0.19135 0.73970
13.600068092 -5.49179 5.09156 1.75413 0.61346 0.19538 0.19462 0.74001
13.633401871 -5.54500 5.07434 1.74978 0.61202 0.19571 0.19790 0.74025
13.666735649 -5.59802 5.05696 1.74535 0.61066 0.19605 0.20119 0.74040
13.700069427 -5.65086 5.03944 1.74082 0.60937 0.19639 0.20448 0.74047
13.733403206 -5.70351 5.02177 1.73620 0.60816 0.19673 0.20778 0.74045
13.766736984 -5.75598 5.00396 1.73151 0.60702 0.19709 0.21108 0.74035
13.800070763 -5.80826 4.98601 1.72672 0.60597 0.19745 0.21438 0.74017
13.833404541 -5.86035 4.96791 1.72186 0.60500 0.19783 0.21767 0.73991
13.866738319 -5.91225 4.94967 1.71692 0.60410 0.19822 0.22096 0.73956
13.900072098 -5.96396 4.93130 1.71191 0.60329 0.19862 0.22425 0.73912
13.933405876 -6.01547 4.91277 1.70682 0.60256 0.19904 0.22752 0.73861
13.966739655 -6.06679 4.89411 1.70166 0.60191 0.19948 0.23078 0.73801
14.000073433 -6.11791 4.87532 1.69643 0.60134 0.19994 0.23402 0.73733
14.033407211 -6.16883 4.85638 1.69113 0.60085 0.20042 0.23724 0.73656
14.066740990 -6.21955 4.83730 1.68578 0.60045 0.20093 0.24045 0.73571
14.100074768 -6.27007 4.81809 1.68036 0.60012 0.20146 0.24363 0.73479
14.133408546 -6.32039 4.79874 1.67488 0.59988 0.20201 0.24679 0.73378
14.166742325 -6.37050 4.77926 1.66934 0.59972 0.20259 0.24993 0.73269
14.200076103 -6.42041 4.75964 1.66376 0.59964 0.20320 0.25303 0.73152
14.233409882 -6.47010 4.73988 1.65812 0.59964 0.20384 0.25610 0.73027
14.266743660 -6.51959 4.72000 1.65243 0.59972 0.20451 0.25914 0.72894
14.300077438 -6.56887 4.69998 1.64669 0.59987 0.20522 0.26215 0.72754
14.333411217 -6.61794 4.67983 1.64092 0.60011 0.20595 0.26511 0.72606
14.366744995 -6.66679 4.65955 1.63510 0.60042 0.20672 0.26804 0.72451
14.400078773 -6.71543 4.63914 1.62924 0.60081 0.20753 0.27092 0.72289
14.433412552 -6.76386 4.61860 1.62335 0.60126 0.20837 0.27376 0.72119
14.466746330 -6.81207 4.59793 1.61742 0.60180 0.20925 0.27656 0.71942
14.500080109 -6.86005 4.57713 1.61146 0.60240 0.21017 0.27930 0.71759
14.533413887 -6.90782 4.55620 1.60547 0.60307 0.21113 0.28200 0.71568
14.566747665 -6.95537 4.53515 1.59946 0.60381 0.21213 0.28465 0.71371
14.600081444 -7.00269 4.51397 1.59343 0.60462 0.21317 0.28724 0.71168
14.633415222 -7.04979 4.49267 1.58737 0.60548 0.21425 0.28978 0.70958
14.666749001 -7.09667 4.47124 1.58130 0.60641 0.21538 0.29227 0.70743
14.700082779 -7.14332 4.44969 1.57521 0.60740 0.21654 0.29470 0.70521
14.733416557 -7.18974 4.42802 1.56911 0.60845 0.21776 0.29706 0.70294
14.766750336 -7.23593 4.40622 1.56300 0.60955 0.21902 0.29937 0.70061
14.800084114 -7.28189 4.38430 1.55688 0.61071 0.22032 0.30162 0.69823
14.833417892 -7.32761 4.36227 1.55075 0.61191 0.22167 0.30381 0.69579
14.866751671 -7.37311 4.34011 1.54463 0.61317 0.22306 0.30593 0.69331
14.900085449 -7.41837 4.31783 1.53850 0.61446 0.22451 0.30799 0.69078
14.933419228 -7.46339 4.29544 1.53238 0.61580 0.22600 0.30998 0.68820
14.966753006 -7.50818 4.27292 1.52626 0.61718 0.22753 0.31191 0.68558
15.000086784 -7.55273 4.25029 1.52015 0.61860 0.22912 0.31378 0.68292
15.033420563 -7.59704 4.22754 1.51405 0.62005 0.23075 0.31557 0.68022
15.066754341 -7.64111 4.20468 1.50796 0.62153 0.23244 0.31730 0.67749
15.100088120 -7.68494 4.18170 1.50189 0.62304 0.23417 0.31897 0.67472
15.133421898 -7.72852 4.15861 1.49584 0.62457 0.23595 0.32056 0.67192
15.166755676 -7.77186 4.13540 1.48981 0.62613 0.23778 0.32209 0.66909
15.200089455 -7.81495 4.11208 1.48380 0.62770 0.23966 0.32356 0.66623
15.233423233 -7.85780 4.08865 1.47781 0.62929 0.24159 0.32495 0.66335
15.266757011 -7.90040 4.06511 1.47186 0.63089 0.24357 0.32628 0.66045
15.300090790 -7.94275 4.04146 1.46593 0.63250 0.24559 0.32755 0.65752
15.333424568 -7.98485 4.01770 1.46004 0.63412 0.24767 0.32874 0.65458
15.366758347 -8.02669 3.99382 1.45418 0.63574 0.24979 0.32988 0.65163
15.400092125 -8.06829 3.96984 1.44836 0.63736 0.25197 0.33094 0.64866
15.433425903 -8.10963 3.94576 1.44258 0.63898 0.25419 0.33195 0.64568
15.466759682 -8.15072 3.92156 1.43684 0.64059 0.25646 0.33289 0.64270
15.500093460 -8.19155 3.89726 1.43114 0.64219 0.25877 0.33377 0.63971
15.533427238 -8.23212 3.87285 1.42549 0.64377 0.26114 0.33459 0.63672
15.566761017 -8.27243 3.84834 1.41989 0.64535 0.26355 0.33535 0.63373
15.600094795 -8.31249 3.82373 1.41435 0.64690 0.26600 0.33606 0.63074
15.633428574 -8.35228 3.79901 1.40885 0.64843 0.26850 0.33670 0.62776
15.666762352 -8.39182 3.77419 1.40341 0.64993 0.27105 0.33729 0.62478
15.700096130 -8.43109 3.74927 1.39803 0.65141 0.27364 0.33783 0.62182
15.733429909 -8.47010 3.72425 1.39271 0.65286 0.27627 0.33832 0.61887
15.766763687 -8.50884 3.69913 1.38744 0.65427 0.27894 0.33875 0.61593
15.800097466 -8.54732 3.67391 1.38225 0.65564 0.28166 0.33914 0.61301
15.833431244 -8.58553 3.64859 1.37712 0.65698 0.28441 0.33948 0.61011
15.866765022 -8.62348 3.62318 1.37205 0.65827 0.28721 0.33978 0.60724
15.900098801 -8.66116 3.59767 1.36706 0.65952 0.29004 0.34003 0.60439
15.933432579 -8.69857 3.57206 1.36214 0.66072 0.29291 0.34025 0.60157
15.966766357 -8.73571 3.54636 1.35729 0.66187 0.29581 0.34042 0.59877
16.000099182 -8.77258 3.52056 1.35252 0.66297 0.29875 0.34056 0.59601
16.033432007 -8.80917 3.49467 1.34783 0.66402 0.30172 0.34067 0.59329
16.066764832 -8.84550 3.46869 1.34321 0.66501 0.30472 0.34075 0.59060
16.100097656 -8.88155 3.44262 1.33868 0.66594 0.30775 0.34079 0.58795
16.133430481 -8.91733 3.41646 1.33423 0.66680 0.31081 0.34081 0.58534
16.166763306 -8.95283 3.39021 1.32987 0.66761 0.31389 0.34080 0.58277
16.200096130 -8.98806 3.36387 1.32559 0.66835 0.31701 0.34078 0.58025
16.233428955 -9.02302 3.33744 1.32139 0.66902 0.32014 0.34073 0.57778
16.266761780 -9.05769 3.31092 1.31729 0.66962 0.32330 0.34066 0.57535
16.300094604 -9.09209 3.28432 1.31328 0.67016 0.32647 0.34058 0.57298
16.333427429 -9.12621 3.25763 1.30937 0.67062 0.32967 0.34049 0.57066
16.366760254 -9.16006 3.23086 1.30554 0.67101 0.33288 0.34039 0.56839
16.400093079 -9.19362 3.20401 1.30182 0.67133 0.33610 0.34028 0.56619
16.433425903 -9.22691 3.17707 1.29819 0.67157 0.33934 0.34016 0.56403
16.466758728 -9.25992 3.15005 1.29465 0.67173 0.34258 0.34005 0.56194
16.500091553 -9.29264 3.12295 1.29122 0.67182 0.34584 0.33993 0.55991
16.533424377 -9.32508 3.09577 1.28789 0.67183 0.34910 0.33982 0.55795
16.566757202 -9.35725 3.06851 1.28467 0.67176 0.35236 0.33970 0.55604
16.600090027 -9.38913 3.04117 1.28154 0.67161 0.35563 0.33960 0.55421
16.633422852 -9.42072 3.01376 1.27853 0.67138 0.35889 0.33951 0.55243
16.666755676 -9.45204 2.98626 1.27562 0.67106 0.36216 0.33943 0.55073
16.700088501 -9.48307 2.95869 1.27281 0.67067 0.36541 0.33936 0.54910
16.733421326 -9.51381 2.93105 1.27012 0.67020 0.36866 0.33931 0.54753
16.766754150 -9.54427 2.90333 1.26753 0.66964 0.37191 0.33927 0.54604
16.800086975 -9.57445 2.87554 1.26506 0.66901 0.37513 0.33926 0.54462
16.833419800 -9.60434 2.84767 1.26270 0.66829 0.37835 0.33927 0.54327
16.866752625 -9.63394 2.81974 1.26045 0.66749 0.38155 0.33930 0.54199
16.900085449 -9.66326 2.79173 1.25831 0.66661 0.38473 0.33936 0.54079
16.933418274 -9.69229 2.76365 1.25629 0.66564 0.38789 0.33945 0.53966
16.966751099 -9.72103 2.73550 1.25438 0.66460 0.39103 0.33957 0.53860
17.000083923 -9.74949 2.70728 1.25259 0.66348 0.39414 0.33972 0.53762
17.033416748 -9.77765 2.67900 1.25091 0.66228 0.39722 0.33991 0.53672
17.066749573 -9.80553 2.65064 1.24936 0.66100 0.40028 0.34013 0.53589
17.100082397 -9.83312 2.62222 1.24792 0.65964 0.40330 0.34038 0.53513
17.133415222 -9.86042 2.59374 1.24660 0.65820 0.40628 0.34068 0.53445
17.166748047 -9.88743 2.56518 1.24539 0.65669 0.40924 0.34102 0.53384
17.200080872 -9.91415 2.53656 1.24431 0.65511 0.41215 0.34140 0.53331
17.233413696 -9.94057 2.50788 1.24335 0.65345 0.41502 0.34182 0.53285
17.266746521 -9.96671 2.47914 1.24250 0.65171 0.41785 0.34229 0.53246
17.300079346 -9.99255 2.45033 1.24178 0.64991 0.42063 0.34280 0.53214
17.333412170 -10.01810 2.42145 1.24118 0.64804 0.42337 0.34336 0.53190
17.366744995 -10.04336 2.39252 1.24070 0.64609 0.42605 0.34397 0.53172
17.400077820 -10.06832 2.36352 1.24034 0.64408 0.42869 0.34463 0.53162
17.433410645 -10.09299 2.33447 1.24010 0.64200 0.43127 0.34533 0.53158
17.466743469 -10.11737 2.30535 1.23998 0.63986 0.43380 0.34609 0.53161
17.500076294 -10.14145 2.27618 1.23998 0.63766 0.43627 0.34690 0.53171
17.533409119 -10.16523 2.24694 1.24010 0.63539 0.43869 0.34776 0.53187
17.566741943 -10.18872 2.21765 1.24035 0.63307 0.44104 0.34868 0.53210
17.600074768 -10.21191 2.18829 1.24071 0.63069 0.44334 0.34965 0.53238
17.633407593 -10.23481 2.15889 1.24120 0.62825 0.44557 0.35068 0.53273
17.666740417 -10.25740 2.12942 1.24180 0.62576 0.44774 0.35176 0.53313
17.700073242 -10.27970 2.09990 1.24253 0.62321 0.44984 0.35289 0.53359
17.733406067 -10.30170 2.07032 1.24337 0.62062 0.45187 0.35408 0.53410
17.766738892 -10.32339 2.04068 1.24434 0.61798 0.45384 0.35533 0.53467
17.800071716 -10.34479 2.01099 1.24542 0.61529 0.45574 0.35663 0.53528
17.833404541 -10.36589 1.98125 1.24662 0.61256 0.45757 0.35800 0.53595
17.866737366 -10.38668 1.95145 1.24794 0.60979 0.45933 0.35941 0.53666
17.900070190 -10.40717 1.92160 1.24937 0.60697 0.46102 0.36089 0.53741
17.933403015 -10.42736 1.89170 1.25093 0.60412 0.46263 0.36242 0.53820
17.966735840 -10.44724 1.86174 1.25259 0.60124 0.46418 0.36401 0.53903
18.000068665 -10.46682 1.83173 1.25438 0.59832 0.46565 0.36565 0.53989
18.033401489 -10.48610 1.80167 1.25627 0.59537 0.46704 0.36735 0.54079
18.066734314 -10.50506 1.77156 1.25828 0.59239 0.46837 0.36911 0.54172
18.100067139 -10.52372 1.74140 1.26040 0.58939 0.46962 0.37093 0.54268
18.133399963 -10.54207 1.71119 1.26264 0.58636 0.47079 0.37280 0.54366
18.166732788 -10.56011 1.68093 1.26498 0.58331 0.47189 0.37472 0.54466
18.200065613 -10.57785 1.65062 1.26744 0.58024 0.47292 0.37670 0.54568
18.233398438 -10.59527 1.62026 1.27000 0.57715 0.47388 0.37874 0.54671
18.266731262 -10.61238 1.58986 1.27267 0.57405 0.47476 0.38083 0.54776
18.300064087 -10.62918 1.55941 1.27544 0.57093 0.47557 0.38297 0.54882
18.333396912 -10.64567 1.52891 1.27832 0.56781 0.47631 0.38516 0.54989
18.366729736 -10.66184 1.49836 1.28131 0.56467 0.47698 0.38741 0.55096
18.400062561 -10.67770 1.46777 1.28440 0.56153 0.47757 0.38970 0.55203
18.433395386 -10.69324 1.43714 1.28759 0.55839 0.47810 0.39205 0.55310
18.466728210 -10.70846 1.40646 1.29088 0.55525 0.47856 0.39445 0.55416
18.500061035 -10.72337 1.37574 1.29426 0.55210 0.47895 0.39689 0.55521
18.533393860 -10.73796 1.34497 1.29775 0.54896 0.47928 0.39938 0.55626
18.566726685 -10.75224 1.31416 1.30133 0.54583 0.47954 0.40192 0.55729
18.600059509 -10.76619 1.28331 1.30501 0.54270 0.47974 0.40450 0.55830
18.633392334 -10.77982 1.25242 1.30878 0.53959 0.47988 0.40713 0.55929
18.666725159 -10.79313 1.22149 1.31264 0.53648 0.47996 0.40980 0.56026
18.700057983 -10.80612 1.19052 1.31659 0.53339 0.47998 0.41251 0.56120
18.733390808 -10.81879 1.15951 1.32063 0.53032 0.47995 0.41526 0.56211
18.766723633 -10.83113 1.12847 1.32476 0.52726 0.47986 0.41805 0.56300
18.800056458 -10.84315 1.09738 1.32898 0.52423 0.47972 0.42087 0.56384
18.833389282 -10.85484 1.06626 1.33327 0.52122 0.47953 0.42373 0.56465
18.866722107 -10.86621 1.03511 1.33765 0.51823 0.47929 0.42663 0.56542
18.900054932 -10.87725 1.00392 1.34211 0.51527 0.47901 0.42956 0.56615
18.933387756 -10.88796 0.97269 1.34665 0.51234 0.47868 0.43252 0.56683
18.966720581 -10.89835 0.94143 1.35127 0.50944 0.47832 0.43551 0.56747
19.000053406 -10.90840 0.91014 1.35596 0.50657 0.47791 0.43853 0.56805
19.033386230 -10.91813 0.87882 1.36073 0.50373 0.47747 0.44157 0.56858
19.066719055 -10.92753 0.84747 1.36556 0.50093 0.47700 0.44464 0.56906
19.100051880 -10.93659 0.81609 1.37047 0.49817 0.47649 0.44773 0.56948
19.133384705 -10.94533 0.78468 1.37544 0.49545 0.47596 0.45085 0.56985
19.166717529 -10.95373 0.75324 1.38049 0.49277 0.47540 0.45398 0.57015
19.200050354 -10.96180 0.72177 1.38559 0.49014 0.47482 0.45713 0.57039
19.233383179 -10.96954 0.69028 1.39076 0.48754 0.47422 0.46029 0.57057
19.266716003 -10.97695 0.65877 1.39599 0.48500 0.47361 0.46346 0.57068
19.300048828 -10.98402 0.62723 1.40127 0.48250 0.47298 0.46665 0.57072
19.333381653 -10.99076 0.59567 1.40662 0.48005 0.47234 0.46985 0.57070
19.366714478 -10.99716 0.56408 1.41201 0.47765 0.47169 0.47305 0.57060
19.400047302 -11.00323 0.53248 1.41746 0.47530 0.47104 0.47626 0.57043
19.433380127 -11.00896 0.50085 1.42296 0.47301 0.47038 0.47947 0.57019
19.466712952 -11.01436 0.46921 1.42851 0.47076 0.46972 0.48268 0.56988
19.500045776 -11.01942 0.43755 1.43410 0.46858 0.46907 0.48589 0.56949
19.533378601 -11.02415 0.40587 1.43974 0.46645 0.46842 0.48909 0.56903
19.566711426 -11.02854 0.37417 1.44542 0.46438 0.46778 0.49229 0.56849
19.600044250 -11.03259 0.34246 1.45114 0.46236 0.46715 0.49548 0.56788
19.633377075 -11.03630 0.31074 1.45690 0.46041 0.46654 0.49866 0.56719
19.666709900 -11.03968 0.27901 1.46269 0.45851 0.46594 0.50183 0.56642
19.700042725 -11.04272 0.24726 1.46851 0.45668 0.46537 0.50498 0.56557
19.733375549 -11.04543 0.21551 1.47436 0.45491 0.46481 0.50811 0.56465
19.766708374 -11.04779 0.18374 1.48025 0.45320 0.46428 0.51123 0.56365
19.800041199 -11.04982 0.15197 1.48615 0.45155 0.46378 0.51432 0.56257
19.833374023 -11.05151 0.12019 1.49208 0.44997 0.46331 0.51739 0.56141
19.866706848 -11.05287 0.08840 1.49804 0.44845 0.46287 0.52044 0.56018
19.900039673 -11.05388 0.05661 1.50401 0.44699 0.46246 0.52345 0.55886
19.933372498 -11.05456 0.02482 1.51000 0.44560 0.46209 0.52644 0.55748
19.966705322 -11.05490 -0.00698 1.51600 0.44427 0.46176 0.52939 0.55601
20.000038147 -11.05491 -0.03878 1.52201 0.44301 0.46147 0.53230 0.55448
20.033370972 -11.05457 -0.07058 1.52803 0.44181 0.46122 0.53518 0.55286
20.066703796 -11.05390 -0.10238 1.53406 0.44068 0.46102 0.53802 0.55118
20.100036621 -11.05290 -0.13417 1.54009 0.43961 0.46087 0.54082 0.54942
20.133369446 -11.05155 -0.16597 1.54613 0.43861 0.46076 0.54357 0.54759
20.166702271 -11.04987 -0.19776 1.55216 0.43767 0.46071 0.54628 0.54569
20.200035095 -11.04785 -0.22954 1.55819 0.43679 0.46070 0.54894 0.54372
20.233367920 -11.04550 -0.26132 1.56422 0.43598 0.46076 0.55155 0.54168
20.266700745 -11.04280 -0.29309 1.57023 0.43523 0.46086 0.55411 0.53957
20.300033569 -11.03978 -0.32486 1.57624 0.43454 0.46103 0.55662 0.53740
20.333366394 -11.03641 -0.35661 1.58223 0.43392 0.46125 0.55907 0.53517
20.366699219 -11.03271 -0.38835 1.58821 0.43335 0.46153 0.56146 0.53287
20.400032043 -11.02868 -0.42009 1.59416 0.43285 0.46188 0.56380 0.53052
20.433364868 -11.02431 -0.45181 1.60010 0.43240 0.46228 0.56607 0.52810
20.466697693 -11.01960 -0.48351 1.60601 0.43201 0.46275 0.56828 0.52563
20.500030518 -11.01456 -0.51520 1.61190 0.43168 0.46328 0.57043 0.52310
20.533363342 -11.00919 -0.54688 1.61776 0.43141 0.46388 0.57251 0.52052
20.566696167 -11.00348 -0.57854 1.62359 0.43118 0.46454 0.57452 0.51789
20.600028992 -10.99744 -0.61018 1.62938 0.43102 0.46526 0.57647 0.51521
20.633361816 -10.99107 -0.64180 1.63514 0.43090 0.46605 0.57835 0.51248
20.666694641 -10.98436 -0.67341 1.64086 0.43083 0.46691 0.58015 0.50970
20.700027466 -10.97731 -0.70499 1.64654 0.43081 0.46784 0.58189 0.50688
20.733360291 -10.96994 -0.73655 1.65217 0.43084 0.46883 0.58355 0.50402
20.766693115 -10.96223 -0.76809 1.65776 0.43092 0.46990 0.58514 0.50112
20.800025940 -10.95419 -0.79960 1.66330 0.43103 0.47102 0.58665 0.49819
20.833358765 -10.94582 -0.83109 1.66879 0.43119 0.47222 0.58808 0.49521
20.866691589 -10.93712 -0.86256 1.67423 0.43139 0.47348 0.58944 0.49221
20.900024414 -10.92809 -0.89399 1.67961 0.43162 0.47482 0.59073 0.48917
20.933357239 -10.91873 -0.92540 1.68493 0.43189 0.47621 0.59193 0.48611
20.966690063 -10.90903 -0.95678 1.69019 0.43220 0.47768 0.59306 0.48302
21.000022888 -10.89901 -0.98814 1.69539 0.43253 0.47921 0.59411 0.47991
21.033355713 -10.88866 -1.01946 1.70052 0.43289 0.48081 0.59508 0.47677
21.066688538 -10.87797 -1.05074 1.70559 0.43328 0.48247 0.59597 0.47362
21.100021362 -10.86696 -1.08200 1.71058 0.43369 0.48420 0.59678 0.47045
21.133354187 -10.85562 -1.11322 1.71550 0.43412 0.48599 0.59751 0.46726
21.166687012 -10.84396 -1.14441 1.72035 0.43457 0.48784 0.59816 0.46406
21.200019836 -10.83196 -1.17557 1.72512 0.43504 0.48976 0.59874 0.46086
21.233352661 -10.81964 -1.20668 1.72981 0.43552 0.49174 0.59924 0.45764
21.266685486 -10.80699 -1.23776 1.73442 0.43601 0.49377 0.59966 0.45441
21.300018311 -10.79401 -1.26880 1.73895 0.43651 0.49587 0.60000 0.45119
21.333351135 -10.78071 -1.29981 1.74339 0.43702 0.49803 0.60026 0.44796
21.366683960 -10.76709 -1.33077 1.74775 0.43753 0.50024 0.60046 0.44473
21.400016785 -10.75313 -1.36169 1.75201 0.43803 0.50251 0.60057 0.44151
21.433349609 -10.73886 -1.39257 1.75618 0.43854 0.50483 0.60061 0.43829
21.466682434 -10.72426 -1.42341 1.76026 0.43904 0.50720 0.60059 0.43507
21.500015259 -10.70933 -1.45420 1.76424 0.43953 0.50963 0.60048 0.43187
21.533348083 -10.69408 -1.48495 1.76813 0.44001 0.51211 0.60031 0.42868
21.566680908 -10.67851 -1.51565 1.77191 0.44048 0.51463 0.60008 0.42550
21.600013733 -10.66262 -1.54631 1.77559 0.44093 0.51720 0.59977 0.42233
21.633346558 -10.64640 -1.57692 1.77917 0.44136 0.51982 0.59940 0.41918
21.666679382 -10.62987 -1.60748 1.78265 0.44177 0.52248 0.59896 0.41605
21.700012207 -10.61301 -1.63799 1.78602 0.44215 0.52518 0.59847 0.41294
21.733345032 -10.59583 -1.66845 1.78928 0.44251 0.52792 0.59791 0.40986
21.766677856 -10.57833 -1.69886 1.79243 0.44284 0.53070 0.59730 0.40680
21.800010681 -10.56052 -1.72922 1.79547 0.44313 0.53352 0.59663 0.40376
21.833343506 -10.54238 -1.75953 1.79839 0.44339 0.53637 0.59591 0.40075
21.866676331 -10.52393 -1.78978 1.80120 0.44362 0.53925 0.59514 0.39777
21.900009155 -10.50516 -1.81998 1.80389 0.44380 0.54216 0.59432 0.39482
21.933341980 -10.48608 -1.85013 1.80647 0.44394 0.54510 0.59345 0.39190
21.966674805 -10.46667 -1.88021 1.80893 0.44404 0.54807 0.59254 0.38902
22.000007629 -10.44696 -1.91025 1.81126 0.44409 0.55106 0.59159 0.38617
22.033340454 -10.42693 -1.94022 1.81348 0.44409 0.55408 0.59061 0.38336
22.066673279 -10.40658 -1.97014 1.81557 0.44404 0.55711 0.58958 0.38059
22.100006104 -10.38592 -1.99999 1.81754 0.44394 0.56016 0.58852 0.37786
22.133338928 -10.36495 -2.02979 1.81938 0.44379 0.56323 0.58744 0.37516
22.166671753 -10.34367 -2.05953 1.82110 0.44357 0.56631 0.58632 0.37251
22.200004578 -10.32208 -2.08920 1.82269 0.44330 0.56940 0.58519 0.36990
22.233337402 -10.30018 -2.11882 1.82415 0.44297 0.57249 0.58403 0.36734
22.266670227 -10.27797 -2.14837 1.82548 0.44258 0.57560 0.58285 0.36482
22.300003052 -10.25545 -2.17785 1.82668 0.44212 0.57871 0.58166 0.36234
22.333335876 -10.23262 -2.20727 1.82776 0.44160 0.58182 0.58046 0.35992
22.366668701 -10.20949 -2.23663 1.82870 0.44102 0.58493 0.57924 0.35754
22.400001526 -10.18605 -2.26592 1.82951 0.44037 0.58804 0.57803 0.35521
22.433334351 -10.16230 -2.29515 1.83018 0.43965 0.59114 0.57681 0.35292
22.466667175 -10.13826 -2.32430 1.83073 0.43886 0.59424 0.57559 0.35069
22.500000000 -10.11391 -2.35339 1.83114 0.43800 0.59732 0.57437 0.34851
22.533332825 -10.08925 -2.38242 1.83141 0.43708 0.60039 0.57316 0.34638
22.566665649 -10.06430 -2.41137 1.83155 0.43608 0.60345 0.57196 0.34430
22.599998474 -10.03905 -2.44025 1.83156 0.43501 0.60649 0.57077 0.34228
22.633331299 -10.01349 -2.46906 1.83144 0.43387 0.60952 0.56960 0.34030
22.666664124 -9.98764 -2.49780 1.83117 0.43265 0.61252 0.56845 0.33838
22.699996948 -9.96150 -2.52647 1.83078 0.43137 0.61549 0.56731 0.33652
22.733329773 -9.93505 -2.55507 1.83025 0.43001 0.61844 0.56621 0.33470
22.766662598 -9.90831 -2.58360 1.82958 0.42858 0.62137 0.56513 0.33294
22.799995422 -9.88128 -2.61205 1.82878 0.42708 0.62426 0.56408 0.33124
22.833328247 -9.85395 -2.64043 1.82785 0.42551 0.62712 0.56306 0.32959
22.866661072 -9.82634 -2.66873 1.82678 0.42386 0.62994 0.56208 0.32799
22.899993896 -9.79843 -2.69696 1.82558 0.42215 0.63273 0.56114 0.32645
22.933326721 -9.77023 -2.72512 1.82424 0.42036 0.63547 0.56024 0.32496
22.966659546 -9.74174 -2.75320 1.82277 0.41851 0.63818 0.55938 0.32353
22.999992371 -9.71296 -2.78120 1.82117 0.41659 0.64084 0.55857 0.32215
23.033325195 -9.68390 -2.80912 1.81944 0.41460 0.64345 0.55781 0.32082
23.066658020 -9.65455 -2.83697 1.81757 0.41254 0.64602 0.55710 0.31955
23.099990845 -9.62492 -2.86474 1.81558 0.41041 0.64854 0.55644 0.31833
23.133323669 -9.59500 -2.89243 1.81345 0.40823 0.65100 0.55584 0.31716
23.166656494 -9.56480 -2.92005 1.81120 0.40597 0.65341 0.55529 0.31605
23.199989319 -9.53432 -2.94758 1.80881 0.40366 0.65577 0.55480 0.31499
23.233322144 -9.50355 -2.97504 1.80630 0.40129 0.65807 0.55438 0.31398
23.266654968 -9.47251 -3.00241 1.80367 0.39885 0.66031 0.55401 0.31302
23.299987793 -9.44119 -3.02971 1.80091 0.39636 0.66248 0.55372 0.31211
23.333320618 -9.40959 -3.05692 1.79802 0.39382 0.66460 0.55348 0.31125
23.366653442 -9.37771 -3.08406 1.79502 0.39121 0.66665 0.55332 0.31043
23.399986267 -9.34556 -3.11111 1.79189 0.38856 0.66863 0.55322 0.30967
23.433319092 -9.31313 -3.13808 1.78864 0.38586 0.67055 0.55320 0.30895
23.466651917 -9.28043 -3.16496 1.78527 0.38310 0.67240 0.55324 0.30828
23.499984741 -9.24746 -3.19177 1.78178 0.38030 0.67418 0.55336 0.30765
23.533317566 -9.21421 -3.21849 1.77818 0.37746 0.67588 0.55355 0.30707
23.566650391 -9.18069 -3.24512 1.77446 0.37457 0.67752 0.55381 0.30652
23.599983215 -9.14690 -3.27168 1.77063 0.37165 0.67908 0.55415 0.30602
23.633316040 -9.11284 -3.29814 1.76669 0.36868 0.68056 0.55457 0.30556
23.666648865 -9.07852 -3.32452 1.76264 0.36568 0.68197 0.55506 0.30514
23.699981689 -9.04392 -3.35082 1.75848 0.36264 0.68330 0.55563 0.30476
23.733314514 -9.00906 -3.37703 1.75422 0.35957 0.68455 0.55627 0.30441
23.766647339 -8.97393 -3.40315 1.74985 0.35647 0.68572 0.55699 0.30409
23.799980164 -8.93854 -3.42919 1.74538 0.35335 0.68682 0.55779 0.30381
23.833312988 -8.90288 -3.45514 1.74080 0.35020 0.68783 0.55867 0.30356
23.866645813 -8.86696 -3.48100 1.73613 0.34702 0.68876 0.55962 0.30334
23.899978638 -8.83078 -3.50677 1.73136 0.34383 0.68961 0.56065 0.30314
23.933311462 -8.79433 -3.53246 1.72650 0.34062 0.69038 0.56175 0.30297
23.966644287 -8.75763 -3.55805 1.72154 0.33739 0.69107 0.56293 0.30283
23.999977112 -8.72066 -3.58355 1.71650 0.33414 0.69167 0.56418 0.30271
24.033309937 -8.68343 -3.60896 1.71136 0.33089 0.69220 0.56551 0.30260
24.066642761 -8.64595 -3.63429 1.70614 0.32763 0.69264 0.56692 0.30252
24.099975586 -8.60820 -3.65951 1.70084 0.32436 0.69300 0.56839 0.30245
24.133308411 -8.57020 -3.68465 1.69545 0.32108 0.69327 0.56994 0.30240
24.166641235 -8.53194 -3.70969 1.68998 0.31781 0.69347 0.57156 0.30236
24.199974060 -8.49342 -3.73464 1.68444 0.31453 0.69358 0.57325 0.30232
24.233306885 -8.45465 -3.75950 1.67882 0.31126 0.69361 0.57501 0.30230
24.266639709 -8.41563 -3.78426 1.67313 0.30799 0.69356 0.57684 0.30228
24.299972534 -8.37635 -3.80892 1.66737 0.30472 0.69344 0.57873 0.30226
24.333305359 -8.33681 -3.83349 1.66155 0.30147 0.69323 0.58068 0.30225
24.366638184 -8.29703 -3.85796 1.65566 0.29822 0.69295 0.58270 0.30223
24.399971008 -8.25699 -3.88233 1.64971 0.29499 0.69258 0.58479 0.30221
24.433303833 -8.21670 -3.90661 1.64369 0.29178 0.69215 0.58693 0.30219
24.466636658 -8.17616 -3.93078 1.63763 0.28858 0.69164 0.58913 0.30215
24.499969482 -8.13537 -3.95485 1.63150 0.28539 0.69105 0.59138 0.30211
24.533302307 -8.09433 -3.97883 1.62533 0.28223 0.69039 0.59369 0.30205
24.566635132 -8.05304 -4.00270 1.61911 0.27909 0.68967 0.59605 0.30198
24.599967957 -8.01150 -4.02647 1.61284 0.27598 0.68887 0.59846 0.30189
24.633300781 -7.96972 -4.05013 1.60653 0.27289 0.68801 0.60093 0.30177
24.666633606 -7.92769 -4.07369 1.60018 0.26983 0.68708 0.60343 0.30164
24.699966431 -7.88541 -4.09715 1.59379 0.26680 0.68608 0.60598 0.30148
24.733299255 -7.84289 -4.12050 1.58737 0.26379 0.68503 0.60858 0.30130
24.766632080 -7.80013 -4.14374 1.58092 0.26082 0.68391 0.61121 0.30109
24.799964905 -7.75712 -4.16687 1.57444 0.25789 0.68274 0.61388 0.30084
24.833297729 -7.71386 -4.18990 1.56793 0.25498 0.68152 0.61659 0.30056
24.866630554 -7.67037 -4.21282 1.56141 0.25212 0.68024 0.61933 0.30025
24.899963379 -7.62664 -4.23562 1.55486 0.24929 0.67891 0.62209 0.29990
24.933296204 -7.58266 -4.25832 1.54829 0.24650 0.67753 0.62489 0.29951
24.966629028 -7.53845 -4.28090 1.54172 0.24374 0.67611 0.62771 0.29907
24.999961853 -7.49400 -4.30337 1.53513 0.24103 0.67464 0.63056 0.29860
25.033294678 -7.44931 -4.32573 1.52854 0.23836 0.67313 0.63342 0.29808
25.066627502 -7.40438 -4.34797 1.52194 0.23574 0.67159 0.63630 0.29751
25.099960327 -7.35922 -4.37009 1.51534 0.23315 0.67001 0.63920 0.29689
25.133293152 -7.31382 -4.39210 1.50874 0.23061 0.66840 0.64211 0.29622
25.166625977 -7.26819 -4.41399 1.50215 0.22812 0.66676 0.64503 0.29550
25.199958801 -7.22232 -4.43576 1.49557 0.22567 0.66510 0.64796 0.29473
25.233291626 -7.17622 -4.45741 1.48900 0.22326 0.66341 0.65089 0.29390
25.266624451 -7.12990 -4.47895 1.48244 0.22090 0.66171 0.65383 0.29301
25.299957275 -7.08334 -4.50035 1.47590 0.21859 0.65998 0.65676 0.29207
25.333290100 -7.03656 -4.52164 1.46939 0.21633 0.65825 0.65969 0.29106
25.366622925 -6.98954 -4.54281 1.46289 0.21411 0.65650 0.66262 0.29000
25.399955750 -6.94230 -4.56385 1.45643 0.21194 0.65474 0.66554 0.28888
25.433288574 -6.89484 -4.58476 1.44999 0.20982 0.65298 0.66845 0.28769
25.466621399 -6.84715 -4.60555 1.44359 0.20775 0.65122 0.67134 0.28644
25.499954224 -6.79924 -4.62621 1.43723 0.20573 0.64947 0.67422 0.28513
25.533287048 -6.75110 -4.64675 1.43090 0.20375 0.64771 0.67708 0.28376
25.566619873 -6.70275 -4.66715 1.42462 0.20183 0.64597 0.67992 0.28232
25.599952698 -6.65418 -4.68743 1.41838 0.19995 0.64424 0.68273 0.28082
25.633285522 -6.60539 -4.70758 1.41220 0.19812 0.64252 0.68552 0.27925
25.666618347 -6.55638 -4.72759 1.40606 0.19634 0.64082 0.68828 0.27761
25.699951172 -6.50716 -4.74748 1.39998 0.19460 0.63914 0.69101 0.27591
25.733283997 -6.45773 -4.76723 1.39396 0.19292 0.63749 0.69371 0.27415
25.766616821 -6.40808 -4.78684 1.38800 0.19128 0.63587 0.69637 0.27232
25.799949646 -6.35822 -4.80633 1.38210 0.18968 0.63427 0.69899 0.27043
25.833282471 -6.30815 -4.82568 1.37627 0.18814 0.63271 0.70158 0.26847
25.866615295 -6.25788 -4.84489 1.37051 0.18664 0.63118 0.70412 0.26645
25.899948120 -6.20740 -4.86397 1.36482 0.18519 0.62970 0.70661 0.26437
25.933280945 -6.15671 -4.88291 1.35921 0.18378 0.62825 0.70906 0.26222
25.966613770 -6.10582 -4.90171 1.35368 0.18241 0.62685 0.71146 0.26001
25.999946594 -6.05473 -4.92037 1.34822 0.18109 0.62550 0.71381 0.25774
26.033279419 -6.00344 -4.93890 1.34285 0.17982 0.62420 0.71611 0.25541
26.066612244 -5.95195 -4.95728 1.33757 0.17859 0.62294 0.71835 0.25303
26.099945068 -5.90026 -4.97553 1.33237 0.17739 0.62175 0.72053 0.25058
26.133277893 -5.84838 -4.99363 1.32726 0.17624 0.62061 0.72266 0.24808
26.166610718 -5.79631 -5.01160 1.32225 0.17513 0.61953 0.72472 0.24552
26.199943542 -5.74404 -5.02942 1.31734 0.17406 0.61852 0.72673 0.24292
26.233276367 -5.69158 -5.04709 1.31252 0.17303 0.61756 0.72866 0.24025
26.266609192 -5.63893 -5.06463 1.30780 0.17204 0.61668 0.73054 0.23754
26.299942017 -5.58610 -5.08202 1.30319 0.17108 0.61586 0.73234 0.23478
26.333274841 -5.53308 -5.09927 1.29868 0.17016 0.61511 0.73408 0.23197
26.366607666 -5.47987 -5.11637 1.29428 0.16928 0.61443 0.73575 0.22912
26.399940491 -5.42649 -5.13333 1.28998 0.16843 0.61383 0.73734 0.22623
26.433273315 -5.37292 -5.15014 1.28580 0.16761 0.61330 0.73886 0.22329
26.466606140 -5.31918 -5.16680 1.28174 0.16683 0.61284 0.74031 0.22031
26.499938965 -5.26526 -5.18332 1.27778 0.16607 0.61246 0.74168 0.21730
26.533271790 -5.21116 -5.19969 1.27395 0.16534 0.61216 0.74298 0.21425
26.566604614 -5.15689 -5.21591 1.27023 0.16465 0.61194 0.74419 0.21117
26.599937439 -5.10245 -5.23199 1.26664 0.16398 0.61180 0.74533 0.20805
26.633270264 -5.04783 -5.24791 1.26317 0.16333 0.61174 0.74639 0.20491
26.666603088 -4.99305 -5.26369 1.25982 0.16272 0.61176 0.74737 0.20174
26.699935913 -4.93811 -5.27932 1.25660 0.16212 0.61187 0.74827 0.19855
26.733268738 -4.88299 -5.29480 1.25350 0.16155 0.61206 0.74909 0.19533
26.766601562 -4.82772 -5.31012 1.25053 0.16099 0.61232 0.74982 0.19210
26.799934387 -4.77228 -5.32530 1.24770 0.16046 0.61268 0.75048 0.18885
26.833267212 -4.71669 -5.34033 1.24499 0.15994 0.61311 0.75105 0.18558
26.866600037 -4.66093 -5.35520 1.24242 0.15944 0.61363 0.75153 0.18230
26.899932861 -4.60502 -5.36992 1.23998 0.15896 0.61423 0.75193 0.17901
26.933265686 -4.54895 -5.38450 1.23768 0.15849 0.61492 0.75225 0.17572
26.966598511 -4.49274 -5.39891 1.23551 0.15803 0.61568 0.75248 0.17242
26.999931335 -4.43637 -5.41318 1.23347 0.15758 0.61653 0.75263 0.16911
27.033264160 -4.37985 -5.42729 1.23158 0.15714 0.61746 0.75270 0.16581
27.066596985 -4.32318 -5.44125 1.22982 0.15670 0.61847 0.75268 0.16250
27.099929810 -4.26637 -5.45505 1.22821 0.15627 0.61956 0.75258 0.15920
27.133262634 -4.20942 -5.46870 1.22673 0.15585 0.62073 0.75240 0.15591
27.166595459 -4.15232 -5.48220 1.22539 0.15542 0.62197 0.75213 0.15262
27.199928284 -4.09508 -5.49554 1.22420 0.15500 0.62330 0.75178 0.14935
27.233261108 -4.03770 -5.50872 1.22314 0.15457 0.62469 0.75135 0.14609
27.266593933 -3.98019 -5.52175 1.22223 0.15414 0.62616 0.75084 0.14284
27.299926758 -3.92254 -5.53463 1.22146 0.15371 0.62771 0.75025 0.13961
27.333259583 -3.86475 -5.54734 1.22083 0.15327 0.62932 0.74958 0.13640
27.366592407 -3.80684 -5.55990 1.22035 0.15281 0.63100 0.74883 0.13321
27.399925232 -3.74879 -5.57231 1.22000 0.15235 0.63275 0.74800 0.13005
27.433258057 -3.69061 -5.58455 1.21980 0.15188 0.63456 0.74710 0.12691
27.466590881 -3.63231 -5.59664 1.21975 0.15139 0.63644 0.74612 0.12379
27.499923706 -3.57388 -5.60857 1.21983 0.15089 0.63838 0.74507 0.12071
27.533256531 -3.51533 -5.62034 1.22006 0.15036 0.64038 0.74395 0.11766
27.566589355 -3.45666 -5.63195 1.22043 0.14982 0.64244 0.74276 0.11463
27.599922180 -3.39787 -5.64340 1.22094 0.14926 0.64455 0.74150 0.11165
27.633255005 -3.33896 -5.65470 1.22160 0.14867 0.64671 0.74017 0.10870
27.666587830 -3.27993 -5.66583 1.22239 0.14805 0.64892 0.73877 0.10578
27.699920654 -3.22079 -5.67681 1.22332 0.14741 0.65119 0.73732 0.10291
27.733253479 -3.16153 -5.68762 1.22440 0.14674 0.65349 0.73580 0.10007
27.766586304 -3.10216 -5.69827 1.22561 0.14604 0.65584 0.73422 0.09727
27.799919128 -3.04268 -5.70877 1.22697 0.14531 0.65823 0.73259 0.09452
27.833251953 -2.98310 -5.71910 1.22846 0.14454 0.66066 0.73090 0.09181
27.866584778 -2.92341 -5.72927 1.23009 0.14374 0.66312 0.72915 0.08915
27.899917603 -2.86361 -5.73928 1.23185 0.14290 0.66561 0.72736 0.08653
27.933250427 -2.80371 -5.74912 1.23375 0.14202 0.66814 0.72552 0.08395
27.966583252 -2.74371 -5.75881 1.23578 0.14110 0.67068 0.72363 0.08143
27.999916077 -2.68361 -5.76833 1.23795 0.14014 0.67326 0.72170 0.07895
28.033248901 -2.62341 -5.77769 1.24025 0.13913 0.67585 0.71973 0.07652
28.066581726 -2.56312 -5.78689 1.24267 0.13808 0.67846 0.71772 0.07413
28.099914551 -2.50273 -5.79593 1.24523 0.13698 0.68109 0.71568 0.07180
28.133247375 -2.44225 -5.80480 1.24792 0.13584 0.68373 0.71360 0.06952
28.166580200 -2.38168 -5.81351 1.25073 0.13464 0.68638 0.71150 0.06728
28.199913025 -2.32102 -5.82206 1.25367 0.13340 0.68903 0.70936 0.06510
28.233245850 -2.26027 -5.83044 1.25673 0.13211 0.69169 0.70721 0.06297
28.266578674 -2.19944 -5.83866 1.25991 0.13076 0.69435 0.70503 0.06088
28.299911499 -2.13852 -5.84672 1.26321 0.12936 0.69701 0.70284 0.05885
28.333244324 -2.07752 -5.85461 1.26664 0.12791 0.69966 0.70063 0.05687
28.366577148 -2.01644 -5.86234 1.27017 0.12640 0.70231 0.69841 0.05494
28.399909973 -1.95528 -5.86990 1.27383 0.12484 0.70494 0.69618 0.05306
28.433242798 -1.89405 -5.87730 1.27759 0.12322 0.70756 0.69394 0.05122
28.466575623 -1.83274 -5.88454 1.28147 0.12155 0.71016 0.69170 0.04944
28.499908447 -1.77135 -5.89162 1.28546 0.11982 0.71274 0.68947 0.04771
28.533241272 -1.70990 -5.89853 1.28955 0.11803 0.71530 0.68723 0.04602
28.566574097 -1.64837 -5.90527 1.29376 0.11618 0.71784 0.68501 0.04438
28.599906921 -1.58678 -5.91186 1.29806 0.11428 0.72035 0.68279 0.04279
28.633239746 -1.52512 -5.91828 1.30246 0.11232 0.72283 0.68059 0.04125
28.666572571 -1.46340 -5.92453 1.30697 0.11030 0.72527 0.67840 0.03975
28.699905396 -1.40161 -5.93063 1.31157 0.10823 0.72768 0.67624 0.03829
28.733238220 -1.33976 -5.93656 1.31626 0.10610 0.73006 0.67409 0.03689
28.766571045 -1.27785 -5.94232 1.32105 0.10391 0.73239 0.67197 0.03552
28.799903870 -1.21589 -5.94793 1.32593 0.10166 0.73468 0.66988 0.03420
28.833236694 -1.15387 -5.95337 1.33090 0.09936 0.73692 0.66783 0.03291
28.866569519 -1.09179 -5.95865 1.33595 0.09701 0.73912 0.66580 0.03167
28.899902344 -1.02966 -5.96376 1.34108 0.09460 0.74126 0.66381 0.03047
28.933235168 -0.96748 -5.96872 1.34630 0.09214 0.74336 0.66187 0.02931
28.966567993 -0.90526 -5.97351 1.35159 0.08962 0.74540 0.65996 0.02818
28.999900818 -0.84298 -5.97814 1.35696 0.08705 0.74738 0.65811 0.02709
29.033233643 -0.78066 -5.98261 1.36240 0.08443 0.74931 0.65630 0.02604
29.066566467 -0.71829 -5.98691 1.36791 0.08177 0.75118 0.65454 0.02501
29.099899292 -0.65589 -5.99106 1.37349 0.07905 0.75298 0.65284 0.02403
29.133232117 -0.59344 -5.99504 1.37913 0.07629 0.75472 0.65119 0.02307
29.166564941 -0.53095 -5.99887 1.38484 0.07348 0.75640 0.64960 0.02214
29.199897766 -0.46843 -6.00253 1.39060 0.07063 0.75800 0.64807 0.02125
29.233230591 -0.40586 -6.00604 1.39643 0.06773 0.75954 0.64660 0.02038
29.266563416 -0.34327 -6.00938 1.40231 0.06480 0.76101 0.64520 0.01953
29.299896240 -0.28064 -6.01257 1.40824 0.06183 0.76241 0.64387 0.01871
29.333229065 -0.21798 -6.01559 1.41422 0.05882 0.76373 0.64260 0.01792
29.366561890 -0.15529 -6.01846 1.42024 0.05577 0.76498 0.64141 0.01715
29.399894714 -0.09258 -6.02117 1.42631 0.05269 0.76615 0.64029 0.01639
29.433227539 -0.02983 -6.02372 1.43242 0.04958 0.76725 0.63924 0.01566
29.466560364 0.03293 -6.02611 1.43857 0.04644 0.76826 0.63827 0.01495
29.499893188 0.09572 -6.02834 1.44475 0.04327 0.76920 0.63738 0.01425
29.533226013 0.15854 -6.03041 1.45097 0.04008 0.77006 0.63656 0.01357
29.566558838 0.22137 -6.03233 1.45722 0.03687 0.77084 0.63583 0.01290
29.599891663 0.28422 -6.03409 1.46349 0.03363 0.77154 0.63518 0.01225
29.633224487 0.34709 -6.03570 1.46979 0.03038 0.77215 0.63461 0.01161
29.666557312 0.40997 -6.03714 1.47610 0.02711 0.77268 0.63412 0.01098
29.699890137 0.47286 -6.03843 1.48244 0.02383 0.77313 0.63371 0.01035
29.733222961 0.53577 -6.03957 1.48879 0.02053 0.77350 0.63339 0.00974
29.766555786 0.59869 -6.04054 1.49515 0.01723 0.77378 0.63315 0.00912
29.799888611 0.66162 -6.04136 1.50153 0.01392 0.77398 0.63300 0.00852
29.833221436 0.72456 -6.04203 1.50791 0.01060 0.77409 0.63294 0.00791
29.866554260 0.78751 -6.04254 1.51429 0.00728 0.77412 0.63296 0.00731
29.899887085 0.85045 -6.04289 1.52068 0.00397 0.77406 0.63306 0.00671
29.933219910 0.91341 -6.04309 1.52706 0.00065 0.77392 0.63325 0.00611
29.966552734 0.97636 -6.04313 1.53344 -0.00265 0.77370 0.63353 0.00550
29.999885559 1.03932 -6.04302 1.53981 -0.00595 0.77339 0.63389 0.00489
30.033218384 1.10227 -6.04275 1.54617 -0.00924 0.77299 0.63433 0.00428
30.066551208 1.16522 -6.04232 1.55252 -0.01252 0.77252 0.63486 0.00365
30.099884033 1.22817 -6.04174 1.55885 -0.01579 0.77196 0.63547 0.00302
30.133216858 1.29112 -6.04101 1.56516 -0.01903 0.77132 0.63616 0.00238
30.166549683 1.35405 -6.04012 1.57146 -0.02226 0.77059 0.63694 0.00173
30.199882507 1.41698 -6.03907 1.57772 -0.02546 0.76979 0.63779 0.00106
30.233215332 1.47990 -6.03787 1.58396 -0.02865 0.76891 0.63872 0.00039
30.266548157 1.54281 -6.03651 1.59017 -0.03180 0.76794 0.63973 -0.00031
30.299880981 1.60571 -6.03500 1.59634 -0.03493 0.76690 0.64082 -0.00102
30.333213806 1.66859 -6.03333 1.60248 -0.03803 0.76578 0.64198 -0.00175
30.366546631 1.73145 -6.03151 1.60859 -0.04109 0.76458 0.64321 -0.00250
30.399879456 1.79430 -6.02953 1.61465 -0.04413 0.76331 0.64451 -0.00327
30.433212280 1.85713 -6.02739 1.62066 -0.04712 0.76197 0.64588 -0.00406
30.466545105 1.91995 -6.02510 1.62663 -0.05008 0.76055 0.64732 -0.00488
30.499877930 1.98274 -6.02265 1.63255 -0.05300 0.75906 0.64883 -0.00572
30.533210754 2.04550 -6.02004 1.63842 -0.05588 0.75751 0.65040 -0.00659
30.566543579 2.10825 -6.01727 1.64424 -0.05871 0.75588 0.65203 -0.00748
30.599876404 2.17096 -6.01435 1.65000 -0.06150 0.75419 0.65371 -0.00841
30.633209229 2.23365 -6.01127 1.65569 -0.06425 0.75244 0.65546 -0.00936
30.666542053 2.29631 -6.00803 1.66133 -0.06695 0.75062 0.65726 -0.01035
30.699874878 2.35894 -6.00464 1.66690 -0.06960 0.74874 0.65910 -0.01137
30.733207703 2.42154 -6.00108 1.67241 -0.07220 0.74680 0.66100 -0.01242
30.766540527 2.48411 -5.99737 1.67785 -0.07475 0.74481 0.66294 -0.01351
30.799873352 2.54663 -5.99350 1.68321 -0.07725 0.74276 0.66493 -0.01464
30.833206177 2.60913 -5.98946 1.68850 -0.07969 0.74065 0.66696 -0.01580
30.866539001 2.67158 -5.98527 1.69372 -0.08209 0.73850 0.66902 -0.01701
30.899871826 2.73400 -5.98092 1.69885 -0.08443 0.73630 0.67112 -0.01825
30.933204651 2.79637 -5.97641 1.70391 -0.08671 0.73405 0.67325 -0.01953
30.966537476 2.85870 -5.97173 1.70888 -0.08894 0.73176 0.67541 -0.02086
30.999870300 2.92098 -5.96690 1.71377 -0.09111 0.72943 0.67759 -0.02223
31.033203125 2.98322 -5.96190 1.71857 -0.09323 0.72706 0.67980 -0.02364
31.066535950 3.04541 -5.95674 1.72329 -0.09529 0.72466 0.68203 -0.02510
31.099868774 3.10755 -5.95142 1.72791 -0.09729 0.72222 0.68427 -0.02660
31.133201599 3.16964 -5.94594 1.73244 -0.09924 0.71975 0.68653 -0.02815
31.166534424 3.23167 -5.94029 1.73688 -0.10113 0.71725 0.68880 -0.02975
31.199867249 3.29365 -5.93448 1.74122 -0.10296 0.71472 0.69107 -0.03140
31.233200073 3.35557 -5.92851 1.74546 -0.10474 0.71218 0.69335 -0.03309
31.266532898 3.41744 -5.92238 1.74960 -0.10646 0.70961 0.69563 -0.03483
31.299865723 3.47924 -5.91608 1.75364 -0.10813 0.70703 0.69791 -0.03662
31.333198547 3.54098 -5.90961 1.75758 -0.10974 0.70443 0.70018 -0.03846
31.366531372 3.60266 -5.90298 1.76141 -0.11129 0.70182 0.70245 -0.04036
31.399864197 3.66427 -5.89619 1.76514 -0.11279 0.69920 0.70470 -0.04230
31.433197021 3.72582 -5.88923 1.76876 -0.11424 0.69658 0.70694 -0.04429
31.466529846 3.78729 -5.88211 1.77227 -0.11564 0.69395 0.70916 -0.04634
31.499862671 3.84870 -5.87482 1.77568 -0.11698 0.69133 0.71136 -0.04843
31.533195496 3.91003 -5.86736 1.77897 -0.11827 0.68870 0.71354 -0.05057
31.566528320 3.97128 -5.85974 1.78215 -0.11952 0.68609 0.71569 -0.05277
31.599861145 4.03246 -5.85196 1.78521 -0.12071 0.68348 0.71782 -0.05502
31.633193970 4.09356 -5.84401 1.78817 -0.12186 0.68088 0.71991 -0.05731
31.666526794 4.15459 -5.83589 1.79100 -0.12296 0.67830 0.72196 -0.05966
31.699859619 4.21552 -5.82760 1.79372 -0.12401 0.67574 0.72398 -0.06206
31.733192444 4.27638 -5.81915 1.79633 -0.12503 0.67320 0.72596 -0.06450
31.766525269 4.33715 -5.81054 1.79881 -0.12600 0.67068 0.72789 -0.06700
31.799858093 4.39783 -5.80176 1.80118 -0.12693 0.66818 0.72978 -0.06954
31.833190918 4.45842 -5.79281 1.80342 -0.12782 0.66572 0.73163 -0.07213
31.866523743 4.51892 -5.78369 1.80555 -0.12867 0.66329 0.73342 -0.07476
31.899856567 4.57932 -5.77441 1.80755 -0.12948 0.66089 0.73516 -0.07744
31.933189392 4.63964 -5.76497 1.80943 -0.13027 0.65853 0.73685 -0.08017
31.966522217 4.69985 -5.75536 1.81120 -0.13101 0.65621 0.73848 -0.08294
31.999855042 4.75996 -5.74558 1.81283 -0.13173 0.65393 0.74004 -0.08575
32.033187866 4.81998 -5.73564 1.81435 -0.13242 0.65170 0.74155 -0.08860
32.066520691 4.87989 -5.72553 1.81574 -0.13308 0.64952 0.74300 -0.09149
32.099853516 4.93969 -5.71526 1.81701 -0.13371 0.64738 0.74438 -0.09442
32.133186340 4.99939 -5.70482 1.81816 -0.13432 0.64530 0.74569 -0.09738
32.166519165 5.05899 -5.69422 1.81918 -0.13491 0.64328 0.74694 -0.10038
32.199851990 5.11847 -5.68345 1.82007 -0.13547 0.64131 0.74812 -0.10342
32.233184814 5.17784 -5.67252 1.82085 -0.13602 0.63940 0.74922 -0.10649
32.266517639 5.23709 -5.66143 1.82149 -0.13655 0.63755 0.75025 -0.10958
32.299850464 5.29623 -5.65017 1.82202 -0.13706 0.63577 0.75121 -0.11271
32.333183289 5.35525 -5.63875 1.82242 -0.13756 0.63405 0.75209 -0.11586
32.366516113 5.41415 -5.62717 1.82269 -0.13805 0.63240 0.75289 -0.11904
32.399848938 5.47294 -5.61542 1.82284 -0.13853 0.63081 0.75362 -0.12223
32.433181763 5.53159 -5.60352 1.82287 -0.13900 0.62930 0.75427 -0.12545
32.466514587 5.59013 -5.59145 1.82277 -0.13946 0.62786 0.75483 -0.12869
32.499847412 5.64853 -5.57923 1.82255 -0.13992 0.62650 0.75532 -0.13195
32.533180237 5.70681 -5.56684 1.82221 -0.14038 0.62521 0.75573 -0.13522
32.566513062 5.76496 -5.55429 1.82174 -0.14083 0.62400 0.75605 -0.13850
32.599845886 5.82298 -5.54159 1.82115 -0.14128 0.62286 0.75629 -0.14179
32.633178711 5.88086 -5.52872 1.82044 -0.14174 0.62181 0.75645 -0.14509
32.666511536 5.93860 -5.51570 1.81961 -0.14220 0.62083 0.75652 -0.14839
32.699844360 5.99621 -5.50252 1.81865 -0.14267 0.61994 0.75651 -0.15170
32.733177185 6.05368 -5.48918 1.81758 -0.14314 0.61912 0.75642 -0.15501
32.766510010 6.11101 -5.47569 1.81639 -0.14362 0.61839 0.75624 -0.15831
32.799842834 6.16820 -5.46204 1.81508 -0.14411 0.61774 0.75598 -0.16161
32.833175659 6.22524 -5.44823 1.81364 -0.14461 0.61718 0.75564 -0.16491
32.866508484 6.28214 -5.43427 1.81210 -0.14513 0.61669 0.75521 -0.16820
32.899841309 6.33889 -5.42016 1.81043 -0.14566 0.61629 0.75469 -0.17147
32.933174133 6.39549 -5.40589 1.80865 -0.14621 0.61598 0.75410 -0.17473
32.966506958 6.45194 -5.39147 1.80675 -0.14677 0.61575 0.75342 -0.17798
32.999839783 6.50824 -5.37689 1.80474 -0.14736 0.61560 0.75266 -0.18121
33.033172607 6.56438 -5.36217 1.80262 -0.14796 0.61553 0.75181 -0.18442
33.066505432 6.62037 -5.34729 1.80039 -0.14859 0.61555 0.75089 -0.18760
33.099838257 6.67620 -5.33227 1.79804 -0.14924 0.61565 0.74988 -0.19076
33.133171082 6.73187 -5.31709 1.79558 -0.14991 0.61583 0.74879 -0.19389
33.166503906 6.78738 -5.30176 1.79302 -0.15061 0.61609 0.74763 -0.19699
33.199836731 6.84273 -5.28629 1.79034 -0.15133 0.61643 0.74638 -0.20007
33.233169556 6.89792 -5.27066 1.78756 -0.15209 0.61685 0.74506 -0.20310
33.266502380 6.95293 -5.25489 1.78468 -0.15287 0.61734 0.74367 -0.20610
33.299835205 7.00779 -5.23897 1.78169 -0.15368 0.61791 0.74220 -0.20907
33.333168030 7.06247 -5.22291 1.77859 -0.15453 0.61856 0.74065 -0.21199
33.366500854 7.11698 -5.20670 1.77540 -0.15541 0.61928 0.73904 -0.21487
33.399833679 7.17132 -5.19034 1.77210 -0.15632 0.62007 0.73735 -0.21770
33.433166504 7.22549 -5.17384 1.76871 -0.15726 0.62093 0.73559 -0.22049
33.466499329 7.27948 -5.15719 1.76522 -0.15824 0.62186 0.73376 -0.22324
33.499832153 7.33330 -5.14041 1.76163 -0.15926 0.62286 0.73187 -0.22593
33.533164978 7.38694 -5.12348 1.75795 -0.16032 0.62392 0.72992 -0.22857
33.566497803 7.44040 -5.10640 1.75418 -0.16141 0.62504 0.72790 -0.23116
33.599830627 7.49367 -5.08919 1.75031 -0.16255 0.62622 0.72581 -0.23370
33.633163452 7.54677 -5.07183 1.74636 -0.16372 0.62746 0.72367 -0.23618
33.666496277 7.59968 -5.05433 1.74232 -0.16493 0.62876 0.72147 -0.23861
33.699829102 7.65240 -5.03670 1.73819 -0.16619 0.63011 0.71922 -0.24097
33.733161926 7.70494 -5.01892 1.73397 -0.16749 0.63151 0.71691 -0.24328
33.766494751 7.75729 -5.00101 1.72968 -0.16883 0.63295 0.71455 -0.24553
33.799827576 7.80945 -4.98295 1.72530 -0.17021 0.63444 0.71214 -0.24772
33.833160400 7.86142 -4.96476 1.72084 -0.17164 0.63598 0.70968 -0.24985
33.866493225 7.91319 -4.94644 1.71631 -0.17312 0.63755 0.70718 -0.25191
33.899826050 7.96477 -4.92797 1.71170 -0.17464 0.63916 0.70463 -0.25391
33.933158875 8.01615 -4.90937 1.70702 -0.17620 0.64080 0.70204 -0.25585
33.966491699 8.06734 -4.89064 1.70226 -0.17782 0.64248 0.69942 -0.25772
33.999824524 8.11833 -4.87177 1.69743 -0.17948 0.64418 0.69675 -0.25953
34.033157349 8.16912 -4.85277 1.69254 -0.18118 0.64590 0.69406 -0.26128
34.066490173 8.21970 -4.83363 1.68758 -0.18294 0.64765 0.69133 -0.26296
34.099822998 8.27008 -4.81436 1.68256 -0.18474 0.64942 0.68857 -0.26458
34.133155823 8.32026 -4.79496 1.67747 -0.18659 0.65120 0.68578 -0.26613
34.166488647 8.37023 -4.77543 1.67232 -0.18848 0.65299 0.68297 -0.26762
34.199821472 8.42000 -4.75576 1.66712 -0.19043 0.65479 0.68014 -0.26905
34.233154297 8.46955 -4.73597 1.66186 -0.19242 0.65660 0.67729 -0.27041
34.266487122 8.51890 -4.71604 1.65655 -0.19447 0.65841 0.67443 -0.27171
34.299819946 8.56803 -4.69599 1.65118 -0.19656 0.66022 0.67154 -0.27295
34.333152771 8.61695 -4.67581 1.64577 -0.19870 0.66203 0.66865 -0.27413
34.366485596 8.66566 -4.65550 1.64030 -0.20088 0.66382 0.66575 -0.27524
34.399818420 8.71415 -4.63507 1.63480 -0.20312 0.66561 0.66284 -0.27630
34.433151245 8.76242 -4.61450 1.62925 -0.20540 0.66739 0.65993 -0.27730
34.466484070 8.81048 -4.59382 1.62365 -0.20773 0.66915 0.65702 -0.27824
34.499816895 8.85832 -4.57300 1.61802 -0.21010 0.67089 0.65411 -0.27912
34.533149719 8.90593 -4.55207 1.61236 -0.21253 0.67260 0.65120 -0.27995
34.566482544 8.95333 -4.53101 1.60666 -0.21499 0.67430 0.64830 -0.28073
34.599815369 9.00050 -4.50982 1.60092 -0.21751 0.67596 0.64541 -0.28146
34.633148193 9.04745 -4.48852 1.59516 -0.22006 0.67759 0.64253 -0.28213
34.666481018 9.09417 -4.46709 1.58937 -0.22267 0.67919 0.63967 -0.28275
34.699813843 9.14067 -4.44555 1.58356 -0.22531 0.68075 0.63682 -0.28333
34.733146667 9.18694 -4.42388 1.57772 -0.22800 0.68227 0.63400 -0.28386
34.766479492 9.23298 -4.40209 1.57186 -0.23073 0.68374 0.63119 -0.28435
34.799812317 9.27878 -4.38019 1.56599 -0.23349 0.68517 0.62841 -0.28480
34.833145142 9.32436 -4.35817 1.56009 -0.23630 0.68656 0.62566 -0.28521
34.866477966 9.36971 -4.33603 1.55419 -0.23915 0.68789 0.62294 -0.28558
34.899810791 9.41482 -4.31377 1.54827 -0.24203 0.68917 0.62025 -0.28591
34.933143616 9.45970 -4.29140 1.54235 -0.24495 0.69040 0.61760 -0.28621
34.966476440 9.50434 -4.26892 1.53642 -0.24790 0.69157 0.61498 -0.28648
34.999809265 9.54875 -4.24632 1.53048 -0.25088 0.69268 0.61241 -0.28672
35.033142090 9.59292 -4.22361 1.52455 -0.25390 0.69373 0.60987 -0.28693
35.066474915 9.63685 -4.20079 1.51861 -0.25695 0.69471 0.60738 -0.28712
35.099807739 9.68054 -4.17786 1.51268 -0.26002 0.69563 0.60494 -0.28728
35.133140564 9.72399 -4.15481 1.50675 -0.26312 0.69649 0.60254 -0.28743
35.166473389 9.76720 -4.13166 1.50083 -0.26625 0.69727 0.60020 -0.28755
35.199806213 9.81017 -4.10840 1.49493 -0.26940 0.69798 0.59791 -0.28766
35.233139038 9.85290 -4.08503 1.48903 -0.27258 0.69863 0.59567 -0.28776
35.266471863 9.89538 -4.06155 1.48315 -0.27577 0.69919 0.59349 -0.28784
35.299804688 9.93762 -4.03797 1.47729 -0.27898 0.69969 0.59136 -0.28792
35.333137512 9.97961 -4.01428 1.47145 -0.28220 0.70011 0.58930 -0.28799
35.366470337 10.02135 -3.99049 1.46563 -0.28544 0.70045 0.58730 -0.28805
35.399803162 10.06285 -3.96659 1.45983 -0.28870 0.70071 0.58536 -0.28812
35.433135986 10.10410 -3.94259 1.45406 -0.29196 0.70089 0.58349 -0.28818
35.466468811 10.14510 -3.91849 1.44833 -0.29523 0.70100 0.58169 -0.28824
35.499801636 10.18585 -3.89429 1.44262 -0.29850 0.70102 0.57995 -0.28831
35.533134460 10.22635 -3.86999 1.43695 -0.30178 0.70097 0.57828 -0.28839
35.566467285 10.26660 -3.84558 1.43132 -0.30506 0.70083 0.57668 -0.28847
35.599800110 10.30660 -3.82108 1.42572 -0.30834 0.70061 0.57516 -0.28856
35.633132935 10.34635 -3.79648 1.42017 -0.31162 0.70031 0.57370 -0.28867
35.666465759 10.38584 -3.77178 1.41466 -0.31489 0.69992 0.57232 -0.28880
35.699798584 10.42508 -3.74699 1.40919 -0.31815 0.69945 0.57102 -0.28893
35.733131409 10.46406 -3.72210 1.40378 -0.32140 0.69891 0.56979 -0.28909
35.766464233 10.50279 -3.69711 1.39841 -0.32465 0.69827 0.56863 -0.28927
35.799797058 10.54126 -3.67203 1.39310 -0.32787 0.69756 0.56755 -0.28947
35.833129883 10.57947 -3.64685 1.38784 -0.33108 0.69676 0.56655 -0.28970
35.866462708 10.61743 -3.62159 1.38264 -0.33427 0.69588 0.56563 -0.28995
35.899795532 10.65513 -3.59623 1.37750 -0.33744 0.69492 0.56478 -0.29023
35.933128357 10.69257 -3.57077 1.37242 -0.34058 0.69388 0.56401 -0.29054
35.966461182 10.72975 -3.54523 1.36740 -0.34370 0.69276 0.56332 -0.29089
35.999794006 10.76667 -3.51960 1.36246 -0.34679 0.69156 0.56271 -0.29126
36.033126831 10.80333 -3.49388 1.35757 -0.34985 0.69029 0.56217 -0.29167
36.066459656 10.83973 -3.46806 1.35276 -0.35288 0.68893 0.56171 -0.29211
36.099792480 10.87586 -3.44216 1.34802 -0.35587 0.68750 0.56133 -0.29259
36.133125305 10.91173 -3.41617 1.34336 -0.35882 0.68599 0.56103 -0.29311
36.166458130 10.94734 -3.39010 1.33877 -0.36174 0.68440 0.56080 -0.29367
36.199790955 10.98268 -3.36393 1.33426 -0.36461 0.68275 0.56064 -0.29427
36.233123779 11.01776 -3.33768 1.32983 -0.36744 0.68102 0.56056 -0.29492
36.266456604 11.05257 -3.31135 1.32548 -0.37022 0.67922 0.56055 -0.29560
36.299789429 11.08711 -3.28493 1.32121 -0.37296 0.67735 0.56062 -0.29633
36.333122253 11.12139 -3.25842 1.31703 -0.37564 0.67541 0.56075 -0.29711
36.366455078 11.15539 -3.23183 1.31294 -0.37828 0.67340 0.56096 -0.29793
36.399787903 11.18913 -3.20516 1.30893 -0.38086 0.67133 0.56123 -0.29880
36.433120728 11.22260 -3.17840 1.30502 -0.38339 0.66920 0.56157 -0.29971
36.466453552 11.25579 -3.15156 1.30120 -0.38586 0.66700 0.56197 -0.30068
36.499786377 11.28872 -3.12464 1.29747 -0.38827 0.66474 0.56244 -0.30169
36.533119202 11.32137 -3.09764 1.29384 -0.39063 0.66243 0.56297 -0.30276
36.566452026 11.35375 -3.07055 1.29030 -0.39292 0.66006 0.56356 -0.30387
36.599784851 11.38585 -3.04338 1.28687 -0.39515 0.65763 0.56421 -0.30504
36.633117676 11.41768 -3.01614 1.28353 -0.39731 0.65515 0.56491 -0.30626
36.666450500 11.44923 -2.98881 1.28030 -0.39941 0.65262 0.56567 -0.30753
36.699783325 11.48051 -2.96140 1.27716 -0.40145 0.65004 0.56648 -0.30885
36.733116150 11.51151 -2.93392 1.27414 -0.40342 0.64741 0.56734 -0.31022
36.766448975 11.54223 -2.90635 1.27121 -0.40532 0.64474 0.56824 -0.31165
36.799781799 11.57267 -2.87871 1.26840 -0.40715 0.64203 0.56919 -0.31313
36.833114624 11.60282 -2.85099 1.26569 -0.40891 0.63927 0.57018 -0.31467
36.866447449 11.63270 -2.82319 1.26309 -0.41060 0.63648 0.57121 -0.31625
36.899780273 11.66229 -2.79531 1.26060 -0.41223 0.63365 0.57228 -0.31789
36.933113098 11.69160 -2.76736 1.25823 -0.41378 0.63079 0.57338 -0.31959
36.966445923 11.72063 -2.73933 1.25596 -0.41526 0.62789 0.57451 -0.32134
36.999778748 11.74937 -2.71123 1.25381 -0.41666 0.62497 0.57566 -0.32314
37.033111572 11.77782 -2.68305 1.25178 -0.41800 0.62201 0.57685 -0.32499
37.066444397 11.80598 -2.65479 1.24986 -0.41927 0.61904 0.57805 -0.32690
37.099777222 11.83386 -2.62646 1.24805 -0.42046 0.61604 0.57928 -0.32886
37.133110046 11.86144 -2.59806 1.24636 -0.42158 0.61302 0.58052 -0.33087
37.166442871 11.88873 -2.56958 1.24479 -0.42264 0.60998 0.58177 -0.33293
37.199775696 11.91574 -2.54103 1.24334 -0.42362 0.60693 0.58304 -0.33505
37.233108521 11.94244 -2.51240 1.24201 -0.42453 0.60386 0.58431 -0.33721
37.266441345 11.96886 -2.48370 1.24080 -0.42537 0.60078 0.58558 -0.33943
37.299774170 11.99498 -2.45494 1.23971 -0.42615 0.59769 0.58686 -0.34169
37.333106995 12.02080 -2.42610 1.23874 -0.42686 0.59460 0.58813 -0.34401
37.366439819 12.04632 -2.39719 1.23789 -0.42750 0.59151 0.58940 -0.34637
37.399772644 12.07155 -2.36820 1.23716 -0.42807 0.58841 0.59066 -0.34878
37.433105469 12.09648 -2.33915 1.23656 -0.42859 0.58531 0.59191 -0.35124
37.466438293 12.12110 -2.31003 1.23608 -0.42904 0.58222 0.59314 -0.35374
37.499771118 12.14542 -2.28084 1.23572 -0.42943 0.57913 0.59436 -0.35629
37.533103943 12.16944 -2.25159 1.23549 -0.42975 0.57605 0.59555 -0.35888
37.566436768 12.19316 -2.22226 1.23538 -0.43003 0.57298 0.59672 -0.36152
37.599769592 12.21657 -2.19287 1.23540 -0.43024 0.56992 0.59786 -0.36420
37.633102417 12.23967 -2.16341 1.23554 -0.43040 0.56688 0.59898 -0.36692
37.666435242 12.26247 -2.13389 1.23581 -0.43051 0.56385 0.60006 -0.36968
37.699768066 12.28496 -2.10430 1.23620 -0.43057 0.56085 0.60111 -0.37247
37.733100891 12.30714 -2.07465 1.23671 -0.43057 0.55786 0.60212 -0.37531
37.766433716 12.32901 -2.04493 1.23735 -0.43054 0.55490 0.60308 -0.37818
37.799766541 12.35057 -2.01515 1.23812 -0.43045 0.55196 0.60401 -0.38108
37.833099365 12.37181 -1.98531 1.23901 -0.43033 0.54905 0.60489 -0.38402
37.866432190 12.39275 -1.95541 1.24002 -0.43016 0.54618 0.60572 -0.38699
37.899765015 12.41337 -1.92545 1.24116 -0.42996 0.54333 0.60650 -0.38999
37.933097839 12.43367 -1.89543 1.24243 -0.42973 0.54052 0.60722 -0.39301
37.966430664 12.45366 -1.86535 1.24382 -0.42946 0.53774 0.60789 -0.39607
37.999763489 12.47333 -1.83521 1.24533 -0.42916 0.53500 0.60851 -0.39915
38.033096313 12.49268 -1.80501 1.24696 -0.42883 0.53230 0.60906 -0.40225
38.066429138 12.51171 -1.77476 1.24872 -0.42848 0.52965 0.60955 -0.40537
38.099761963 12.53043 -1.74445 1.25060 -0.42811 0.52703 0.60998 -0.40852
38.133094788 12.54882 -1.71409 1.25261 -0.42771 0.52446 0.61034 -0.41168
38.166427612 12.56690 -1.68367 1.25473 -0.42730 0.52194 0.61064 -0.41486
38.199760437 12.58465 -1.65320 1.25698 -0.42688 0.51947 0.61087 -0.41805
38.233093262 12.60208 -1.62268 1.25934 -0.42645 0.51705 0.61103 -0.42125
38.266426086 12.61919 -1.59211 1.26183 -0.42600 0.51467 0.61112 -0.42447
38.299758911 12.63597 -1.56149 1.26443 -0.42555 0.51236 0.61113 -0.42769
38.333091736 12.65243 -1.53082 1.26715 -0.42510 0.51009 0.61107 -0.43092
38.366424561 12.66856 -1.50010 1.26999 -0.42464 0.50788 0.61094 -0.43415
38.399757385 12.68437 -1.46934 1.27294 -0.42419 0.50573 0.61073 -0.43738
38.433090210 12.69985 -1.43853 1.27601 -0.42375 0.50364 0.61044 -0.44062
38.466423035 12.71500 -1.40767 1.27919 -0.42331 0.50161 0.61008 -0.44385
38.499755859 12.72983 -1.37677 1.28249 -0.42288 0.49964 0.60964 -0.44708
38.533088684 12.74433 -1.34583 1.28590 -0.42246 0.49773 0.60912 -0.45030
38.566421509 12.75850 -1.31484 1.28941 -0.42206 0.49588 0.60852 -0.45351
38.599754333 12.77234 -1.28382 1.29304 -0.42168 0.49410 0.60784 -0.45671
38.633087158 12.78585 -1.25276 1.29677 -0.42131 0.49238 0.60709 -0.45989
38.666419983 12.79904 -1.22165 1.30061 -0.42097 0.49073 0.60625 -0.46306
38.699752808 12.81189 -1.19051 1.30456 -0.42066 0.48914 0.60533 -0.46621
38.733085632 12.82441 -1.15934 1.30861 -0.42037 0.48762 0.60434 -0.46935
38.766418457 12.83661 -1.12813 1.31276 -0.42011 0.48617 0.60327 -0.47245
38.799751282 12.84847 -1.09688 1.31701 -0.41989 0.48479 0.60211 -0.47554
38.833084106 12.86000 -1.06560 1.32136 -0.41969 0.48347 0.60088 -0.47860
38.866416931 12.87119 -1.03429 1.32581 -0.41954 0.48222 0.59957 -0.48162
38.899749756 12.88206 -1.00295 1.33035 -0.41942 0.48104 0.59819 -0.48462
38.933082581 12.89259 -0.97158 1.33499 -0.41934 0.47993 0.59673 -0.48758
38.966415405 12.90279 -0.94018 1.33971 -0.41931 0.47888 0.59519 -0.49051
38.999748230 12.91266 -0.90875 1.34453 -0.41931 0.47791 0.59358 -0.49340
39.033081055 12.92220 -0.87729 1.34943 -0.41937 0.47700 0.59189 -0.49625
39.066413879 12.93140 -0.84581 1.35443 -0.41947 0.47617 0.59013 -0.49905
39.099746704 12.94027 -0.81431 1.35950 0.41962 -0.47540 -0.58830 0.50181
39.133079529 12.94881 -0.78278 1.36465 0.41982 -0.47469 -0.58640 0.50453
39.166412354 12.95701 -0.75123 1.36989 0.42007 -0.47406 -0.58443 0.50720
39.199745178 12.96488 -0.71966 1.37520 0.42038 -0.47349 -0.58240 0.50981
39.233078003 12.97242 -0.68807 1.38059 0.42074 -0.47298 -0.58029 0.51238
39.266410828 12.97962 -0.65646 1.38605 0.42115 -0.47254 -0.57812 0.51489
39.299743652 12.98649 -0.62483 1.39158 0.42162 -0.47217 -0.57589 0.51734
39.333076477 12.99302 -0.59318 1.39718 0.42215 -0.47185 -0.57360 0.51974
39.366409302 12.99922 -0.56152 1.40284 0.42274 -0.47160 -0.57124 0.52207
39.399742126 13.00508 -0.52985 1.40857 0.42339 -0.47141 -0.56883 0.52435
39.433074951 13.01062 -0.49816 1.41436 0.42410 -0.47128 -0.56636 0.52656
39.466407776 13.01581 -0.46646 1.42020 0.42487 -0.47121 -0.56384 0.52871
39.499740601 13.02068 -0.43474 1.42610 0.42570 -0.47119 -0.56127 0.53079
39.533073425 13.02520 -0.40302 1.43206 0.42659 -0.47123 -0.55864 0.53280
39.566406250 13.02940 -0.37128 1.43806 0.42755 -0.47133 -0.55596 0.53475
39.599739075 13.03326 -0.33954 1.44412 0.42857 -0.47147 -0.55324 0.53663
39.633071899 13.03678 -0.30779 1.45022 0.42965 -0.47166 -0.55047 0.53843
39.666404724 13.03998 -0.27604 1.45636 0.43080 -0.47191 -0.54767 0.54017
39.699737549 13.04283 -0.24428 1.46254 0.43201 -0.47219 -0.54482 0.54183
39.733070374 13.04535 -0.21251 1.46876 0.43328 -0.47253 -0.54193 0.54342
39.766403198 13.04754 -0.18074 1.47501 0.43462 -0.47290 -0.53900 0.54493
39.799736023 13.04940 -0.14897 1.48129 0.43602 -0.47332 -0.53604 0.54637
39.833068848 13.05092 -0.11720 1.48760 0.43748 -0.47377 -0.53305 0.54773
39.866401672 13.05210 -0.08542 1.49394 0.43901 -0.47426 -0.53003 0.54902
39.899734497 13.05295 -0.05365 1.50030 0.44060 -0.47478 -0.52698 0.55023
39.933067322 13.05347 -0.02188 1.50668 0.44225 -0.47533 -0.52391 0.55136
39.966400146 13.05365 0.00989 1.51308 0.44396 -0.47591 -0.52081 0.55242
39.999732971 13.05350 0.04166 1.51949 0.44574 -0.47651 -0.51770 0.55339
