0 0 4.5 1 -0.464056 0.428359
2 4 3 1 -1.07475 0.378113
4 2 3 1 -0.411034 0.409948
4 -2 3 1 0.063735 0.315653
2 -4 3 1 0.0142503 0.25765
-2 -4 3 1 -0.228177 0.208462
-4 -2 3 1 -0.45248 0.192391
-4 2 3 1 -0.85111 0.198837
-2 4 3 1 -1.14588 0.241141
2 4 0.5 1 -0.969493 -0.172943
4 2 0.5 1 -0.347221 -0.107121
4 -2 0.5 1 0.0877762 0.000251739
2 -4 0.5 1 0.0333168 0.024419
-2 -4 0.5 1 -0.207906 0.0192602
-4 -2 0.5 1 -0.427227 -0.0011744
-4 2 0.5 1 -0.807477 -0.0556094
-2 4 0.5 1 -1.07443 -0.114353
7 2 3 1 0.142866 0.675661
7 -2 3 1 0.476503 0.414214
7 2 0.5 1 0.198348 -0.16818
7 -2 0.5 1 0.490469 0.00136687
4 0 3.3 1 -0.119504 0.400335
7 0 3.3 1 0.365071 0.57
