0 0 4.5 1 0.0776472 0.391222
2 4 3 1 0.457259 0.266576
4 2 3 1 0.272732 0.223711
4 -2 3 1 -0.00421529 0.190096
2 -4 3 1 -0.182814 0.185994
-2 -4 3 1 -0.352885 0.221797
-4 -2 3 1 -0.265929 0.29019
-4 2 3 1 0.315555 0.380912
-2 4 3 1 0.567565 0.351835
2 4 0.5 1 0.469651 0.0510702
4 2 0.5 1 0.285444 0.0454826
4 -2 0.5 1 0.0111162 0.0235031
2 -4 0.5 1 -0.163401 0.00162754
-2 -4 0.5 1 -0.322536 -0.0362888
-4 -2 0.5 1 -0.227842 -0.0541587
-4 2 0.5 1 0.342375 -0.0171515
-2 4 0.5 1 0.583439 0.0283116
7 2 3 1 0.266807 0.201961
7 -2 3 1 0.0352978 0.174984
7 2 0.5 1 0.277421 0.0543102
7 -2 0.5 1 0.0477481 0.0354085
4 0 3.3 1 0.127981 0.227315
7 0 3.3 1 0.146472 0.20553
