0 0 4.5 1 -0.283868 0.358682
2 4 3 1 -0.366411 0.614081
4 2 3 1 0.37401 0.27604
4 -2 3 1 0.286662 0.064857
2 -4 3 1 0.0656291 0.0306236
-2 -4 3 1 -0.296473 0.0453574
-4 -2 3 1 -0.593687 0.0932953
-4 2 3 1 -1.14948 0.263057
-2 4 3 1 -1.50113 0.517608
2 4 0.5 1 -0.515528 -0.489594
4 2 0.5 1 0.356835 -0.38608
4 -2 0.5 1 0.274545 -0.262778
2 -4 0.5 1 0.0489639 -0.219984
-2 -4 0.5 1 -0.323142 -0.185826
-4 -2 0.5 1 -0.635687 -0.175313
-4 2 0.5 1 -1.25813 -0.195227
-2 4 0.5 1 -1.73949 -0.286848
7 2 3 1 1.32559 0.284149
7 -2 3 1 0.718113 0.0509197
7 2 0.5 1 1.4101 -0.510551
7 -2 0.5 1 0.725678 -0.306128
4 0 3.3 1 0.317528 0.184806
7 0 3.3 1 0.90721 0.179511
