0 0 4.5 1 0.246526 0.54261
2 4 3 1 0.718772 0.353208
4 2 3 1 0.490188 0.318905
4 -2 3 1 0.168597 0.310878
2 -4 3 1 -0.0300938 0.326379
-2 -4 3 1 -0.241471 0.384575
-4 -2 3 1 -0.216307 0.456903
-4 2 3 1 0.412984 0.530315
-2 4 3 1 0.823061 0.464584
2 4 0.5 1 0.675248 0.0836742
4 2 0.5 1 0.464546 0.108536
4 -2 0.5 1 0.156727 0.127999
2 -4 0.5 1 -0.035836 0.131805
-2 -4 0.5 1 -0.239382 0.119142
-4 -2 0.5 1 -0.215054 0.0897664
-4 2 0.5 1 0.361063 0.0323969
-2 4 0.5 1 0.747587 0.03675
7 2 3 1 0.500083 0.291809
7 -2 3 1 0.228616 0.288108
7 2 0.5 1 0.478597 0.118874
7 -2 0.5 1 0.216937 0.134191
4 0 3.3 1 0.320098 0.339034
7 0 3.3 1 0.358254 0.31005
