0 0 4.5 1 -0.131581 0.618977
2 4 3 1 0.516953 0.834099
4 2 3 1 0.787362 0.406423
4 -2 3 1 0.401287 0.242093
2 -4 3 1 0.122481 0.227697
-2 -4 3 1 -0.278864 0.262794
-4 -2 3 1 -0.603003 0.329108
-4 2 3 1 -1.23028 0.57301
-2 4 3 1 -1.51758 0.984984
2 4 0.5 1 0.357958 -0.426844
4 2 0.5 1 0.690541 -0.2261
4 -2 0.5 1 0.362678 -0.0727389
2 -4 0.5 1 0.0975731 -0.0232871
-2 -4 0.5 1 -0.295131 0.0131336
-4 -2 0.5 1 -0.614704 0.0184123
-4 2 0.5 1 -1.22131 -0.0429501
-2 4 0.5 1 -1.4723 -0.242656
7 2 3 1 1.58988 0.340163
7 -2 3 1 0.789023 0.208499
7 2 0.5 1 1.44865 -0.298725
7 -2 0.5 1 0.739736 -0.107903
4 0 3.3 1 0.53542 0.348741
7 0 3.3 1 1.0607 0.304517
