0 0 4.5 1 0.421027 0.418612
2 4 3 1 -0.0330584 0.273619
4 2 3 1 -0.0333568 0.321556
4 -2 3 1 0.480289 0.374287
2 -4 3 1 0.973017 0.330965
-2 -4 3 1 0.959902 0.238268
-4 -2 3 1 0.714508 0.212422
-4 2 3 1 0.370011 0.212674
-2 4 3 1 0.170266 0.228789
2 4 0.5 1 -0.0487426 0.0470387
4 2 0.5 1 -0.0542008 0.0184418
4 -2 0.5 1 0.421143 -0.0717374
2 -4 0.5 1 0.888076 -0.103864
-2 -4 0.5 1 0.90346 -0.0497345
-4 -2 0.5 1 0.678474 -0.00560789
-4 2 0.5 1 0.348523 0.0354642
-2 4 0.5 1 0.153161 0.0497492
7 2 3 1 -0.38754 0.417162
7 -2 3 1 0.178769 0.582662
7 2 0.5 1 -0.397395 0.0039356
7 -2 0.5 1 0.110897 -0.151465
4 0 3.3 1 0.177317 0.388371
7 0 3.3 1 -0.182938 0.544446
