0 0 4.5 1 -0.127753 0.012769
2 4 3 1 -0.515106 -0.0729496
4 2 3 1 -0.310729 -0.0519112
4 -2 3 1 0.136718 -0.068864
2 -4 3 1 0.231607 -0.0964527
-2 -4 3 1 0.110684 -0.122245
-4 -2 3 1 -0.0424018 -0.128525
-4 2 3 1 -0.287802 -0.123287
-2 4 3 1 -0.444428 -0.109026
2 4 0.5 1 -0.543452 -0.34105
4 2 0.5 1 -0.331258 -0.366797
4 -2 0.5 1 0.143588 -0.349966
2 -4 0.5 1 0.241214 -0.319017
-2 -4 0.5 1 0.113866 -0.2894
-4 -2 0.5 1 -0.0441182 -0.281516
-4 2 0.5 1 -0.297508 -0.28576
-2 4 0.5 1 -0.461855 -0.300615
7 2 3 1 -0.335615 0.0255651
7 -2 3 1 0.312019 -0.0104756
7 2 0.5 1 -0.370265 -0.460459
7 -2 0.5 1 0.336684 -0.420382
4 0 3.3 1 -0.0740823 -0.0274357
7 0 3.3 1 0.0145132 0.0545498
