0 0 4.5 1 0.180028 0.356451
2 4 3 1 1.20705 0.356429
4 2 3 1 0.869815 0.207533
4 -2 3 1 0.401095 0.100471
2 -4 3 1 0.132038 0.0648241
-2 -4 3 1 -0.22208 0.0495263
-4 -2 3 1 -0.446944 0.0758653
-4 2 3 1 -0.421094 0.268573
-2 4 3 1 0.549276 0.50968
2 4 0.5 1 1.30929 -0.267305
4 2 0.5 1 0.92386 -0.166463
4 -2 0.5 1 0.429919 -0.142412
2 -4 0.5 1 0.155227 -0.157887
-2 -4 0.5 1 -0.199616 -0.214146
-4 -2 0.5 1 -0.420005 -0.291495
-4 2 0.5 1 -0.362052 -0.513589
-2 4 0.5 1 0.692208 -0.594851
7 2 3 1 1.06748 0.198186
7 -2 3 1 0.589438 0.105936
7 2 0.5 1 1.11597 -0.114603
7 -2 0.5 1 0.617186 -0.109564
4 0 3.3 1 0.581312 0.177385
7 0 3.3 1 0.780265 0.173734
