0 0 4.5 1 -0.0452571 0.131669
2 4 3 1 -0.398646 0.00849493
4 2 3 1 -0.246116 0.0490508
4 -2 3 1 0.190875 0.0842498
2 -4 3 1 0.319434 0.0676827
-2 -4 3 1 0.221022 0.0268313
-4 -2 3 1 0.0746738 0.00368709
-4 2 3 1 -0.158942 -0.0162702
-2 4 3 1 -0.307854 -0.0179598
2 4 0.5 1 -0.385263 -0.224856
4 2 0.5 1 -0.226259 -0.232622
4 -2 0.5 1 0.220271 -0.188162
2 -4 0.5 1 0.345653 -0.153226
-2 -4 0.5 1 0.238993 -0.136631
-4 -2 0.5 1 0.0888798 -0.142241
-4 2 0.5 1 -0.147435 -0.164814
-2 4 0.5 1 -0.296812 -0.188136
7 2 3 1 -0.338403 0.118203
7 -2 3 1 0.310457 0.167156
7 2 0.5 1 -0.311658 -0.306087
7 -2 0.5 1 0.358459 -0.236458
4 0 3.3 1 -0.0272682 0.099294
7 0 3.3 1 -0.0111747 0.190971
