0 0 4.5 1 0.213668 0.414372
2 4 3 1 -0.164864 0.248089
4 2 3 1 -0.106823 0.299266
4 -2 3 1 0.374204 0.388732
2 -4 3 1 0.661423 0.384365
-2 -4 3 1 0.604085 0.311576
-4 -2 3 1 0.425014 0.268058
-4 2 3 1 0.153778 0.231689
-2 4 3 1 -0.0127857 0.224383
2 4 0.5 1 -0.143298 0.0318791
4 2 0.5 1 -0.0806734 0.0184997
4 -2 0.5 1 0.389037 0.0388249
2 -4 0.5 1 0.665344 0.0735814
-2 -4 0.5 1 0.608116 0.0960918
-4 -2 0.5 1 0.431605 0.0927423
-4 2 0.5 1 0.16413 0.0756268
-2 4 0.5 1 0.00109505 0.059042
7 2 3 1 -0.360916 0.365155
7 -2 3 1 0.31273 0.534732
7 2 0.5 1 -0.313241 -0.0357722
7 -2 0.5 1 0.339564 -0.0238399
4 0 3.3 1 0.104852 0.37794
7 0 3.3 1 -0.0844887 0.495277
