0 0 4.5 1 -0.110429 0.652376
2 4 3 1 0.656647 0.849788
4 2 3 1 0.834992 0.428068
4 -2 3 1 0.414036 0.26939
2 -4 3 1 0.128542 0.254984
-2 -4 3 1 -0.27804 0.288737
-4 -2 3 1 -0.605791 0.354256
-4 2 3 1 -1.23904 0.602768
-2 4 3 1 -1.48962 1.03515
2 4 0.5 1 0.475464 -0.410058
4 2 0.5 1 0.728671 -0.197138
4 -2 0.5 1 0.374465 -0.0445934
2 -4 0.5 1 0.10477 0.00282191
-2 -4 0.5 1 -0.290361 0.0350996
-4 -2 0.5 1 -0.609595 0.0356623
-4 2 0.5 1 -1.2026 -0.0408841
-2 4 0.5 1 -1.38602 -0.261724
7 2 3 1 1.60129 0.363522
7 -2 3 1 0.793684 0.237797
7 2 0.5 1 1.44295 -0.254929
7 -2 0.5 1 0.740893 -0.0744778
4 0 3.3 1 0.560549 0.374723
7 0 3.3 1 1.07125 0.33191
