0 0 4.5 1 -0.355604 0.25225
2 4 3 1 -0.707414 0.450322
4 2 3 1 0.129303 0.240083
4 -2 3 1 0.224508 0.0271471
2 -4 3 1 0.0448174 -0.025786
-2 -4 3 1 -0.29143 -0.0394013
-4 -2 3 1 -0.573382 -0.0159836
-4 2 3 1 -1.09124 0.0927256
-2 4 3 1 -1.4404 0.268097
2 4 0.5 1 -0.872554 -0.510227
4 2 0.5 1 0.137091 -0.411541
4 -2 0.5 1 0.234723 -0.306306
2 -4 0.5 1 0.0434233 -0.27766
-2 -4 0.5 1 -0.307703 -0.264116
-4 -2 0.5 1 -0.605995 -0.268581
-4 2 0.5 1 -1.1865 -0.307896
-2 4 0.5 1 -1.65085 -0.38831
7 2 3 1 1.06933 0.353573
7 -2 3 1 0.668395 0.0511419
7 2 0.5 1 1.25271 -0.4989
7 -2 0.5 1 0.714139 -0.327818
4 0 3.3 1 0.190686 0.148238
7 0 3.3 1 0.78613 0.20239
