0 0 4.5 1 -0.153941 0.421736
2 4 3 1 0.093439 0.212984
4 2 3 1 -0.0966809 0.221294
4 -2 3 1 -0.397087 0.254778
2 -4 3 1 -0.602397 0.294724
-2 -4 3 1 -0.691208 0.367469
-4 -2 3 1 -0.334689 0.373744
-4 2 3 1 0.25798 0.278665
-2 4 3 1 0.293644 0.230821
2 4 0.5 1 0.0774395 0.0267776
4 2 0.5 1 -0.107381 0.0475156
4 -2 0.5 1 -0.401633 0.0583538
2 -4 0.5 1 -0.601672 0.0474112
-2 -4 0.5 1 -0.685836 -0.0154568
-4 -2 0.5 1 -0.348431 -0.0752671
-4 2 0.5 1 0.221296 -0.0672408
-2 4 0.5 1 0.265401 -0.023067
7 2 3 1 -0.152015 0.212343
7 -2 3 1 -0.405373 0.23898
7 2 0.5 1 -0.160008 0.06589
7 -2 0.5 1 -0.408964 0.0767668
4 0 3.3 1 -0.236813 0.259751
7 0 3.3 1 -0.271576 0.243878
