0 0 4.5 1 -0.118453 0.314734
2 4 3 1 0.126363 0.116375
4 2 3 1 -0.0556884 0.127161
4 -2 3 1 -0.340282 0.163147
2 -4 3 1 -0.531224 0.202567
-2 -4 3 1 -0.624424 0.26908
-4 -2 3 1 -0.32216 0.273151
-4 2 3 1 0.253126 0.179521
-2 4 3 1 0.310229 0.131625
2 4 0.5 1 0.107598 -0.0659668
4 2 0.5 1 -0.0716719 -0.0405334
4 -2 0.5 1 -0.355685 -0.021579
2 -4 0.5 1 -0.54841 -0.0255041
-2 -4 0.5 1 -0.649212 -0.0785386
-4 -2 0.5 1 -0.357092 -0.143923
-4 2 0.5 1 0.216523 -0.159751
-2 4 0.5 1 0.282448 -0.119862
7 2 3 1 -0.103527 0.11905
7 -2 3 1 -0.342757 0.148121
7 2 0.5 1 -0.116687 -0.0219119
7 -2 0.5 1 -0.355491 -0.00468308
4 0 3.3 1 -0.189258 0.165561
7 0 3.3 1 -0.216794 0.150723
