0 0 4.5 1 0.114895 0.485078
2 4 3 1 0.520226 0.345527
4 2 3 1 0.324377 0.301755
4 -2 3 1 0.0353273 0.27097
2 -4 3 1 -0.149368 0.270054
-2 -4 3 1 -0.33255 0.310406
-4 -2 3 1 -0.262268 0.381314
-4 2 3 1 0.340798 0.475007
-2 4 3 1 0.63118 0.439754
2 4 0.5 1 0.518487 0.114361
4 2 0.5 1 0.32814 0.113695
4 -2 0.5 1 0.0458245 0.0988375
2 -4 0.5 1 -0.132961 0.081729
-2 -4 0.5 1 -0.303117 0.0485369
-4 -2 0.5 1 -0.226363 0.0275567
-4 2 0.5 1 0.348197 0.0466757
-2 4 0.5 1 0.623152 0.0869639
7 2 3 1 0.322168 0.278447
7 -2 3 1 0.0803204 0.254287
7 2 0.5 1 0.325336 0.123065
7 -2 0.5 1 0.0882231 0.109941
4 0 3.3 1 0.172699 0.307898
7 0 3.3 1 0.196205 0.284329
