0 0 4.5 1 0.312325 0.435336
2 4 3 1 -0.0623461 0.106474
4 2 3 1 -0.276473 0.123695
4 -2 3 1 -0.322365 0.287176
2 -4 3 1 0.525421 0.59022
-2 -4 3 1 1.59805 0.539704
-4 -2 3 1 1.1751 0.329126
-4 2 3 1 0.595967 0.179935
-2 4 3 1 0.296671 0.132204
2 4 0.5 1 -0.0376175 -0.141607
4 2 0.5 1 -0.244648 -0.202667
4 -2 0.5 1 -0.257518 -0.379903
2 -4 0.5 1 0.643284 -0.519764
-2 -4 0.5 1 1.69027 -0.247926
-4 -2 0.5 1 1.22541 -0.118003
-4 2 0.5 1 0.623972 -0.0831187
-2 4 0.5 1 0.320164 -0.0950865
7 2 3 1 -0.721825 0.0949855
7 -2 3 1 -1.34507 0.258526
7 2 0.5 1 -0.688478 -0.263752
7 -2 0.5 1 -1.2741 -0.559443
4 0 3.3 1 -0.296666 0.229799
7 0 3.3 1 -0.917645 0.204458
