0 0 4.5 1 -0.27519 0.511469
2 4 3 1 -0.0164706 0.292219
4 2 3 1 -0.227336 0.281538
4 -2 3 1 -0.572447 0.29036
2 -4 3 1 -0.821049 0.321655
-2 -4 3 1 -0.885434 0.421546
-4 -2 3 1 -0.359353 0.466612
-4 2 3 1 0.24297 0.390441
-2 4 3 1 0.222291 0.334586
2 4 0.5 1 -0.00970423 0.0955311
4 2 0.5 1 -0.213563 0.092099
4 -2 0.5 1 -0.54174 0.0629936
2 -4 0.5 1 -0.767167 0.0207074
-2 -4 0.5 1 -0.794176 -0.065782
-4 -2 0.5 1 -0.309007 -0.0718652
-4 2 0.5 1 0.238469 0.0253239
-2 4 0.5 1 0.22 0.0724255
7 2 3 1 -0.303725 0.26385
7 -2 3 1 -0.599384 0.26808
7 2 0.5 1 -0.28979 0.103359
7 -2 0.5 1 -0.573126 0.0811801
4 0 3.3 1 -0.386335 0.311423
7 0 3.3 1 -0.442407 0.287278
