0 0 4.5 1 0.247376 0.469855
2 4 3 1 -0.146896 0.299805
4 2 3 1 -0.0965501 0.35137
4 -2 3 1 0.399497 0.440575
2 -4 3 1 0.715474 0.4336
-2 -4 3 1 0.659555 0.356346
-4 -2 3 1 0.469931 0.312777
-4 2 3 1 0.186632 0.278843
-2 4 3 1 0.0141313 0.273713
2 4 0.5 1 -0.128441 0.0791143
4 2 0.5 1 -0.0747241 0.0628367
4 -2 0.5 1 0.400678 0.0708505
2 -4 0.5 1 0.701391 0.101294
-2 -4 0.5 1 0.651631 0.127982
-4 -2 0.5 1 0.46863 0.129094
-4 2 0.5 1 0.19222 0.117683
-2 4 0.5 1 0.0243284 0.104244
7 2 3 1 -0.371209 0.421714
7 -2 3 1 0.312069 0.599203
7 2 0.5 1 -0.324224 0.0115743
7 -2 0.5 1 0.321278 0.00279514
4 0 3.3 1 0.119239 0.431556
7 0 3.3 1 -0.0976698 0.557226
