0 0 4.5 1 -0.0653202 0.475377
2 4 3 1 -0.12002 0.134446
4 2 3 1 -0.399838 0.184636
4 -2 3 1 -0.878214 0.357857
2 -4 3 1 -1.16017 0.635312
-2 -4 3 1 0.0828166 0.859302
-4 -2 3 1 0.814574 0.421732
-4 2 3 1 0.541285 0.155454
-2 4 3 1 0.26236 0.117406
2 4 0.5 1 -0.144064 -0.0973704
4 2 0.5 1 -0.430331 -0.0790719
4 -2 0.5 1 -0.938595 -0.0841314
2 -4 0.5 1 -1.27993 -0.1618
-2 -4 0.5 1 -0.0450757 -0.442676
-4 -2 0.5 1 0.763776 -0.353512
-4 2 0.5 1 0.514259 -0.1992
-2 4 0.5 1 0.239445 -0.143857
7 2 3 1 -0.640729 0.192105
7 -2 3 1 -1.194 0.345941
7 2 0.5 1 -0.670978 -0.0484676
7 -2 0.5 1 -1.25103 -0.0346915
4 0 3.3 1 -0.573805 0.288408
7 0 3.3 1 -0.850207 0.286555
