0 0 4.5 1 -0.189115 0.481931
2 4 3 1 0.0631685 0.26692
4 2 3 1 -0.133876 0.270791
4 -2 3 1 -0.448261 0.298787
2 -4 3 1 -0.666522 0.337192
-2 -4 3 1 -0.751455 0.41612
-4 -2 3 1 -0.347591 0.429899
-4 2 3 1 0.256823 0.339211
-2 4 3 1 0.276097 0.290243
2 4 0.5 1 0.0524726 0.0764029
4 2 0.5 1 -0.137942 0.0912109
4 -2 0.5 1 -0.441936 0.0920719
2 -4 0.5 1 -0.648814 0.0731132
-2 -4 0.5 1 -0.718231 0.00214018
-4 -2 0.5 1 -0.341248 -0.0473267
-4 2 0.5 1 0.225708 -0.014496
-2 4 0.5 1 0.252386 0.0324014
7 2 3 1 -0.195324 0.26003
7 -2 3 1 -0.461375 0.281708
7 2 0.5 1 -0.197178 0.10843
7 -2 0.5 1 -0.455764 0.111216
4 0 3.3 1 -0.28009 0.307743
7 0 3.3 1 -0.320759 0.290102
