0 0 4.5 1 0.0883029 0.0552982
2 4 3 1 -0.262549 -0.0545637
4 2 3 1 -0.153259 -0.0159982
4 -2 3 1 0.284971 0.0119785
2 -4 3 1 0.464018 -0.012174
-2 -4 3 1 0.386329 -0.0592578
-4 -2 3 1 0.234967 -0.080606
-4 2 3 1 -0.00348302 -0.0924145
-2 4 3 1 -0.152684 -0.0871184
2 4 0.5 1 -0.266299 -0.275839
4 2 0.5 1 -0.152225 -0.291287
4 -2 0.5 1 0.310894 -0.283498
2 -4 0.5 1 0.494213 -0.260747
-2 -4 0.5 1 0.405382 -0.239505
-4 -2 0.5 1 0.246902 -0.236021
-4 2 0.5 1 0.00128065 -0.242059
-2 4 0.5 1 -0.152053 -0.252566
7 2 3 1 -0.301391 0.0595798
7 -2 3 1 0.337866 0.109915
7 2 0.5 1 -0.311371 -0.342324
7 -2 0.5 1 0.382394 -0.336544
4 0 3.3 1 0.0565298 0.0297225
7 0 3.3 1 -0.000288265 0.129897
