0 0 4.5 1 0.38126 0.230858
2 4 3 1 -0.0293625 -0.0415466
4 2 3 1 -0.193099 -0.0134248
4 -2 3 1 -0.0282944 0.140059
2 -4 3 1 0.856545 0.316196
-2 -4 3 1 1.45623 0.217031
-4 -2 3 1 1.08541 0.0883466
-4 2 3 1 0.572277 -0.00608353
-2 4 3 1 0.295908 -0.034866
2 4 0.5 1 -0.0146442 -0.293009
4 2 0.5 1 -0.181873 -0.350906
4 -2 0.5 1 0.0119053 -0.525509
2 -4 0.5 1 1.05324 -0.631507
-2 -4 0.5 1 1.6416 -0.398424
-4 -2 0.5 1 1.17494 -0.290534
-4 2 0.5 1 0.609543 -0.250059
-2 4 0.5 1 0.319921 -0.254914
7 2 3 1 -0.645735 -0.0177663
7 -2 3 1 -0.987916 0.184617
7 2 0.5 1 -0.660423 -0.411886
7 -2 0.5 1 -1.07486 -0.745075
4 0 3.3 1 -0.138819 0.0889045
7 0 3.3 1 -0.747777 0.105034
