0 0 4.5 1 0.272173 0.55668
2 4 3 1 -0.0835215 0.198185
4 2 3 1 -0.323609 0.215396
4 -2 3 1 -0.489298 0.384231
2 -4 3 1 0.259654 0.746681
-2 -4 3 1 1.68443 0.721064
-4 -2 3 1 1.23184 0.451607
-4 2 3 1 0.609179 0.277405
-2 4 3 1 0.295116 0.22539
2 4 0.5 1 -0.0589998 -0.0524164
4 2 0.5 1 -0.286082 -0.109564
4 -2 0.5 1 -0.405082 -0.283299
2 -4 0.5 1 0.343364 -0.455845
-2 -4 0.5 1 1.65494 -0.205373
-4 -2 0.5 1 1.23207 -0.0501549
-4 2 0.5 1 0.622137 -0.00255498
-2 4 0.5 1 0.311557 -0.0105873
7 2 3 1 -0.760821 0.186332
7 -2 3 1 -1.4972 0.344776
7 2 0.5 1 -0.709596 -0.159464
7 -2 0.5 1 -1.34456 -0.417088
4 0 3.3 1 -0.383851 0.3246
7 0 3.3 1 -0.997357 0.294542
