0 0 4.5 1 0.0194533 0.130266
2 4 3 1 0.344532 0.00314084
4 2 3 1 0.172592 -0.0259697
4 -2 3 1 -0.0917207 -0.046283
2 -4 3 1 -0.26374 -0.0441498
-2 -4 3 1 -0.403414 -0.00479288
-4 -2 3 1 -0.2648 0.0526546
-4 2 3 1 0.289314 0.0988559
-2 4 3 1 0.466782 0.0654224
2 4 0.5 1 0.368165 -0.19365
4 2 0.5 1 0.188713 -0.195339
4 -2 0.5 1 -0.0821051 -0.213535
2 -4 0.5 1 -0.257402 -0.235318
-2 -4 0.5 1 -0.39974 -0.278013
-4 -2 0.5 1 -0.253007 -0.299831
-4 2 0.5 1 0.330502 -0.263162
-2 4 0.5 1 0.506306 -0.219427
7 2 3 1 0.155336 -0.0444233
7 -2 3 1 -0.0656404 -0.0611913
7 2 0.5 1 0.168395 -0.18562
7 -2 0.5 1 -0.0571097 -0.200914
4 0 3.3 1 0.0379395 -0.0165321
7 0 3.3 1 0.0428867 -0.0363723
