0 0 4.5 1 0.0418081 0.230727
2 4 3 1 0.387666 0.112188
4 2 3 1 0.213491 0.0753565
4 -2 3 1 -0.0525406 0.0457903
2 -4 3 1 -0.225407 0.0426542
-2 -4 3 1 -0.377002 0.0778608
-4 -2 3 1 -0.262252 0.141168
-4 2 3 1 0.296811 0.212766
-2 4 3 1 0.502002 0.184236
2 4 0.5 1 0.411488 -0.0881954
4 2 0.5 1 0.231962 -0.0944452
4 -2 0.5 1 -0.0371953 -0.118196
2 -4 0.5 1 -0.209912 -0.142252
-2 -4 0.5 1 -0.357263 -0.183962
-4 -2 0.5 1 -0.234114 -0.201236
-4 2 0.5 1 0.338993 -0.156012
-2 4 0.5 1 0.539007 -0.109738
7 2 3 1 0.201478 0.0555454
7 -2 3 1 -0.0208653 0.0313841
7 2 0.5 1 0.216728 -0.0856821
7 -2 0.5 1 -0.00779359 -0.105797
4 0 3.3 1 0.0760675 0.080118
7 0 3.3 1 0.0869472 0.0598376
