0 0 4.5 1 -0.202376 0.257961
2 4 3 1 -0.127737 -0.037838
4 2 3 1 -0.390767 -0.0196468
4 -2 3 1 -0.836556 0.0723627
2 -4 3 1 -1.13683 0.225965
-2 -4 3 1 -0.587503 0.480707
-4 -2 3 1 0.313122 0.304103
-4 2 3 1 0.419833 0.049417
-2 4 3 1 0.215963 -0.0161972
2 4 0.5 1 -0.138438 -0.262556
4 2 0.5 1 -0.414862 -0.261846
4 -2 0.5 1 -0.905444 -0.289165
2 -4 0.5 1 -1.28687 -0.354248
-2 -4 0.5 1 -0.740717 -0.519262
-4 -2 0.5 1 0.344485 -0.451775
-4 2 0.5 1 0.442395 -0.322595
-2 4 0.5 1 0.221264 -0.284305
7 2 3 1 -0.568201 -0.0347643
7 -2 3 1 -1.01507 0.0363804
7 2 0.5 1 -0.596893 -0.248946
7 -2 0.5 1 -1.08301 -0.266064
4 0 3.3 1 -0.565714 0.0500823
7 0 3.3 1 -0.748925 0.0233003
