0 0 4.5 1 -0.299095 0.29795
2 4 3 1 -0.090007 0.0691298
4 2 3 1 -0.320609 0.0482789
4 -2 3 1 -0.710909 0.0507939
2 -4 3 1 -0.998662 0.0956486
-2 -4 3 1 -0.917982 0.271563
-4 -2 3 1 -0.169335 0.327851
-4 2 3 1 0.287156 0.204269
-2 4 3 1 0.18885 0.13026
2 4 0.5 1 -0.0711361 -0.132283
4 2 0.5 1 -0.303686 -0.156031
4 -2 0.5 1 -0.69341 -0.220065
2 -4 0.5 1 -0.978632 -0.295012
-2 -4 0.5 1 -0.880926 -0.396046
-4 -2 0.5 1 -0.111257 -0.309775
-4 2 0.5 1 0.327587 -0.156609
-2 4 0.5 1 0.216273 -0.125941
7 2 3 1 -0.431589 0.0197945
7 -2 3 1 -0.782206 0.0143202
7 2 0.5 1 -0.417963 -0.155927
7 -2 0.5 1 -0.768577 -0.208482
4 0 3.3 1 -0.490781 0.0769765
7 0 3.3 1 -0.588038 0.0407156
