0 0 4.5 1 -0.304912 0.323463
2 4 3 1 -0.0862451 0.0990102
4 2 3 1 -0.313857 0.0770929
4 -2 3 1 -0.698314 0.0761429
2 -4 3 1 -0.982413 0.11552
-2 -4 3 1 -0.929279 0.279952
-4 -2 3 1 -0.205603 0.343818
-4 2 3 1 0.275531 0.23269
-2 4 3 1 0.186913 0.160397
2 4 0.5 1 -0.0664747 -0.100541
4 2 0.5 1 -0.294563 -0.123952
4 -2 0.5 1 -0.67443 -0.186975
2 -4 0.5 1 -0.949768 -0.259805
-2 -4 0.5 1 -0.87313 -0.358877
-4 -2 0.5 1 -0.144587 -0.280171
-4 2 0.5 1 0.31305 -0.127534
-2 4 0.5 1 0.213203 -0.0952096
7 2 3 1 -0.419682 0.0491555
7 -2 3 1 -0.76243 0.0413106
7 2 0.5 1 -0.403384 -0.12331
7 -2 0.5 1 -0.742999 -0.174914
4 0 3.3 1 -0.483013 0.103939
7 0 3.3 1 -0.573944 0.0686325
