0 0 4.5 1 -0.111187 0.284493
2 4 3 1 0.134209 0.0889968
4 2 3 1 -0.0461662 0.0996792
4 -2 3 1 -0.327488 0.135305
2 -4 3 1 -0.51544 0.174063
-2 -4 3 1 -0.609948 0.23924
-4 -2 3 1 -0.320069 0.244162
-4 2 3 1 0.251341 0.152665
-2 4 3 1 0.314114 0.104568
2 4 0.5 1 0.11565 -0.0930541
4 2 0.5 1 -0.0627076 -0.0670743
4 -2 0.5 1 -0.344797 -0.0471167
2 -4 0.5 1 -0.536051 -0.0500098
-2 -4 0.5 1 -0.64072 -0.100902
-4 -2 0.5 1 -0.359002 -0.166341
-4 2 0.5 1 0.216229 -0.186191
-2 4 0.5 1 0.287755 -0.147315
7 2 3 1 -0.0921883 0.0914828
7 -2 3 1 -0.328509 0.120323
7 2 0.5 1 -0.105987 -0.0485922
7 -2 0.5 1 -0.342834 -0.0306437
4 0 3.3 1 -0.1785 0.137666
7 0 3.3 1 -0.204251 0.122846
