0 0 4.5 1 -0.0797297 0.45092
2 4 3 1 -0.122426 0.114534
4 2 3 1 -0.400632 0.162828
4 -2 3 1 -0.875696 0.329818
2 -4 3 1 -1.16065 0.594581
-2 -4 3 1 0.00173599 0.823693
-4 -2 3 1 0.766837 0.407872
-4 2 3 1 0.529299 0.139749
-2 4 3 1 0.256605 0.0997154
2 4 0.5 1 -0.146372 -0.116209
4 2 0.5 1 -0.432271 -0.0982047
4 -2 0.5 1 -0.941402 -0.102441
2 -4 0.5 1 -1.29353 -0.175457
-2 -4 0.5 1 -0.126108 -0.447994
-4 -2 0.5 1 0.727979 -0.367569
-4 2 0.5 1 0.506544 -0.216447
-2 4 0.5 1 0.235558 -0.16192
7 2 3 1 -0.635 0.168644
7 -2 3 1 -1.17577 0.315558
7 2 0.5 1 -0.667191 -0.0686169
7 -2 0.5 1 -1.23898 -0.0551795
4 0 3.3 1 -0.574457 0.263911
7 0 3.3 1 -0.840842 0.259987
