0 0 4.5 1 -0.279889 0.365285
2 4 3 1 -0.346442 0.621995
4 2 3 1 0.386239 0.278687
4 -2 3 1 0.289896 0.0684043
2 -4 3 1 0.0670226 0.0350749
-2 -4 3 1 -0.296202 0.0509947
-4 -2 3 1 -0.594111 0.0999406
-4 2 3 1 -1.15185 0.272472
-2 4 3 1 -1.50348 0.531135
2 4 0.5 1 -0.493367 -0.488332
4 2 0.5 1 0.36735 -0.383262
4 -2 0.5 1 0.276725 -0.258764
2 -4 0.5 1 0.0497724 -0.215376
-2 -4 0.5 1 -0.323061 -0.18047
-4 -2 0.5 1 -0.63603 -0.169475
-4 2 0.5 1 -1.25961 -0.189026
-2 4 0.5 1 -1.7396 -0.282014
7 2 3 1 1.33646 0.282526
7 -2 3 1 0.720415 0.0530458
7 2 0.5 1 1.41416 -0.508237
7 -2 0.5 1 0.725954 -0.302709
4 0 3.3 1 0.32389 0.18805
7 0 3.3 1 0.912635 0.180424
