0 0 4.5 1 -0.109477 0.276953
2 4 3 1 0.136159 0.0821726
4 2 3 1 -0.0438337 0.0927783
4 -2 3 1 -0.324406 0.128247
2 -4 3 1 -0.511669 0.166806
-2 -4 3 1 -0.606523 0.231665
-4 -2 3 1 -0.31961 0.236884
-4 2 3 1 0.250908 0.146041
-2 4 3 1 0.315102 0.0978898
2 4 0.5 1 0.117714 -0.0998617
4 2 0.5 1 -0.0604565 -0.073792
4 -2 0.5 1 -0.342122 -0.0536606
2 -4 0.5 1 -0.533041 -0.0563513
-2 -4 0.5 1 -0.638643 -0.106747
-4 -2 0.5 1 -0.359422 -0.172116
-4 2 0.5 1 0.216262 -0.19281
-2 4 0.5 1 0.289183 -0.15417
7 2 3 1 -0.089413 0.0845416
7 -2 3 1 -0.325067 0.113267
7 2 0.5 1 -0.103321 -0.0553559
7 -2 0.5 1 -0.339731 -0.0372915
4 0 3.3 1 -0.175896 0.130636
7 0 3.3 1 -0.201209 0.115806
