0 0 4.5 1 -0.23703 0.287304
2 4 3 1 -0.691749 0.250782
4 2 3 1 -0.37881 0.236727
4 -2 3 1 0.0928675 0.151575
2 -4 3 1 0.136659 0.115517
-2 -4 3 1 -0.0232156 0.1075
-4 -2 3 1 -0.192414 0.120513
-4 2 3 1 -0.468554 0.158741
-2 4 3 1 -0.650344 0.19796
2 4 0.5 1 -0.717962 -0.0701249
4 2 0.5 1 -0.410628 -0.118726
4 -2 0.5 1 0.0647202 -0.125769
2 -4 0.5 1 0.114817 -0.097213
-2 -4 0.5 1 -0.0393987 -0.0564663
-4 -2 0.5 1 -0.207165 -0.0356961
-4 2 0.5 1 -0.484143 -0.0195326
-2 4 0.5 1 -0.668692 -0.0235635
7 2 3 1 -0.271255 0.33019
7 -2 3 1 0.361868 0.180864
7 2 0.5 1 -0.323376 -0.236454
7 -2 0.5 1 0.319582 -0.210201
4 0 3.3 1 -0.110251 0.226617
7 0 3.3 1 0.109155 0.298073
