0 0 4.5 1 -0.400053 0.224467
2 4 3 1 -0.895909 0.343178
4 2 3 1 -0.0554932 0.243311
4 -2 3 1 0.176179 0.0564677
2 -4 3 1 0.03468 -0.00696653
-2 -4 3 1 -0.274674 -0.0431442
-4 -2 3 1 -0.540666 -0.0407303
-4 2 3 1 -1.02594 0.0189513
-2 4 3 1 -1.36894 0.137355
2 4 0.5 1 -1.00205 -0.492634
4 2 0.5 1 -0.0335321 -0.377849
4 -2 0.5 1 0.201417 -0.272513
2 -4 0.5 1 0.0470381 -0.253499
-2 -4 0.5 1 -0.275967 -0.257696
-4 -2 0.5 1 -0.553387 -0.276075
-4 2 0.5 1 -1.07671 -0.335599
-2 4 0.5 1 -1.48562 -0.417321
7 2 3 1 0.82032 0.445792
7 -2 3 1 0.618289 0.116414
7 2 0.5 1 1.00219 -0.419797
7 -2 0.5 1 0.680047 -0.270255
4 0 3.3 1 0.09205 0.169295
7 0 3.3 1 0.671709 0.27752
