0 0 4.5 1 -0.266289 0.516675
2 4 3 1 -0.00730689 0.297191
4 2 3 1 -0.216803 0.288308
4 -2 3 1 -0.558607 0.299524
2 -4 3 1 -0.803808 0.331683
-2 -4 3 1 -0.872089 0.428435
-4 -2 3 1 -0.361177 0.469274
-4 2 3 1 0.244474 0.391888
-2 4 3 1 0.228741 0.337137
2 4 0.5 1 -0.00266339 0.100759
4 2 0.5 1 -0.204971 0.0996253
4 -2 0.5 1 -0.530194 0.0742666
2 -4 0.5 1 -0.753146 0.0349028
-2 -4 0.5 1 -0.785897 -0.0501314
-4 -2 0.5 1 -0.315068 -0.0626205
-4 2 0.5 1 0.23616 0.0271648
-2 4 0.5 1 0.223463 0.0748052
7 2 3 1 -0.291344 0.27157
7 -2 3 1 -0.583616 0.278021
7 2 0.5 1 -0.279067 0.111796
7 -2 0.5 1 -0.559293 0.0927821
4 0 3.3 1 -0.374546 0.319151
7 0 3.3 1 -0.428606 0.295906
