0 0 4.5 1 0.189483 0.332954
2 4 3 1 1.19688 0.324747
4 2 3 1 0.863348 0.182286
4 -2 3 1 0.399694 0.0793317
2 -4 3 1 0.132715 0.0452694
-2 -4 3 1 -0.217494 0.0320044
-4 -2 3 1 -0.435369 0.0600637
-4 2 3 1 -0.37748 0.252837
-2 4 3 1 0.590385 0.478526
2 4 0.5 1 1.30875 -0.282102
4 2 0.5 1 0.921404 -0.185089
4 -2 0.5 1 0.42938 -0.16167
2 -4 0.5 1 0.155708 -0.176818
-2 -4 0.5 1 -0.196847 -0.232391
-4 -2 0.5 1 -0.412311 -0.309179
-4 2 0.5 1 -0.324695 -0.52812
-2 4 0.5 1 0.742665 -0.600578
7 2 3 1 1.05111 0.171611
7 -2 3 1 0.582852 0.0835578
7 2 0.5 1 1.10372 -0.134901
7 -2 0.5 1 0.611962 -0.129672
4 0 3.3 1 0.578878 0.154275
7 0 3.3 1 0.77054 0.149264
