0 0 4.5 1 -0.165917 0.446146
2 4 3 1 0.083092 0.234902
4 2 3 1 -0.109509 0.241828
4 -2 3 1 -0.414862 0.273647
2 -4 3 1 -0.624711 0.313212
-2 -4 3 1 -0.712267 0.388026
-4 -2 3 1 -0.339208 0.396449
-4 2 3 1 0.258123 0.302532
-2 4 3 1 0.287915 0.254413
2 4 0.5 1 0.0687315 0.0471695
4 2 0.5 1 -0.118024 0.0659753
4 -2 0.5 1 -0.415664 0.0735419
2 -4 0.5 1 -0.618074 0.0599348
-2 -4 0.5 1 -0.697146 -0.00586112
-4 -2 0.5 1 -0.345954 -0.0625629
-4 2 0.5 1 0.222921 -0.0461032
-2 4 0.5 1 0.260859 -0.000836435
7 2 3 1 -0.167015 0.232333
7 -2 3 1 -0.424836 0.257457
7 2 0.5 1 -0.172964 0.0840359
7 -2 0.5 1 -0.425261 0.0922789
4 0 3.3 1 -0.251783 0.279889
7 0 3.3 1 -0.288633 0.26347
