0 0 4.5 1 0.239374 0.458823
2 4 3 1 -0.151254 0.289372
4 2 3 1 -0.0991745 0.340885
4 -2 3 1 0.39355 0.430446
2 -4 3 1 0.702861 0.424244
-2 -4 3 1 0.646595 0.347964
-4 -2 3 1 0.459426 0.304284
-4 2 3 1 0.178913 0.269626
-2 4 3 1 0.00776809 0.263905
2 4 0.5 1 -0.131916 0.0697072
4 2 0.5 1 -0.0761672 0.0541064
4 -2 0.5 1 0.397977 0.0652056
2 -4 0.5 1 0.693026 0.0968461
-2 -4 0.5 1 0.641499 0.122534
-4 -2 0.5 1 0.460008 0.122503
-4 2 0.5 1 0.185679 0.109627
-2 4 0.5 1 0.0189211 0.0953803
7 2 3 1 -0.369289 0.410101
7 -2 3 1 0.312225 0.586194
7 2 0.5 1 -0.321801 0.00202381
7 -2 0.5 1 0.325581 -0.00166606
4 0 3.3 1 0.115705 0.420869
7 0 3.3 1 -0.0949628 0.544591
