0 0 4.5 1 -0.252649 0.222673
2 4 3 1 -0.111497 -0.0432811
4 2 3 1 -0.361567 -0.0468465
4 -2 3 1 -0.785986 -0.00309694
2 -4 3 1 -1.08703 0.0933243
-2 -4 3 1 -0.7878 0.328511
-4 -2 3 1 0.077277 0.284278
-4 2 3 1 0.361281 0.0784271
-2 4 3 1 0.2045 0.00256639
2 4 0.5 1 -0.106795 -0.259765
4 2 0.5 1 -0.366974 -0.27441
4 -2 0.5 1 -0.818842 -0.326041
2 -4 0.5 1 -1.16599 -0.401028
-2 -4 0.5 1 -0.880477 -0.524266
-4 -2 0.5 1 0.119902 -0.430657
-4 2 0.5 1 0.402111 -0.292152
-2 4 0.5 1 0.22568 -0.262581
7 2 3 1 -0.507521 -0.0721411
7 -2 3 1 -0.909787 -0.0443097
7 2 0.5 1 -0.517474 -0.270938
7 -2 0.5 1 -0.942873 -0.312218
4 0 3.3 1 -0.536232 0.00171458
7 0 3.3 1 -0.677446 -0.0340627
