0 0 4.5 1 -0.446793 0.491383
2 4 3 1 -1.04477 0.43055
4 2 3 1 -0.446112 0.455253
4 -2 3 1 0.0581938 0.367476
2 -4 3 1 0.0280236 0.314498
-2 -4 3 1 -0.201565 0.272874
-4 -2 3 1 -0.417732 0.262033
-4 2 3 1 -0.796258 0.274319
-2 4 3 1 -1.07224 0.315096
2 4 0.5 1 -0.935741 -0.074982
4 2 0.5 1 -0.386079 -0.0397834
4 -2 0.5 1 0.0717955 0.0514568
2 -4 0.5 1 0.0393281 0.0800925
-2 -4 0.5 1 -0.185514 0.0851092
-4 -2 0.5 1 -0.394932 0.0727828
-4 2 0.5 1 -0.752516 0.0328098
-2 4 0.5 1 -0.998511 -0.0139835
7 2 3 1 0.0103431 0.691121
7 -2 3 1 0.458796 0.456231
7 2 0.5 1 0.0496959 -0.126113
7 -2 0.5 1 0.450288 0.0341626
4 0 3.3 1 -0.140118 0.451031
7 0 3.3 1 0.308553 0.608693
