0 0 4.5 1 -0.263546 0.392734
2 4 3 1 -0.262995 0.653231
4 2 3 1 0.435442 0.29005
4 -2 3 1 0.303065 0.0839311
2 -4 3 1 0.0729426 0.0541197
-2 -4 3 1 -0.294731 0.0745161
-4 -2 3 1 -0.595454 0.127271
-4 2 3 1 -1.16116 0.31064
-2 4 3 1 -1.51243 0.586086
2 4 0.5 1 -0.401149 -0.483251
4 2 0.5 1 0.409143 -0.370698
4 -2 0.5 1 0.285772 -0.241322
2 -4 0.5 1 0.0535307 -0.195725
-2 -4 0.5 1 -0.322049 -0.158156
-4 -2 0.5 1 -0.636542 -0.145545
-4 2 0.5 1 -1.26381 -0.1644
-2 4 0.5 1 -1.73584 -0.263886
7 2 3 1 1.37842 0.277889
7 -2 3 1 0.729618 0.0633566
7 2 0.5 1 1.42792 -0.496327
7 -2 0.5 1 0.727083 -0.28715
4 0 3.3 1 0.349548 0.202211
7 0 3.3 1 0.933986 0.185904
