0 0 4.5 1 0.133913 0.163898
2 4 3 1 -0.214262 0.0271512
4 2 3 1 -0.126764 0.0734788
4 -2 3 1 0.31698 0.136316
2 -4 3 1 0.527948 0.124601
-2 -4 3 1 0.461654 0.067407
-4 -2 3 1 0.306007 0.0339322
-4 2 3 1 0.062187 0.00585424
-2 4 3 1 -0.0901863 0.00169531
2 4 0.5 1 -0.20052 -0.18588
4 2 0.5 1 -0.106894 -0.195568
4 -2 0.5 1 0.353545 -0.167188
2 -4 0.5 1 0.564891 -0.135124
-2 -4 0.5 1 0.486652 -0.118372
-4 -2 0.5 1 0.324573 -0.123303
-4 2 0.5 1 0.0758593 -0.141598
-2 4 0.5 1 -0.0778106 -0.158905
7 2 3 1 -0.311921 0.139746
7 -2 3 1 0.329065 0.249071
7 2 0.5 1 -0.290458 -0.249777
7 -2 0.5 1 0.386483 -0.217082
4 0 3.3 1 0.0782707 0.136094
7 0 3.3 1 -0.024815 0.237942
