0 0 4.5 1 -0.393047 0.522817
2 4 3 1 -0.957579 0.464559
4 2 3 1 -0.448959 0.471363
4 -2 3 1 0.0684346 0.38291
2 -4 3 1 0.0617185 0.336541
-2 -4 3 1 -0.149824 0.307816
-4 -2 3 1 -0.353898 0.306499
-4 2 3 1 -0.703372 0.330747
-2 4 3 1 -0.951034 0.373255
2 4 0.5 1 -0.876805 0.0140148
4 2 0.5 1 -0.409868 0.0112755
4 -2 0.5 1 0.0650354 0.0718363
2 -4 0.5 1 0.0594518 0.104046
-2 -4 0.5 1 -0.144201 0.123767
-4 -2 0.5 1 -0.341214 0.123994
-4 2 0.5 1 -0.672835 0.105475
-2 4 0.5 1 -0.897007 0.0749834
7 2 3 1 -0.114971 0.655962
7 -2 3 1 0.442502 0.450589
7 2 0.5 1 -0.0980163 -0.100435
7 -2 0.5 1 0.408565 0.0277312
4 0 3.3 1 -0.140105 0.466622
7 0 3.3 1 0.249107 0.596232
