0 0 4.5 1 -0.202531 0.497893
2 4 3 1 0.0730065 0.752772
4 2 3 1 0.607647 0.338767
4 -2 3 1 0.350841 0.151888
2 -4 3 1 0.0966532 0.132243
-2 -4 3 1 -0.286624 0.164118
-4 -2 3 1 -0.597883 0.226847
-4 2 3 1 -1.19362 0.444059
-2 4 3 1 -1.53556 0.782289
2 4 0.5 1 -0.0485709 -0.463564
4 2 0.5 1 0.549494 -0.312329
4 -2 0.5 1 0.320934 -0.16717
2 -4 0.5 1 0.0721742 -0.116584
-2 -4 0.5 1 -0.311802 -0.0745575
-4 -2 0.5 1 -0.629916 -0.0608309
-4 2 0.5 1 -1.25903 -0.0884848
-2 4 0.5 1 -1.66642 -0.224642
7 2 3 1 1.5032 0.286418
7 -2 3 1 0.761103 0.119473
7 2 0.5 1 1.45155 -0.423978
7 -2 0.5 1 0.73245 -0.213193
4 0 3.3 1 0.440149 0.264398
7 0 3.3 1 1.00281 0.22673
