0 0 4.5 1 0.434271 0.31303
2 4 3 1 -0.0212935 0.174252
4 2 3 1 -0.0426498 0.221354
4 -2 3 1 0.446712 0.271027
2 -4 3 1 1.00137 0.222087
-2 -4 3 1 1.02716 0.123293
-4 -2 3 1 0.766748 0.100707
-4 2 3 1 0.404021 0.107462
-2 4 3 1 0.196125 0.127068
2 4 0.5 1 -0.0430467 -0.0510575
4 2 0.5 1 -0.0715469 -0.0813052
4 -2 0.5 1 0.392572 -0.19786
2 -4 0.5 1 0.935225 -0.255078
-2 -4 0.5 1 0.983234 -0.189887
-4 -2 0.5 1 0.736805 -0.130382
-4 2 0.5 1 0.383201 -0.0744028
-2 4 0.5 1 0.177019 -0.0535804
7 2 3 1 -0.414065 0.316059
7 -2 3 1 0.047656 0.483402
7 2 0.5 1 -0.446234 -0.0869924
7 -2 0.5 1 -0.0272854 -0.280163
4 0 3.3 1 0.153384 0.28569
7 0 3.3 1 -0.249803 0.438453
