0 0 4.5 1 0.308684 0.519379
2 4 3 1 -0.111214 0.349682
4 2 3 1 -0.0737152 0.401001
4 -2 3 1 0.442495 0.483184
2 -4 3 1 0.808508 0.467932
-2 -4 3 1 0.756672 0.384554
-4 -2 3 1 0.548997 0.343796
-4 2 3 1 0.245602 0.317653
-2 4 3 1 0.0636312 0.318089
2 4 0.5 1 -0.101555 0.122743
4 2 0.5 1 -0.0631418 0.101635
4 -2 0.5 1 0.419304 0.0834202
2 -4 0.5 1 0.763014 0.101507
-2 -4 0.5 1 0.727695 0.135964
-4 -2 0.5 1 0.533444 0.147276
-4 2 0.5 1 0.24167 0.148932
-2 4 0.5 1 0.0654582 0.142639
7 2 3 1 -0.378463 0.480546
7 -2 3 1 0.306038 0.661777
7 2 0.5 1 -0.340641 0.0585751
7 -2 0.5 1 0.284838 0.00819293
4 0 3.3 1 0.147097 0.480272
7 0 3.3 1 -0.114336 0.619749
