0 0 4.5 1 0.106971 0.0871371
2 4 3 1 -0.241637 -0.0335717
4 2 3 1 -0.14085 0.00853501
4 -2 3 1 0.29856 0.0509392
2 -4 3 1 0.489009 0.0316912
-2 -4 3 1 0.416051 -0.0194574
-4 -2 3 1 0.263591 -0.045797
-4 2 3 1 0.0236458 -0.0644852
-2 4 3 1 -0.126504 -0.0632333
2 4 0.5 1 -0.23804 -0.251527
4 2 0.5 1 -0.131741 -0.264053
4 -2 0.5 1 0.330543 -0.246808
2 -4 0.5 1 0.524023 -0.220315
-2 -4 0.5 1 0.438911 -0.201376
-4 -2 0.5 1 0.279165 -0.201651
-4 2 0.5 1 0.0325815 -0.213157
-2 4 0.5 1 -0.120719 -0.226715
7 2 3 1 -0.302725 0.0803917
7 -2 3 1 0.336029 0.154594
7 2 0.5 1 -0.300142 -0.316212
7 -2 0.5 1 0.38836 -0.297625
4 0 3.3 1 0.0666365 0.0611977
7 0 3.3 1 -0.00742288 0.161949
