0 0 4.5 1 0.0989473 0.451653
2 4 3 1 0.494167 0.318678
4 2 3 1 0.303012 0.274944
4 -2 3 1 0.0189473 0.242565
2 -4 3 1 -0.163278 0.240095
-2 -4 3 1 -0.341409 0.278354
-4 -2 3 1 -0.264762 0.348366
-4 2 3 1 0.329805 0.441794
-2 4 3 1 0.604698 0.40947
2 4 0.5 1 0.498397 0.0938735
4 2 0.5 1 0.310644 0.0909038
4 -2 0.5 1 0.0317283 0.0727667
2 -4 0.5 1 -0.145203 0.0535218
-2 -4 0.5 1 -0.310862 0.0182681
-4 -2 0.5 1 -0.227158 -0.00136348
-4 2 0.5 1 0.345436 0.025742
-2 4 0.5 1 0.60667 0.0685632
7 2 3 1 0.299369 0.252258
7 -2 3 1 0.061801 0.226584
7 2 0.5 1 0.305764 0.100044
7 -2 0.5 1 0.0718117 0.0842442
4 0 3.3 1 0.154137 0.279824
7 0 3.3 1 0.175697 0.257008
