0 0 4.5 1 0.262546 0.158604
2 4 3 1 1.06556 0.0395955
4 2 3 1 0.76961 -0.0383928
4 -2 3 1 0.356041 -0.0842325
2 -4 3 1 0.111272 -0.0898455
-2 -4 3 1 -0.19392 -0.0650508
-4 -2 3 1 -0.330692 -0.0112574
-4 2 3 1 0.0227265 0.151728
-2 4 3 1 0.851806 0.199881
2 4 0.5 1 1.16985 -0.4254
4 2 0.5 1 0.819616 -0.348226
4 -2 0.5 1 0.373459 -0.30839
2 -4 0.5 1 0.117554 -0.306366
-2 -4 0.5 1 -0.202504 -0.33534
-4 -2 0.5 1 -0.353448 -0.392476
-4 2 0.5 1 0.0313775 -0.569168
-2 4 0.5 1 1.00382 -0.613781
7 2 3 1 0.873494 -0.0648368
7 -2 3 1 0.48971 -0.0984367
7 2 0.5 1 0.919778 -0.32015
7 -2 0.5 1 0.509901 -0.292607
4 0 3.3 1 0.527082 -0.0354067
7 0 3.3 1 0.652528 -0.0586484
