0 0 4.5 1 -0.220038 0.223141
2 4 3 1 -0.660211 0.184245
4 2 3 1 -0.370768 0.173182
4 -2 3 1 0.093439 0.0941402
2 -4 3 1 0.14536 0.0588694
-2 -4 3 1 -0.00694216 0.0503681
-4 -2 3 1 -0.171911 0.0625453
-4 2 3 1 -0.439725 0.098461
-2 4 3 1 -0.614479 0.134929
2 4 0.5 1 -0.696603 -0.122412
4 2 0.5 1 -0.408742 -0.170829
4 -2 0.5 1 0.0667526 -0.181171
2 -4 0.5 1 0.125121 -0.153367
-2 -4 0.5 1 -0.0231601 -0.112359
-4 -2 0.5 1 -0.187972 -0.0913165
-4 2 0.5 1 -0.459142 -0.0747298
-2 4 0.5 1 -0.639446 -0.0780845
7 2 3 1 -0.289737 0.260987
7 -2 3 1 0.345102 0.124105
7 2 0.5 1 -0.348888 -0.284956
7 -2 0.5 1 0.309965 -0.266964
4 0 3.3 1 -0.109144 0.165619
7 0 3.3 1 0.0853275 0.235151
