0 0 4.5 1 0.422288 0.12584
2 4 3 1 -0.0241688 -0.0633752
4 2 3 1 -0.116812 -0.0190503
4 -2 3 1 0.255034 0.083005
2 -4 3 1 1.01285 0.098945
-2 -4 3 1 1.24555 -0.0230306
-4 -2 3 1 0.931226 -0.07662
-4 2 3 1 0.494059 -0.099041
-2 4 3 1 0.250039 -0.0941288
2 4 0.5 1 -0.0356884 -0.308106
4 2 0.5 1 -0.138072 -0.349675
4 -2 0.5 1 0.257053 -0.509957
2 -4 0.5 1 1.11516 -0.610041
-2 -4 0.5 1 1.32899 -0.47796
-4 -2 0.5 1 0.969582 -0.38336
-4 2 0.5 1 0.5041 -0.316584
-2 4 0.5 1 0.250532 -0.29938
7 2 3 1 -0.545084 0.0370299
7 -2 3 1 -0.466053 0.253228
7 2 0.5 1 -0.604096 -0.373688
7 -2 0.5 1 -0.588916 -0.660263
4 0 3.3 1 0.0204998 0.0649802
7 0 3.3 1 -0.511196 0.167109
