0 0 4.5 1 0.430781 0.186795
2 4 3 1 -0.0224801 0.0350269
4 2 3 1 -0.0765125 0.0818973
4 -2 3 1 0.365972 0.14847
2 -4 3 1 1.01658 0.113724
-2 -4 3 1 1.12301 0.0022813
-4 -2 3 1 0.838619 -0.0274443
-4 2 3 1 0.443565 -0.025783
-2 4 3 1 0.22005 -0.00876015
2 4 0.5 1 -0.0438598 -0.196767
4 2 0.5 1 -0.106976 -0.230656
4 -2 0.5 1 0.335631 -0.373242
2 -4 0.5 1 1.01687 -0.458012
-2 -4 0.5 1 1.1267 -0.36858
-4 -2 0.5 1 0.834603 -0.28983
-4 2 0.5 1 0.433676 -0.222112
-2 4 0.5 1 0.206685 -0.198832
7 2 3 1 -0.475065 0.164416
7 -2 3 1 -0.185263 0.353634
7 2 0.5 1 -0.528969 -0.237326
7 -2 0.5 1 -0.276381 -0.475549
4 0 3.3 1 0.0942769 0.152165
7 0 3.3 1 -0.371397 0.288586
