0 0 4.5 1 -0.25727 0.350973
2 4 3 1 -0.72902 0.314075
4 2 3 1 -0.388723 0.298928
4 -2 3 1 0.0923157 0.209733
2 -4 3 1 0.127847 0.172702
-2 -4 3 1 -0.0404743 0.163801
-4 -2 3 1 -0.214887 0.17652
-4 2 3 1 -0.501377 0.215544
-2 4 3 1 -0.691982 0.256884
2 4 0.5 1 -0.741158 -0.0248904
4 2 0.5 1 -0.411468 -0.0714588
4 -2 0.5 1 0.0646648 -0.0718456
2 -4 0.5 1 0.106105 -0.0422091
-2 -4 0.5 1 -0.0552065 -0.00272905
-4 -2 0.5 1 -0.226902 0.0166508
-4 2 0.5 1 -0.511237 0.0304864
-2 4 0.5 1 -0.70099 0.0244386
7 2 3 1 -0.250949 0.400905
7 -2 3 1 0.380053 0.240842
7 2 0.5 1 -0.293194 -0.192313
7 -2 0.5 1 0.332889 -0.153257
4 0 3.3 1 -0.112199 0.287715
7 0 3.3 1 0.134573 0.363802
