0 0 4.5 1 0.352483 0.519761
2 4 3 1 -0.0830633 0.355316
4 2 3 1 -0.0558021 0.405818
4 -2 3 1 0.468314 0.479161
2 -4 3 1 0.872208 0.455574
-2 -4 3 1 0.826588 0.368874
-4 -2 3 1 0.60623 0.332093
-4 2 3 1 0.289083 0.313783
-2 4 3 1 0.10097 0.319203
2 4 0.5 1 -0.0815125 0.126235
4 2 0.5 1 -0.0553094 0.102062
4 -2 0.5 1 0.42874 0.0618436
2 -4 0.5 1 0.806213 0.0670918
-2 -4 0.5 1 0.783696 0.107462
-4 -2 0.5 1 0.581008 0.127946
-4 2 0.5 1 0.278072 0.141179
-2 4 0.5 1 0.0959716 0.141137
7 2 3 1 -0.37887 0.49203
7 -2 3 1 0.28929 0.670065
7 2 0.5 1 -0.352995 0.0671329
7 -2 0.5 1 0.248237 -0.0165152
4 0 3.3 1 0.165747 0.482085
7 0 3.3 1 -0.127099 0.629883
