0 0 4.5 1 0.433646 0.32737
2 4 3 1 -0.0219746 0.188445
4 2 3 1 -0.0403705 0.235601
4 -2 3 1 0.452794 0.284936
2 -4 3 1 0.998791 0.236121
-2 -4 3 1 1.01846 0.138333
-4 -2 3 1 0.760124 0.115662
-4 2 3 1 0.400043 0.121987
-2 4 3 1 0.193372 0.141366
2 4 0.5 1 -0.0432246 -0.0367861
4 2 0.5 1 -0.0685286 -0.0668066
4 -2 0.5 1 0.397235 -0.180205
2 -4 0.5 1 0.928587 -0.234212
-2 -4 0.5 1 0.971748 -0.170731
-4 -2 0.5 1 0.728704 -0.113241
-4 2 0.5 1 0.378753 -0.0589939
-2 4 0.5 1 0.174218 -0.0388404
7 2 3 1 -0.4094 0.3308
7 -2 3 1 0.0675566 0.497119
7 2 0.5 1 -0.438815 -0.0732744
7 -2 0.5 1 -0.00648513 -0.261765
4 0 3.3 1 0.15785 0.299944
7 0 3.3 1 -0.239485 0.453546
