0 0 4.5 1 0.333708 0.371909
2 4 3 1 -0.050945 0.0587378
4 2 3 1 -0.251021 0.0778826
4 -2 3 1 -0.234526 0.239603
2 -4 3 1 0.640465 0.508696
-2 -4 3 1 1.55569 0.443745
-4 -2 3 1 1.14881 0.259373
-4 2 3 1 0.590449 0.124742
-2 4 3 1 0.298208 0.0810385
2 4 0.5 1 -0.027677 -0.189502
4 2 0.5 1 -0.223889 -0.250946
4 -2 0.5 1 -0.17829 -0.428164
2 -4 0.5 1 0.785276 -0.553863
-2 -4 0.5 1 1.69314 -0.284809
-4 -2 0.5 1 1.21805 -0.16435
-4 2 0.5 1 0.623876 -0.131444
-2 4 0.5 1 0.323685 -0.143202
7 2 3 1 -0.699628 0.0529009
7 -2 3 1 -1.25101 0.225076
7 2 0.5 1 -0.67864 -0.315049
7 -2 0.5 1 -1.22875 -0.626629
4 0 3.3 1 -0.249816 0.183031
7 0 3.3 1 -0.87081 0.165182
