0 0 4.5 1 0.279208 0.164654
2 4 3 1 0.974959 -0.00488812
4 2 3 1 0.698101 -0.0546211
4 -2 3 1 0.312956 -0.0703832
2 -4 3 1 0.0832486 -0.0593491
-2 -4 3 1 -0.19285 -0.0131992
-4 -2 3 1 -0.284594 0.0501615
-4 2 3 1 0.173882 0.171781
-2 4 3 1 0.888804 0.145208
2 4 0.5 1 1.01984 -0.401314
4 2 0.5 1 0.716143 -0.330671
4 -2 0.5 1 0.312978 -0.279419
2 -4 0.5 1 0.0752443 -0.26572
-2 -4 0.5 1 -0.215488 -0.275815
-4 -2 0.5 1 -0.322618 -0.319122
-4 2 0.5 1 0.158092 -0.475458
-2 4 0.5 1 0.956967 -0.529051
7 2 3 1 0.768939 -0.0852152
7 -2 3 1 0.422884 -0.0925591
7 2 0.5 1 0.786427 -0.312435
7 -2 0.5 1 0.426229 -0.272344
4 0 3.3 1 0.478938 -0.0362407
7 0 3.3 1 0.575271 -0.0660936
