0 0 4.5 1 0.0346839 0.0417362
2 4 3 1 -0.324242 -0.038809
4 2 3 1 -0.192672 -0.0124248
4 -2 3 1 0.243323 -0.0236693
2 -4 3 1 0.394467 -0.0585813
-2 -4 3 1 0.303843 -0.0936534
-4 -2 3 1 0.15449 -0.10141
-4 2 3 1 -0.0806032 -0.0942893
-2 4 3 1 -0.227647 -0.0779186
2 4 0.5 1 -0.346081 -0.265814
4 2 0.5 1 -0.212717 -0.291456
4 -2 0.5 1 0.246328 -0.310661
2 -4 0.5 1 0.403667 -0.296312
-2 -4 0.5 1 0.307599 -0.267581
-4 -2 0.5 1 0.15355 -0.253603
-4 2 0.5 1 -0.0880853 -0.244216
-2 4 0.5 1 -0.240674 -0.246038
7 2 3 1 -0.306219 0.0705195
7 -2 3 1 0.335426 0.0569341
7 2 0.5 1 -0.345284 -0.341703
7 -2 0.5 1 0.347573 -0.372926
4 0 3.3 1 0.0236322 0.0140617
7 0 3.3 1 0.0103599 0.11017
