0 0 4.5 1 0.0978798 0.559052
2 4 3 1 1.28806 0.606125
4 2 3 1 0.92768 0.396645
4 -2 3 1 0.413289 0.265316
2 -4 3 1 0.12477 0.225188
-2 -4 3 1 -0.263065 0.206716
-4 -2 3 1 -0.542787 0.229461
-4 2 3 1 -0.795366 0.424324
-2 4 3 1 0.0654272 0.777792
2 4 0.5 1 1.25361 -0.198051
4 2 0.5 1 0.923993 -0.0489772
4 -2 0.5 1 0.424699 -0.000794655
2 -4 0.5 1 0.141605 -0.00891343
-2 -4 0.5 1 -0.233765 -0.0574326
-4 -2 0.5 1 -0.493021 -0.129487
-4 2 0.5 1 -0.668916 -0.362211
-2 4 0.5 1 0.162986 -0.544631
7 2 3 1 1.23065 0.391779
7 -2 3 1 0.6516 0.274253
7 2 0.5 1 1.21605 0.00845276
7 -2 0.5 1 0.656237 0.0316741
4 0 3.3 1 0.604037 0.355791
7 0 3.3 1 0.87581 0.356607
