0 0 4.5 1 -0.214197 0.506801
2 4 3 1 0.0413143 0.289056
4 2 3 1 -0.16008 0.289214
4 -2 3 1 -0.483607 0.312417
2 -4 3 1 -0.710589 0.349121
-2 -4 3 1 -0.791976 0.432849
-4 -2 3 1 -0.355335 0.453865
-4 2 3 1 0.253707 0.367436
-2 4 3 1 0.26214 0.317124
2 4 0.5 1 0.0351032 0.0959732
4 2 0.5 1 -0.159141 0.106118
4 -2 0.5 1 -0.469799 0.0992395
2 -4 0.5 1 -0.681473 0.0742123
-2 -4 0.5 1 -0.74026 -0.0017624
-4 -2 0.5 1 -0.335478 -0.0416906
-4 2 0.5 1 0.228441 0.00895869
-2 4 0.5 1 0.243227 0.0569306
7 2 3 1 -0.225604 0.276827
7 -2 3 1 -0.500135 0.29419
7 2 0.5 1 -0.222926 0.122107
7 -2 0.5 1 -0.488182 0.118527
4 0 3.3 1 -0.310265 0.324571
7 0 3.3 1 -0.354961 0.305397
