0 0 4.5 1 -0.360271 0.510531
2 4 3 1 -0.904578 0.457347
4 2 3 1 -0.438039 0.455923
4 -2 3 1 0.0762451 0.365806
2 -4 3 1 0.0798238 0.322239
-2 -4 3 1 -0.122286 0.299592
-4 -2 3 1 -0.319804 0.302751
-4 2 3 1 -0.654493 0.332427
-2 4 3 1 -0.888124 0.375746
2 4 0.5 1 -0.84486 0.0331634
4 2 0.5 1 -0.413085 0.01562
4 -2 0.5 1 0.065037 0.0602234
2 -4 0.5 1 0.0711908 0.0928481
-2 -4 0.5 1 -0.122337 0.11883
-4 -2 0.5 1 -0.313333 0.124761
-4 2 0.5 1 -0.633294 0.115876
-2 4 0.5 1 -0.848511 0.0925442
7 2 3 1 -0.156421 0.616598
7 -2 3 1 0.433285 0.42265
7 2 0.5 1 -0.152307 -0.103105
7 -2 0.5 1 0.391029 0.00462027
4 0 3.3 1 -0.133452 0.449267
7 0 3.3 1 0.223902 0.563936
