0 0 4.5 1 0.208709 0.729372
2 4 3 1 -0.104729 0.326057
4 2 3 1 -0.383545 0.354463
4 -2 3 1 -0.741018 0.545479
2 -4 3 1 -0.326797 0.992444
-2 -4 3 1 1.78714 1.00557
-4 -2 3 1 1.336 0.599817
-4 2 3 1 0.643886 0.390736
-2 4 3 1 0.305309 0.341259
2 4 0.5 1 -0.0893108 0.0667932
4 2 0.5 1 -0.348545 0.0267527
4 -2 0.5 1 -0.632622 -0.12135
2 -4 0.5 1 -0.210154 -0.339606
-2 -4 0.5 1 1.49496 -0.224495
-4 -2 0.5 1 1.22542 -0.0166023
-4 2 0.5 1 0.622376 0.0756275
-2 4 0.5 1 0.302532 0.0860288
7 2 3 1 -0.79538 0.339924
7 -2 3 1 -1.63446 0.522105
7 2 0.5 1 -0.7363 0.00723371
7 -2 0.5 1 -1.42017 -0.165749
4 0 3.3 1 -0.506403 0.473771
7 0 3.3 1 -1.07607 0.456855
