0 0 4.5 1 -0.159799 0.434253
2 4 3 1 0.0883617 0.22423
4 2 3 1 -0.102989 0.231884
4 -2 3 1 -0.405841 0.264586
2 -4 3 1 -0.613391 0.304368
-2 -4 3 1 -0.70159 0.378123
-4 -2 3 1 -0.336904 0.385387
-4 2 3 1 0.25813 0.290819
-2 4 3 1 0.29087 0.242855
2 4 0.5 1 0.0731373 0.0372748
4 2 0.5 1 -0.112632 0.0570805
4 -2 0.5 1 -0.408552 0.0663373
2 -4 0.5 1 -0.609757 0.054101
-2 -4 0.5 1 -0.691413 -0.0102233
-4 -2 0.5 1 -0.347204 -0.0685708
-4 2 0.5 1 0.222108 -0.0564223
-2 4 0.5 1 0.263152 -0.0116916
7 2 3 1 -0.159401 0.222678
7 -2 3 1 -0.414963 0.248602
7 2 0.5 1 -0.166402 0.0753126
7 -2 0.5 1 -0.417002 0.0849192
4 0 3.3 1 -0.244178 0.270165
7 0 3.3 1 -0.279976 0.254033
