0 0 4.5 1 0.148171 0.532434
2 4 3 1 0.571869 0.379299
4 2 3 1 0.366934 0.336485
4 -2 3 1 0.068437 0.310051
2 -4 3 1 -0.120749 0.312801
-2 -4 3 1 -0.312702 0.357716
-4 -2 3 1 -0.253912 0.429908
-4 2 3 1 0.363331 0.52144
-2 4 3 1 0.683546 0.479381
2 4 0.5 1 0.558229 0.136424
4 2 0.5 1 0.362741 0.141091
4 -2 0.5 1 0.0736964 0.133671
2 -4 0.5 1 -0.108806 0.121261
-2 -4 0.5 1 -0.287608 0.0925603
-4 -2 0.5 1 -0.223745 0.0689546
-4 2 0.5 1 0.354224 0.070671
-2 4 0.5 1 0.655845 0.104522
7 2 3 1 0.36741 0.312039
7 -2 3 1 0.117345 0.291866
7 2 0.5 1 0.363924 0.150873
7 -2 0.5 1 0.120523 0.14386
4 0 3.3 1 0.210025 0.345672
7 0 3.3 1 0.237118 0.320615
