0 0 4.5 1 -0.111927 0.0134084
2 4 3 1 -0.492353 -0.0804025
4 2 3 1 -0.297826 -0.0547381
4 -2 3 1 0.147521 -0.0609091
2 -4 3 1 0.248319 -0.086512
-2 -4 3 1 0.131639 -0.115388
-4 -2 3 1 -0.0200381 -0.125143
-4 2 3 1 -0.263057 -0.125303
-2 4 3 1 -0.418063 -0.114553
2 4 0.5 1 -0.513374 -0.343016
4 2 0.5 1 -0.310847 -0.364583
4 -2 0.5 1 0.160385 -0.341148
2 -4 0.5 1 0.262899 -0.309249
-2 -4 0.5 1 0.138702 -0.28231
-4 -2 0.5 1 -0.0181084 -0.277328
-4 2 0.5 1 -0.268621 -0.285812
-2 4 0.5 1 -0.430307 -0.302904
7 2 3 1 -0.335306 0.0213251
7 -2 3 1 0.312564 0.0023598
7 2 0.5 1 -0.359196 -0.454778
7 -2 0.5 1 0.345107 -0.407196
4 0 3.3 1 -0.0646015 -0.0248136
7 0 3.3 1 0.0106294 0.0592631
