0 0 4.5 1 -0.229204 0.451601
2 4 3 1 -0.0790363 0.712496
4 2 3 1 0.534343 0.3163
4 -2 3 1 0.330243 0.120591
2 -4 3 1 0.0861268 0.0970981
-2 -4 3 1 -0.290412 0.124939
-4 -2 3 1 -0.597002 0.184092
-4 2 3 1 -1.17956 0.38771
-2 4 3 1 -1.52773 0.698335
2 4 0.5 1 -0.203439 -0.472658
4 2 0.5 1 0.490769 -0.33984
4 -2 0.5 1 0.305317 -0.200913
2 -4 0.5 1 0.0633178 -0.151871
-2 -4 0.5 1 -0.317207 -0.110754
-4 -2 0.5 1 -0.634046 -0.0965788
-4 2 0.5 1 -1.26456 -0.118162
-2 4 0.5 1 -1.70722 -0.235922
7 2 3 1 1.45436 0.277968
7 -2 3 1 0.74789 0.091989
7 2 0.5 1 1.44534 -0.460391
7 -2 0.5 1 0.729821 -0.248063
4 0 3.3 1 0.40144 0.235656
7 0 3.3 1 0.974679 0.205345
