0 0 4.5 1 -0.39569 0.224302
2 4 3 1 -0.878973 0.35239
4 2 3 1 -0.0362231 0.241237
4 -2 3 1 0.181532 0.0504928
2 -4 3 1 0.0357797 -0.0121677
-2 -4 3 1 -0.276717 -0.046188
-4 -2 3 1 -0.544612 -0.0416637
-4 2 3 1 -1.03361 0.0229581
-2 4 3 1 -1.37759 0.147094
2 4 0.5 1 -0.994512 -0.497346
4 2 0.5 1 -0.0159213 -0.384077
4 -2 0.5 1 0.205449 -0.279366
2 -4 0.5 1 0.0467633 -0.259574
-2 -4 0.5 1 -0.279732 -0.2621
-4 -2 0.5 1 -0.559765 -0.279139
-4 2 0.5 1 -1.08996 -0.336783
-2 4 0.5 1 -1.5058 -0.418413
7 2 3 1 0.848757 0.434917
7 -2 3 1 0.62434 0.106691
7 2 0.5 1 1.03425 -0.430319
7 -2 0.5 1 0.685356 -0.279507
4 0 3.3 1 0.10263 0.164586
7 0 3.3 1 0.684837 0.267216
