0 0 4.5 1 -0.420392 0.23733
2 4 3 1 -0.967673 0.309658
4 2 3 1 -0.146959 0.26028
4 -2 3 1 0.14926 0.0950643
2 -4 3 1 0.0286397 0.0292737
-2 -4 3 1 -0.264953 -0.0158854
-4 -2 3 1 -0.521259 -0.0226758
-4 2 3 1 -0.98771 0.0151167
-2 4 3 1 -1.32457 0.107636
2 4 0.5 1 -1.02133 -0.45726
4 2 0.5 1 -0.115849 -0.338489
4 -2 0.5 1 0.179549 -0.228905
2 -4 0.5 1 0.046855 -0.212439
-2 -4 0.5 1 -0.25808 -0.22326
-4 -2 0.5 1 -0.521995 -0.247046
-4 2 0.5 1 -1.01069 -0.313708
-2 4 0.5 1 -1.38464 -0.394846
7 2 3 1 0.676967 0.500537
7 -2 3 1 0.586631 0.171865
7 2 0.5 1 0.832939 -0.364764
7 -2 0.5 1 0.648197 -0.216786
4 0 3.3 1 0.0405141 0.200849
7 0 3.3 1 0.60527 0.334253
