0 0 4.5 1 0.429998 0.17709
2 4 3 1 -0.0228784 0.0225529
4 2 3 1 -0.0805131 0.0693471
4 -2 3 1 0.356227 0.138852
2 -4 3 1 1.01733 0.107382
-2 -4 3 1 1.13406 -0.00541893
-4 -2 3 1 0.846915 -0.0367515
-4 2 3 1 0.44801 -0.0366302
-2 4 3 1 0.2226 -0.0203891
2 4 0.5 1 -0.0436795 -0.210404
4 2 0.5 1 -0.110542 -0.244864
4 -2 0.5 1 0.328972 -0.38956
2 -4 0.5 1 1.02666 -0.47649
-2 -4 0.5 1 1.14449 -0.383712
-4 -2 0.5 1 0.84655 -0.303167
-4 2 0.5 1 0.439792 -0.234918
-2 4 0.5 1 0.210308 -0.211854
7 2 3 1 -0.482074 0.149866
7 -2 3 1 -0.211508 0.342029
7 2 0.5 1 -0.537399 -0.252578
7 -2 0.5 1 -0.305281 -0.495429
4 0 3.3 1 0.0873717 0.140751
7 0 3.3 1 -0.38492 0.274615
