0 0 4.5 1 -0.279267 0.246172
2 4 3 1 -0.0994359 0.00156944
4 2 3 1 -0.339019 -0.0133024
4 -2 3 1 -0.745673 0.00449437
2 -4 3 1 -1.04154 0.0696879
-2 -4 3 1 -0.871234 0.276214
-4 -2 3 1 -0.0608637 0.296927
-4 2 3 1 0.321524 0.135134
-2 4 3 1 0.196311 0.0583114
2 4 0.5 1 -0.0856312 -0.206576
4 2 0.5 1 -0.331207 -0.228197
4 -2 0.5 1 -0.749896 -0.290063
2 -4 0.5 1 -1.06415 -0.36757
-2 -4 0.5 1 -0.894606 -0.476112
-4 -2 0.5 1 -0.010975 -0.37853
-4 2 0.5 1 0.36564 -0.229832
-2 4 0.5 1 0.223332 -0.201584
7 2 3 1 -0.465414 -0.0417056
7 -2 3 1 -0.839233 -0.0354582
7 2 0.5 1 -0.46159 -0.227891
7 -2 0.5 1 -0.845528 -0.278614
4 0 3.3 1 -0.511724 0.0230565
7 0 3.3 1 -0.628094 -0.0144012
