0 0 4.5 1 -0.303348 0.44889
2 4 3 1 -0.810036 0.405697
4 2 3 1 -0.41201 0.393965
4 -2 3 1 0.0875786 0.302199
2 -4 3 1 0.107883 0.262592
-2 -4 3 1 -0.076956 0.24872
-4 -2 3 1 -0.262429 0.258181
-4 2 3 1 -0.571393 0.294795
-2 4 3 1 -0.781582 0.338197
2 4 0.5 1 -0.789229 0.0270488
4 2 0.5 1 -0.412954 -0.00956131
4 -2 0.5 1 0.0654924 0.00913572
2 -4 0.5 1 0.0904085 0.0407989
-2 -4 0.5 1 -0.0859247 0.0753382
-4 -2 0.5 1 -0.26654 0.089553
-4 2 0.5 1 -0.567203 0.0946598
-2 4 0.5 1 -0.768415 0.081808
7 2 3 1 -0.210254 0.5195
7 -2 3 1 0.410402 0.342798
7 2 0.5 1 -0.230393 -0.132912
7 -2 0.5 1 0.36104 -0.0624451
4 0 3.3 1 -0.120339 0.383869
7 0 3.3 1 0.179851 0.47529
