0 0 4.5 1 0.379405 0.502218
2 4 3 1 -0.0644977 0.343355
4 2 3 1 -0.0450268 0.393071
4 -2 3 1 0.480135 0.459402
2 -4 3 1 0.91087 0.429415
-2 -4 3 1 0.872118 0.340858
-4 -2 3 1 0.643502 0.307476
-4 2 3 1 0.317481 0.295159
-2 4 3 1 0.12555 0.304171
2 4 0.5 1 -0.0687785 0.114212
4 2 0.5 1 -0.051728 0.088292
4 -2 0.5 1 0.431328 0.0322237
2 -4 0.5 1 0.833929 0.0269073
-2 -4 0.5 1 0.821671 0.0714111
-4 -2 0.5 1 0.612847 0.098893
-4 2 0.5 1 0.302107 0.12075
-2 4 0.5 1 0.116026 0.125289
7 2 3 1 -0.378985 0.483271
7 -2 3 1 0.267391 0.657248
7 2 0.5 1 -0.363334 0.059708
7 -2 0.5 1 0.215131 -0.0471826
4 0 3.3 1 0.175066 0.466454
7 0 3.3 1 -0.139009 0.618512
