0 0 4.5 1 -0.092378 0.197081
2 4 3 1 0.158426 0.010239
4 2 3 1 -0.0182953 0.0186869
4 -2 3 1 -0.292396 0.0506951
2 -4 3 1 -0.473572 0.0862058
-2 -4 3 1 -0.572832 0.14785
-4 -2 3 1 -0.315483 0.158303
-4 2 3 1 0.247476 0.0779159
-2 4 3 1 0.327531 0.0291914
2 4 0.5 1 0.142853 -0.173058
4 2 0.5 1 -0.0342813 -0.147219
4 -2 0.5 1 -0.312706 -0.127159
2 -4 0.5 1 -0.500723 -0.129044
-2 -4 0.5 1 -0.615798 -0.175042
-4 -2 0.5 1 -0.361615 -0.23773
-4 2 0.5 1 0.220311 -0.263378
-2 4 0.5 1 0.308539 -0.226765
7 2 3 1 -0.0592612 0.00955733
7 -2 3 1 -0.289148 0.0355554
7 2 0.5 1 -0.0730222 -0.129544
7 -2 0.5 1 -0.305933 -0.111848
4 0 3.3 1 -0.148359 0.0544738
7 0 3.3 1 -0.169004 0.0391731
