0 0 4.5 1 0.0850359 0.414645
2 4 3 1 0.470392 0.28723
4 2 3 1 0.283526 0.243927
4 -2 3 1 0.00405981 0.210583
2 -4 3 1 -0.175835 0.206963
-2 -4 3 1 -0.348908 0.243547
-4 -2 3 1 -0.265847 0.312571
-4 2 3 1 0.320386 0.40464
-2 4 3 1 0.580692 0.374558
2 4 0.5 1 0.479944 0.0684032
4 2 0.5 1 0.294506 0.0636399
4 -2 0.5 1 0.0186009 0.0428932
2 -4 0.5 1 -0.156727 0.0218875
-2 -4 0.5 1 -0.3182 -0.0151191
-4 -2 0.5 1 -0.227622 -0.0335776
-4 2 0.5 1 0.343322 0.000147859
-2 4 0.5 1 0.591687 0.044811
7 2 3 1 0.278459 0.221837
7 -2 3 1 0.0448122 0.195184
7 2 0.5 1 0.287638 0.0725731
7 -2 0.5 1 0.056489 0.0546603
4 0 3.3 1 0.137293 0.247897
7 0 3.3 1 0.156929 0.225753
