0 0 4.5 1 0.374446 0.251358
2 4 3 1 -0.0318944 -0.0280114
4 2 3 1 -0.20175 -0.001629
4 -2 3 1 -0.0602089 0.153988
2 -4 3 1 0.827924 0.34599
-2 -4 3 1 1.47262 0.251841
-4 -2 3 1 1.09631 0.114777
-4 2 3 1 0.57624 0.0134495
-2 4 3 1 0.297338 -0.0181911
2 4 0.5 1 -0.0153053 -0.278891
4 2 0.5 1 -0.187575 -0.337769
4 -2 0.5 1 -0.0176891 -0.512973
2 -4 0.5 1 1.02002 -0.620664
-2 -4 0.5 1 1.65654 -0.379618
-4 -2 0.5 1 1.18529 -0.270504
-4 2 0.5 1 0.613918 -0.232247
-2 4 0.5 1 0.322268 -0.238774
7 2 3 1 -0.654304 -0.0104001
7 -2 3 1 -1.03323 0.186977
7 2 0.5 1 -0.662993 -0.400361
7 -2 0.5 1 -1.1053 -0.732188
4 0 3.3 1 -0.156046 0.101375
7 0 3.3 1 -0.76831 0.110597
