0 0 4.5 1 0.275609 0.155126
2 4 3 1 0.998756 -0.00321749
4 2 3 1 0.716961 -0.0595422
4 -2 3 1 0.324304 -0.0823575
2 -4 3 1 0.0905009 -0.0752577
-2 -4 3 1 -0.193342 -0.0340699
-4 -2 3 1 -0.29661 0.0274288
-4 2 3 1 0.138167 0.160539
-2 4 3 1 0.88337 0.150547
2 4 0.5 1 1.05998 -0.417383
4 2 0.5 1 0.74384 -0.344757
4 -2 0.5 1 0.328919 -0.295798
2 -4 0.5 1 0.0860149 -0.284769
-2 -4 0.5 1 -0.213038 -0.299332
-4 -2 0.5 1 -0.331891 -0.34593
-4 2 0.5 1 0.129348 -0.507247
-2 4 0.5 1 0.975631 -0.559023
7 2 3 1 0.795741 -0.0894976
7 -2 3 1 0.440201 -0.10285
7 2 0.5 1 0.821147 -0.324314
7 -2 0.5 1 0.448068 -0.286759
4 0 3.3 1 0.491732 -0.0446499
7 0 3.3 1 0.59524 -0.0732177
