0 0 4.5 1 0.0526489 0.0345336
2 4 3 1 -0.303506 -0.0555507
4 2 3 1 -0.17929 -0.0247771
4 -2 3 1 0.257486 -0.0232733
2 -4 3 1 0.41767 -0.0551551
-2 -4 3 1 0.331307 -0.0943692
-4 -2 3 1 0.18132 -0.106552
-4 2 3 1 -0.0548926 -0.105577
-2 4 3 1 -0.20262 -0.0927814
2 4 0.5 1 -0.32001 -0.281236
4 2 0.5 1 -0.192864 -0.303275
4 -2 0.5 1 0.268707 -0.313817
2 -4 0.5 1 0.434658 -0.297093
-2 -4 0.5 1 0.3406 -0.270901
-4 -2 0.5 1 0.184856 -0.260287
-4 2 0.5 1 -0.0584218 -0.255875
-2 4 0.5 1 -0.211457 -0.260503
7 2 3 1 -0.304096 0.056288
7 -2 3 1 0.336827 0.0634772
7 2 0.5 1 -0.334779 -0.353309
7 -2 0.5 1 0.361018 -0.372747
4 0 3.3 1 0.0348833 0.00804286
7 0 3.3 1 0.00740178 0.106023
