0 0 4.5 1 0.296247 0.339175
2 4 3 1 0.847136 0.134534
4 2 3 1 0.597391 0.107873
4 -2 3 1 0.252716 0.11496
2 -4 3 1 0.0448586 0.139044
-2 -4 3 1 -0.189106 0.20255
-4 -2 3 1 -0.215089 0.270971
-4 2 3 1 0.354441 0.337464
-2 4 3 1 0.894038 0.258141
2 4 0.5 1 0.811862 -0.171436
4 2 0.5 1 0.572199 -0.119622
4 -2 0.5 1 0.233314 -0.0709642
2 -4 0.5 1 0.0256615 -0.052015
-2 -4 0.5 1 -0.213348 -0.0498441
-4 -2 0.5 1 -0.248762 -0.0818052
-4 2 0.5 1 0.297306 -0.202553
-2 4 0.5 1 0.835988 -0.242775
7 2 3 1 0.628872 0.0781226
7 -2 3 1 0.331226 0.0887773
7 2 0.5 1 0.608053 -0.108805
7 -2 0.5 1 0.314509 -0.0691383
4 0 3.3 1 0.410291 0.136433
7 0 3.3 1 0.469708 0.104517
