0 0 4.5 1 0.054092 0.656706
2 4 3 1 1.31071 0.720602
4 2 3 1 0.961002 0.468236
4 -2 3 1 0.425313 0.330111
2 -4 3 1 0.126425 0.293666
-2 -4 3 1 -0.278788 0.283404
-4 -2 3 1 -0.58463 0.31285
-4 2 3 1 -0.987292 0.519507
-2 4 3 1 -0.324937 0.926851
2 4 0.5 1 1.17686 -0.209779
4 2 0.5 1 0.913756 -0.0264208
4 -2 0.5 1 0.421602 0.0473915
2 -4 0.5 1 0.13475 0.0502086
-2 -4 0.5 1 -0.252374 0.0155642
-4 -2 0.5 1 -0.532099 -0.0456962
-4 2 0.5 1 -0.827291 -0.266643
-2 4 0.5 1 -0.187139 -0.506719
7 2 3 1 1.3452 0.458125
7 -2 3 1 0.696611 0.334748
7 2 0.5 1 1.27787 0.0238177
7 -2 0.5 1 0.681978 0.072806
4 0 3.3 1 0.620612 0.426031
7 0 3.3 1 0.943281 0.422525
