0 0 4.5 1 -0.31101 0.460406
2 4 3 1 -0.823045 0.415889
4 2 3 1 -0.415804 0.405228
4 -2 3 1 0.086333 0.313495
2 -4 3 1 0.104348 0.273407
-2 -4 3 1 -0.0829599 0.258487
-4 -2 3 1 -0.270141 0.267212
-4 2 3 1 -0.582662 0.303092
-2 4 3 1 -0.79602 0.34661
2 4 0.5 1 -0.796861 0.0309478
4 2 0.5 1 -0.413172 -0.00350571
4 -2 0.5 1 0.0655081 0.0185723
2 -4 0.5 1 0.0878881 0.050472
-2 -4 0.5 1 -0.0908088 0.0840057
-4 -2 0.5 1 -0.272855 0.0972101
-4 2 0.5 1 -0.576139 0.100609
-2 4 0.5 1 -0.779212 0.0864623
7 2 3 1 -0.203624 0.535105
7 -2 3 1 0.414225 0.356066
7 2 0.5 1 -0.220308 -0.12672
7 -2 0.5 1 0.365285 -0.0510979
4 0 3.3 1 -0.122027 0.395537
7 0 3.3 1 0.186231 0.489873
