0 0 4.5 1 0.192553 0.325316
2 4 3 1 1.19349 0.314274
4 2 3 1 0.861188 0.173922
4 -2 3 1 0.39918 0.0723845
2 -4 3 1 0.132877 0.0388965
-2 -4 3 1 -0.216042 0.0263803
-4 -2 3 1 -0.431584 0.0550597
-4 2 3 1 -0.363203 0.247806
-2 4 3 1 0.603291 0.468296
2 4 0.5 1 1.30817 -0.287195
4 2 0.5 1 0.920404 -0.191351
4 -2 0.5 1 0.429082 -0.168034
2 -4 0.5 1 0.155754 -0.183015
-2 -4 0.5 1 -0.196043 -0.238283
-4 -2 0.5 1 -0.409852 -0.314829
-4 2 0.5 1 -0.312371 -0.532667
-2 4 0.5 1 0.758551 -0.602446
7 2 3 1 1.04577 0.162783
7 -2 3 1 0.580655 0.076169
7 2 0.5 1 1.09957 -0.141747
7 -2 0.5 1 0.610138 -0.136353
4 0 3.3 1 0.57804 0.146657
7 0 3.3 1 0.767345 0.141167
