0 0 4.5 1 0.0673257 0.629272
2 4 3 1 1.30795 0.687996
4 2 3 1 0.951436 0.449728
4 -2 3 1 0.421273 0.313271
2 -4 3 1 0.125304 0.275284
-2 -4 3 1 -0.274942 0.261835
-4 -2 3 1 -0.573314 0.288618
-4 2 3 1 -0.931465 0.490626
-2 4 3 1 -0.196352 0.881929
2 4 0.5 1 1.20455 -0.202368
4 2 0.5 1 0.917844 -0.029589
4 -2 0.5 1 0.422446 0.0356805
2 -4 0.5 1 0.136544 0.0347098
-2 -4 0.5 1 -0.247109 -0.00485007
-4 -2 0.5 1 -0.520699 -0.0700251
-4 2 0.5 1 -0.780037 -0.296267
-2 4 0.5 1 -0.0765676 -0.519937
7 2 3 1 1.30869 0.441968
7 -2 3 1 0.682122 0.319737
7 2 0.5 1 1.25842 0.0239041
7 -2 0.5 1 0.673683 0.0638386
4 0 3.3 1 0.615544 0.407688
7 0 3.3 1 0.921811 0.406093
