0 0 4.5 1 -0.145658 0.401935
2 4 3 1 0.100704 0.195164
4 2 3 1 -0.0876197 0.204322
4 -2 3 1 -0.384477 0.238787
2 -4 3 1 -0.586551 0.278877
-2 -4 3 1 -0.676243 0.350192
-4 -2 3 1 -0.331573 0.355298
-4 2 3 1 0.25748 0.259739
-2 4 3 1 0.297492 0.212008
2 4 0.5 1 0.0837144 0.01001
4 2 0.5 1 -0.0997596 0.0320153
4 -2 0.5 1 -0.391624 0.045014
2 -4 0.5 1 -0.589989 0.0358613
-2 -4 0.5 1 -0.67778 -0.0248655
-4 -2 0.5 1 -0.350246 -0.0865347
-4 2 0.5 1 0.220101 -0.0843111
-2 4 0.5 1 0.268718 -0.040999
7 2 3 1 -0.141369 0.195691
7 -2 3 1 -0.391542 0.223229
7 2 0.5 1 -0.150726 0.0505506
7 -2 0.5 1 -0.397329 0.0631519
4 0 3.3 1 -0.226232 0.242961
7 0 3.3 1 -0.259475 0.227423
