0 0 4.5 1 -0.176215 0.294047
2 4 3 1 -0.130695 -0.0122307
4 2 3 1 -0.397845 0.0149886
4 -2 3 1 -0.850853 0.127478
2 -4 3 1 -1.14866 0.306953
-2 -4 3 1 -0.473136 0.560812
-4 -2 3 1 0.420625 0.323229
-4 2 3 1 0.445126 0.0578081
-2 4 3 1 0.222759 -0.00136601
2 4 0.5 1 -0.146708 -0.23854
4 2 0.5 1 -0.427127 -0.23159
4 -2 0.5 1 -0.92754 -0.249093
2 -4 0.5 1 -1.31341 -0.311102
-2 -4 0.5 1 -0.628673 -0.501296
-4 -2 0.5 1 0.442689 -0.44225
-4 2 0.5 1 0.456887 -0.311405
-2 4 0.5 1 0.220615 -0.26836
7 2 3 1 -0.588718 0.00529299
7 -2 3 1 -1.0554 0.0959864
7 2 0.5 1 -0.622165 -0.213981
7 -2 0.5 1 -1.13117 -0.220387
4 0 3.3 1 -0.572295 0.0933174
7 0 3.3 1 -0.774335 0.0719897
