0 0 4.5 1 0.427986 0.156036
2 4 3 1 -0.0237194 -0.00649142
4 2 3 1 -0.0906306 0.0399807
4 -2 3 1 0.330631 0.11759
2 -4 3 1 1.01842 0.0960132
-2 -4 3 1 1.16304 -0.0200333
-4 -2 3 1 0.868728 -0.0561437
-4 2 3 1 0.459767 -0.0607326
-2 4 3 1 0.229411 -0.0468764
2 4 0.5 1 -0.0426548 -0.242611
4 2 0.5 1 -0.119095 -0.278694
4 -2 0.5 1 0.31139 -0.428326
2 -4 0.5 1 1.05192 -0.520072
-2 -4 0.5 1 1.19174 -0.418048
-4 -2 0.5 1 0.878205 -0.333176
-4 2 0.5 1 0.45611 -0.264185
-2 4 0.5 1 0.220153 -0.242051
7 2 3 1 -0.499803 0.114852
7 -2 3 1 -0.279098 0.314452
7 2 0.5 1 -0.557897 -0.289762
7 -2 0.5 1 -0.38032 -0.544443
4 0 3.3 1 0.0696089 0.114543
7 0 3.3 1 -0.419365 0.241178
