0 0 4.5 1 -0.179704 0.288917
2 4 3 1 -0.130491 -0.0160887
4 2 3 1 -0.397152 0.0100255
4 -2 3 1 -0.849275 0.119967
2 -4 3 1 -1.14744 0.29612
-2 -4 3 1 -0.488672 0.550348
-4 -2 3 1 0.406776 0.320522
-4 2 3 1 0.441865 0.0561335
-2 4 3 1 0.221785 -0.00388898
2 4 0.5 1 -0.145898 -0.242235
4 2 0.5 1 -0.425895 -0.236028
4 -2 0.5 1 -0.925279 -0.254679
2 -4 0.5 1 -1.31097 -0.316959
-2 -4 0.5 1 -0.644588 -0.503763
-4 -2 0.5 1 0.430271 -0.443961
-4 2 0.5 1 0.455049 -0.313521
-2 4 0.5 1 0.220571 -0.27108
7 2 3 1 -0.586315 -0.000369896
7 -2 3 1 -1.05041 0.0878509
7 2 0.5 1 -0.619296 -0.219015
7 -2 0.5 1 -1.1255 -0.226722
4 0 3.3 1 -0.57167 0.0872923
7 0 3.3 1 -0.771283 0.0652425
