0 0 4.5 1 0.295368 0.303998
2 4 3 1 0.863289 0.100925
4 2 3 1 0.610215 0.073152
4 -2 3 1 0.260918 0.0795892
2 -4 3 1 0.0507325 0.103232
-2 -4 3 1 -0.18811 0.165755
-4 -2 3 1 -0.222883 0.233734
-4 2 3 1 0.333146 0.304688
-2 4 3 1 0.895633 0.227799
2 4 0.5 1 0.835749 -0.21467
4 2 0.5 1 0.589047 -0.15941
4 -2 0.5 1 0.242823 -0.10838
2 -4 0.5 1 0.03164 -0.0887515
-2 -4 0.5 1 -0.214111 -0.0863732
-4 -2 0.5 1 -0.259481 -0.119011
-4 2 0.5 1 0.280522 -0.246331
-2 4 0.5 1 0.850491 -0.291397
7 2 3 1 0.646309 0.0429897
7 -2 3 1 0.3432 0.0533732
7 2 0.5 1 0.629023 -0.148147
7 -2 0.5 1 0.328005 -0.106578
4 0 3.3 1 0.419448 0.101572
7 0 3.3 1 0.483275 0.0694792
