0 0 4.5 1 -0.235961 0.518079
2 4 3 1 0.0217285 0.298972
4 2 3 1 -0.183151 0.295597
4 -2 3 1 -0.514298 0.314148
2 -4 3 1 -0.748743 0.349094
-2 -4 3 1 -0.825979 0.437545
-4 -2 3 1 -0.360097 0.465985
-4 2 3 1 0.250069 0.383479
-2 4 3 1 0.248969 0.331631
2 4 0.5 1 0.0197832 0.104134
4 2 0.5 1 -0.177743 0.109896
4 -2 0.5 1 -0.494208 0.0958046
2 -4 0.5 1 -0.710214 0.065176
-2 -4 0.5 1 -0.759116 -0.0147537
-4 -2 0.5 1 -0.328984 -0.0447558
-4 2 0.5 1 0.231005 0.0216957
-2 4 0.5 1 0.235102 0.0700025
7 2 3 1 -0.252242 0.281581
7 -2 3 1 -0.534009 0.294739
7 2 0.5 1 -0.245579 0.124533
7 -2 0.5 1 -0.51673 0.114965
4 0 3.3 1 -0.336579 0.329272
7 0 3.3 1 -0.384895 0.308576
