0 0 4.5 1 0.207026 0.400303
2 4 3 1 -0.168312 0.235198
4 2 3 1 -0.108584 0.286238
4 -2 3 1 0.36918 0.375294
2 -4 3 1 0.650467 0.371205
-2 -4 3 1 0.592829 0.299422
-4 -2 3 1 0.415902 0.256099
-4 2 3 1 0.147145 0.219478
-2 4 3 1 -0.0181782 0.211862
2 4 0.5 1 -0.146364 0.0198832
4 2 0.5 1 -0.0818286 0.00708057
4 -2 0.5 1 0.386668 0.0295696
2 -4 0.5 1 0.657945 0.0649234
-2 -4 0.5 1 0.599209 0.0866307
-4 -2 0.5 1 0.424017 0.0825317
-4 2 0.5 1 0.158351 0.0644667
-2 4 0.5 1 -0.00370629 0.0473562
7 2 3 1 -0.358114 0.35138
7 -2 3 1 0.312989 0.518648
7 2 0.5 1 -0.310817 -0.0476316
7 -2 0.5 1 0.343313 -0.03191
4 0 3.3 1 0.102214 0.364377
7 0 3.3 1 -0.0812088 0.480052
