0 0 4.5 1 0.0610383 0.326463
2 4 3 1 0.426152 0.206889
4 2 3 1 0.246888 0.16581
4 -2 3 1 -0.0244082 0.132606
2 -4 3 1 -0.200057 0.128013
-2 -4 3 1 -0.362366 0.162615
-4 -2 3 1 -0.264745 0.229191
-4 2 3 1 0.305591 0.31437
-2 4 3 1 0.537171 0.286738
2 4 0.5 1 0.444716 -0.00100984
4 2 0.5 1 0.263133 -0.00786176
4 -2 0.5 1 -0.00797292 -0.0318879
2 -4 0.5 1 -0.180982 -0.0553871
-2 -4 0.5 1 -0.334597 -0.0952543
-4 -2 0.5 1 -0.228819 -0.112108
-4 2 0.5 1 0.340804 -0.0689608
-2 4 0.5 1 0.563925 -0.0223418
7 2 3 1 0.238625 0.1449
7 -2 3 1 0.0118854 0.11802
7 2 0.5 1 0.25214 0.00078599
7 -2 0.5 1 0.0255357 -0.0197163
4 0 3.3 1 0.105625 0.169126
7 0 3.3 1 0.12108 0.148124
