0 0 4.5 1 0.291339 0.246226
2 4 3 1 0.894546 0.0489796
4 2 3 1 0.634771 0.0170891
4 -2 3 1 0.275667 0.0198426
2 -4 3 1 0.0602808 0.0413145
-2 -4 3 1 -0.18884 0.100674
-4 -2 3 1 -0.240428 0.167808
-4 2 3 1 0.289015 0.250865
-2 4 3 1 0.896152 0.182815
2 4 0.5 1 0.885253 -0.287925
4 2 0.5 1 0.623382 -0.226969
4 -2 0.5 1 0.261532 -0.173393
2 -4 0.5 1 0.0428767 -0.153862
-2 -4 0.5 1 -0.21624 -0.15294
-4 -2 0.5 1 -0.280384 -0.187583
-4 2 0.5 1 0.246721 -0.325219
-2 4 0.5 1 0.880634 -0.376675
7 2 3 1 0.680302 -0.013696
7 -2 3 1 0.365632 -0.00595038
7 2 0.5 1 0.67163 -0.214384
7 -2 0.5 1 0.354677 -0.170954
4 0 3.3 1 0.436257 0.0440536
7 0 3.3 1 0.509057 0.0119617
