0 0 4.5 1 -0.0303709 0.0572301
2 4 3 1 0.260114 -0.0979618
4 2 3 1 0.0869363 -0.109209
4 -2 3 1 -0.180065 -0.105144
2 -4 3 1 -0.353989 -0.0879403
-2 -4 3 1 -0.474626 -0.0376328
-4 -2 3 1 -0.289453 0.00212485
-4 2 3 1 0.267179 -0.0107868
-2 4 3 1 0.401863 -0.0550899
2 4 0.5 1 0.268622 -0.292512
4 2 0.5 1 0.0885437 -0.280221
4 -2 0.5 1 -0.187644 -0.279685
2 -4 0.5 1 -0.369916 -0.291873
-2 -4 0.5 1 -0.505213 -0.334373
-4 -2 0.5 1 -0.314425 -0.373541
-4 2 0.5 1 0.283697 -0.370463
-2 4 0.5 1 0.421947 -0.332365
7 2 3 1 0.0595479 -0.124164
7 -2 3 1 -0.163866 -0.121029
7 2 0.5 1 0.0601157 -0.267075
7 -2 0.5 1 -0.169694 -0.266396
4 0 3.3 1 -0.0448602 -0.0872301
7 0 3.3 1 -0.0509006 -0.105848
