0 0 4.5 1 -0.199321 0.261832
2 4 3 1 -0.128264 -0.0353198
4 2 3 1 -0.391838 -0.0159839
4 -2 3 1 -0.838555 0.0785881
2 -4 3 1 -1.13858 0.235338
-2 -4 3 1 -0.574406 0.490235
-4 -2 3 1 0.326146 0.30617
-4 2 3 1 0.422903 0.0498337
-2 4 3 1 0.216699 -0.0150272
2 4 0.5 1 -0.139681 -0.260279
4 2 0.5 1 -0.416685 -0.258761
4 -2 0.5 1 -0.908694 -0.284794
2 -4 0.5 1 -1.29104 -0.3494
-2 -4 0.5 1 -0.728614 -0.517304
-4 -2 0.5 1 0.356589 -0.451118
-4 2 0.5 1 0.444197 -0.321928
-2 4 0.5 1 0.221077 -0.28306
7 2 3 1 -0.570924 -0.0304511
7 -2 3 1 -1.02017 0.0430997
7 2 0.5 1 -0.600331 -0.245286
7 -2 0.5 1 -1.08937 -0.261044
4 0 3.3 1 -0.566733 0.0548302
7 0 3.3 1 -0.752228 0.0286847
