0 0 4.5 1 -0.160684 0.0419677
2 4 3 1 -0.562863 -0.0256778
4 2 3 1 -0.336073 -0.0156174
4 -2 3 1 0.115111 -0.0557452
2 -4 3 1 0.196791 -0.0869047
-2 -4 3 1 0.0667081 -0.105876
-4 -2 3 1 -0.0892885 -0.104739
-4 2 3 1 -0.339799 -0.0877988
-2 4 3 1 -0.500182 -0.0657613
2 4 0.5 1 -0.603447 -0.303821
4 2 0.5 1 -0.370075 -0.338783
4 -2 0.5 1 0.10851 -0.335858
2 -4 0.5 1 0.19484 -0.306868
-2 -4 0.5 1 0.0614021 -0.27191
-4 -2 0.5 1 -0.0984384 -0.258031
-4 2 0.5 1 -0.357081 -0.253138
-2 4 0.5 1 -0.52653 -0.262915
7 2 3 1 -0.331949 0.0642488
7 -2 3 1 0.312865 -0.00834508
7 2 0.5 1 -0.385329 -0.439327
7 -2 0.5 1 0.317735 -0.414542
4 0 3.3 1 -0.0923543 -0.00314916
7 0 3.3 1 0.0263012 0.0735734
