0 0 4.5 1 0.108276 0.472216
2 4 3 1 0.509541 0.335402
4 2 3 1 0.315612 0.291598
4 -2 3 1 0.0285928 0.2601
2 -4 3 1 -0.155104 0.258517
-2 -4 3 1 -0.336272 0.297986
-4 -2 3 1 -0.263446 0.368548
-4 2 3 1 0.336229 0.462265
-2 4 3 1 0.620312 0.428263
2 4 0.5 1 0.51026 0.106813
4 2 0.5 1 0.32098 0.105166
4 -2 0.5 1 0.0400634 0.0889188
2 -4 0.5 1 -0.137955 0.0709122
-2 -4 0.5 1 -0.30628 0.0368578
-4 -2 0.5 1 -0.226732 0.0164332
-4 2 0.5 1 0.347022 0.038904
-2 4 0.5 1 0.616389 0.0802919
7 2 3 1 0.312826 0.268541
7 -2 3 1 0.0727262 0.243712
7 2 0.5 1 0.317334 0.114443
7 -2 0.5 1 0.0815222 0.100183
4 0 3.3 1 0.16507 0.297195
7 0 3.3 1 0.187794 0.273936
