0 0 4.5 1 -0.0308793 0.534016
2 4 3 1 -0.114143 0.181561
4 2 3 1 -0.397959 0.235212
4 -2 3 1 -0.88424 0.421858
2 -4 3 1 -1.15632 0.7305
-2 -4 3 1 0.290899 0.940926
-4 -2 3 1 0.92565 0.456036
-4 2 3 1 0.569265 0.194991
-2 4 3 1 0.276182 0.160692
2 4 0.5 1 -0.137557 -0.0534697
4 2 0.5 1 -0.424548 -0.0357223
4 -2 0.5 1 -0.928895 -0.0454923
2 -4 0.5 1 -1.2379 -0.137291
-2 -4 0.5 1 0.151897 -0.431162
-4 -2 0.5 1 0.844565 -0.317564
-4 2 0.5 1 0.533003 -0.156643
-2 4 0.5 1 0.249653 -0.100321
7 2 3 1 -0.655079 0.245905
7 -2 3 1 -1.24067 0.415128
7 2 0.5 1 -0.67923 -0.00356057
7 -2 0.5 1 -1.27881 0.00818844
4 0 3.3 1 -0.5724 0.344948
7 0 3.3 1 -0.874082 0.347404
