0 0 4.5 1 0.265898 0.154081
2 4 3 1 1.05157 0.0257869
4 2 3 1 0.758675 -0.0472252
4 -2 3 1 0.349516 -0.0878378
2 -4 3 1 0.106987 -0.090588
-2 -4 3 1 -0.193751 -0.0620512
-4 -2 3 1 -0.323252 -0.0063051
-4 2 3 1 0.049591 0.150839
-2 4 3 1 0.861133 0.185225
2 4 0.5 1 1.14747 -0.42828
4 2 0.5 1 0.804189 -0.352
4 -2 0.5 1 0.364326 -0.309974
2 -4 0.5 1 0.110946 -0.305906
-2 -4 0.5 1 -0.204991 -0.331676
-4 -2 0.5 1 -0.349242 -0.386471
-4 2 0.5 1 0.0547881 -0.559666
-2 4 0.5 1 1.0021 -0.605777
7 2 3 1 0.85682 -0.0746394
7 -2 3 1 0.479269 -0.103563
7 2 0.5 1 0.899028 -0.325719
7 -2 0.5 1 0.496992 -0.295752
4 0 3.3 1 0.519846 -0.0414772
7 0 3.3 1 0.640377 -0.0660641
