0 0 4.5 1 -0.465059 0.405589
2 4 3 1 -1.07698 0.361374
4 2 3 1 -0.394282 0.393067
4 -2 3 1 0.0682731 0.295014
2 -4 3 1 0.0125627 0.235562
-2 -4 3 1 -0.233947 0.184735
-4 -2 3 1 -0.460793 0.167695
-4 2 3 1 -0.865521 0.173505
-2 4 3 1 -1.16554 0.217305
2 4 0.5 1 -0.978195 -0.205472
4 2 0.5 1 -0.33144 -0.130729
4 -2 0.5 1 0.0947792 -0.0200658
2 -4 0.5 1 0.0332871 0.00264101
-2 -4 0.5 1 -0.213233 -0.00509721
-4 -2 0.5 1 -0.435907 -0.0275064
-4 2 0.5 1 -0.824073 -0.085659
-2 4 0.5 1 -1.09859 -0.14779
7 2 3 1 0.189306 0.664977
7 -2 3 1 0.483884 0.395031
7 2 0.5 1 0.250746 -0.183992
7 -2 0.5 1 0.504626 -0.0143195
4 0 3.3 1 -0.109253 0.38056
7 0 3.3 1 0.384928 0.551681
