0 0 4.5 1 -0.140477 0.388149
2 4 3 1 0.105326 0.182739
4 2 3 1 -0.0818414 0.192367
4 -2 3 1 -0.376426 0.227355
2 -4 3 1 -0.576435 0.267471
-2 -4 3 1 -0.6667 0.337889
-4 -2 3 1 -0.329654 0.342424
-4 2 3 1 0.25698 0.246746
-2 4 3 1 0.299868 0.199051
2 4 0.5 1 0.0877949 -0.00177534
4 2 0.5 1 -0.0948397 0.0209855
4 -2 0.5 1 -0.385197 0.0352792
2 -4 0.5 1 -0.582501 0.0272157
-2 -4 0.5 1 -0.672621 -0.0321212
-4 -2 0.5 1 -0.351441 -0.0948123
-4 2 0.5 1 0.219338 -0.0961878
-2 4 0.5 1 0.270914 -0.0534597
7 2 3 1 -0.134558 0.183906
7 -2 3 1 -0.382696 0.211932
7 2 0.5 1 -0.144736 0.0395946
7 -2 0.5 1 -0.389852 0.0532221
4 0 3.3 1 -0.219489 0.231073
7 0 3.3 1 -0.251741 0.215721
