0 0 4.5 1 -0.285773 0.50116
2 4 3 1 -0.0280237 0.282393
4 2 3 1 -0.240597 0.26941
4 -2 3 1 -0.589934 0.275189
2 -4 3 1 -0.842902 0.305465
-2 -4 3 1 -0.901256 0.40987
-4 -2 3 1 -0.354902 0.460448
-4 2 3 1 0.241524 0.385318
-2 4 3 1 0.214207 0.327904
2 4 0.5 1 -0.0185655 0.0855431
4 2 0.5 1 -0.224477 0.0791056
4 -2 0.5 1 -0.556658 0.0451001
2 -4 0.5 1 -0.785554 -0.0010404
-2 -4 0.5 1 -0.804611 -0.0892811
-4 -2 0.5 1 -0.29964 -0.0864931
-4 2 0.5 1 0.242172 0.0201022
-2 4 0.5 1 0.215892 0.0662535
7 2 3 1 -0.319487 0.250444
7 -2 3 1 -0.619588 0.251816
7 2 0.5 1 -0.303581 0.0891075
7 -2 0.5 1 -0.59117 0.0627703
4 0 3.3 1 -0.401121 0.29806
7 0 3.3 1 -0.459967 0.272693
