0 0 4.5 1 0.0707586 0.0390835
2 4 3 1 -0.282647 -0.0609084
4 2 3 1 -0.165869 -0.0260192
4 -2 3 1 0.271634 -0.0112627
2 -4 3 1 0.441117 -0.039499
-2 -4 3 1 0.359102 -0.0827538
-4 -2 3 1 0.208464 -0.0995293
-4 2 3 1 -0.0288611 -0.104963
-2 4 3 1 -0.177316 -0.0959185
2 4 0.5 1 -0.29296 -0.28469
4 2 0.5 1 -0.172242 -0.303262
4 -2 0.5 1 0.290684 -0.304586
2 -4 0.5 1 0.465294 -0.285003
-2 -4 0.5 1 0.373636 -0.261368
-4 -2 0.5 1 0.216409 -0.254326
-4 2 0.5 1 -0.0281973 -0.255164
-2 4 0.5 1 -0.181476 -0.262752
7 2 3 1 -0.302222 0.0525481
7 -2 3 1 0.337873 0.0812916
7 2 0.5 1 -0.322993 -0.353599
7 -2 0.5 1 0.373097 -0.360352
4 0 3.3 1 0.0461124 0.0132975
7 0 3.3 1 0.0040994 0.112622
