0 0 4.5 1 0.185035 0.558292
2 4 3 1 0.626708 0.390843
4 2 3 1 0.412567 0.350279
4 -2 3 1 0.104825 0.329784
2 -4 3 1 -0.0884596 0.336986
-2 -4 3 1 -0.288355 0.386963
-4 -2 3 1 -0.241297 0.45984
-4 2 3 1 0.386206 0.546263
-2 4 3 1 0.738063 0.49596
2 4 0.5 1 0.600791 0.137001
4 2 0.5 1 0.39988 0.148275
4 -2 0.5 1 0.103882 0.149874
2 -4 0.5 1 -0.0824417 0.143018
-2 -4 0.5 1 -0.270211 0.119694
-4 -2 0.5 1 -0.219925 0.0935699
-4 2 0.5 1 0.359895 0.0749527
-2 4 0.5 1 0.690369 0.0999369
7 2 3 1 0.416 0.324756
7 -2 3 1 0.157689 0.30992
7 2 0.5 1 0.405393 0.158385
7 -2 0.5 1 0.155388 0.15883
4 0 3.3 1 0.250541 0.363226
7 0 3.3 1 0.281376 0.33664
