0 0 4.5 1 0.416753 0.127978
2 4 3 1 -0.02338 -0.0829394
4 2 3 1 -0.134787 -0.0415438
4 -2 3 1 0.19348 0.0778737
2 -4 3 1 0.996587 0.129345
-2 -4 3 1 1.30515 0.00709492
-4 -2 3 1 0.976337 -0.0626191
-4 2 3 1 0.51893 -0.101543
-2 4 3 1 0.265494 -0.104769
2 4 0.5 1 -0.0281111 -0.332393
4 2 0.5 1 -0.148696 -0.378525
4 -2 0.5 1 0.208777 -0.544373
2 -4 0.5 1 1.14419 -0.64685
-2 -4 0.5 1 1.42802 -0.489451
-4 -2 0.5 1 1.03489 -0.389858
-4 2 0.5 1 0.538789 -0.328064
-2 4 0.5 1 0.273491 -0.316089
7 2 3 1 -0.574068 -0.00122541
7 -2 3 1 -0.602345 0.220694
7 2 0.5 1 -0.627548 -0.413673
7 -2 0.5 1 -0.735724 -0.721031
4 0 3.3 1 -0.016316 0.0490052
7 0 3.3 1 -0.574901 0.129851
