0 0 4.5 1 0.213608 0.561174
2 4 3 1 0.668795 0.383241
4 2 3 1 0.44791 0.345172
4 -2 3 1 0.133619 0.330017
2 -4 3 1 -0.0623446 0.340914
-2 -4 3 1 -0.267661 0.394746
-4 -2 3 1 -0.229997 0.467652
-4 2 3 1 0.401192 0.548667
-2 4 3 1 0.778352 0.491506
2 4 0.5 1 0.634112 0.121928
4 2 0.5 1 0.428948 0.138963
4 -2 0.5 1 0.127679 0.148265
2 -4 0.5 1 -0.0614808 0.146063
-2 -4 0.5 1 -0.256212 0.127338
-4 -2 0.5 1 -0.217009 0.0995534
-4 2 0.5 1 0.362394 0.0640226
-2 4 0.5 1 0.716626 0.0806065
7 2 3 1 0.453941 0.318903
7 -2 3 1 0.189579 0.308834
7 2 0.5 1 0.438067 0.149231
7 -2 0.5 1 0.182941 0.156075
4 0 3.3 1 0.282176 0.361285
7 0 3.3 1 0.316081 0.333578
