0 0 4.5 1 0.0249139 0.705845
2 4 3 1 1.29416 0.783431
4 2 3 1 0.976666 0.496579
4 -2 3 1 0.434255 0.355742
2 -4 3 1 0.13042 0.323806
-2 -4 3 1 -0.283848 0.322362
-4 -2 3 1 -0.603832 0.359284
-4 2 3 1 -1.09661 0.578866
-2 4 3 1 -0.629214 1.01906
2 4 0.5 1 1.09906 -0.237216
4 2 0.5 1 0.900132 -0.031814
4 -2 0.5 1 0.419446 0.0622597
2 -4 0.5 1 0.131542 0.0745526
-2 -4 0.5 1 -0.262307 0.0526347
-4 -2 0.5 1 -0.554817 0.00189807
-4 2 0.5 1 -0.926851 -0.201439
-2 4 0.5 1 -0.440566 -0.470609
7 2 3 1 1.42744 0.478689
7 -2 3 1 0.729408 0.354735
7 2 0.5 1 1.32136 0.00729434
7 -2 0.5 1 0.700847 0.0796942
4 0 3.3 1 0.629823 0.454438
7 0 3.3 1 0.991028 0.44482
