0 0 4.5 1 0.372164 0.508639
2 4 3 1 -0.0695991 0.348069
4 2 3 1 -0.0478487 0.39802
4 -2 3 1 0.477412 0.466366
2 -4 3 1 0.900467 0.438221
-2 -4 3 1 0.859511 0.350167
-4 -2 3 1 0.633192 0.315785
-4 2 3 1 0.309639 0.301745
-2 4 3 1 0.11876 0.30974
2 4 0.5 1 -0.0722332 0.118834
4 2 0.5 1 -0.0525204 0.0933746
4 -2 0.5 1 0.430993 0.0418243
2 -4 0.5 1 0.826274 0.0396339
-2 -4 0.5 1 0.810975 0.0829597
-4 -2 0.5 1 0.603935 0.108409
-4 2 0.5 1 0.295433 0.127785
-2 4 0.5 1 0.11048 0.131015
7 2 3 1 -0.378853 0.487162
7 -2 3 1 0.274629 0.662381
7 2 0.5 1 -0.360169 0.0629503
7 -2 0.5 1 0.225299 -0.0373708
4 0 3.3 1 0.172834 0.472266
7 0 3.3 1 -0.135249 0.623258
