0 0 4.5 1 -0.301576 0.307866
2 4 3 1 -0.0885456 0.0809188
4 2 3 1 -0.317916 0.0595598
4 -2 3 1 -0.705841 0.0605298
2 -4 3 1 -0.992159 0.103039
-2 -4 3 1 -0.922929 0.274307
-4 -2 3 1 -0.184226 0.334011
-4 2 3 1 0.282364 0.215598
-2 4 3 1 0.187975 0.142243
2 4 0.5 1 -0.0692421 -0.119692
4 2 0.5 1 -0.299963 -0.14338
4 -2 0.5 1 -0.685644 -0.207127
2 -4 0.5 1 -0.966811 -0.281296
-2 -4 0.5 1 -0.877893 -0.3815
-4 -2 0.5 1 -0.124931 -0.298072
-4 2 0.5 1 0.321722 -0.144947
-2 4 0.5 1 0.215029 -0.113656
7 2 3 1 -0.426783 0.0312608
7 -2 3 1 -0.774179 0.0247006
7 2 0.5 1 -0.412009 -0.143098
7 -2 0.5 1 -0.758096 -0.195376
4 0 3.3 1 -0.487682 0.0874424
7 0 3.3 1 -0.582342 0.051537
