0 0 4.5 1 0.228405 0.683621
2 4 3 1 -0.100852 0.292569
4 2 3 1 -0.368758 0.316075
4 -2 3 1 -0.669684 0.498385
2 -4 3 1 -0.128126 0.922213
-2 -4 3 1 1.7722 0.92194
-4 -2 3 1 1.30567 0.564084
-4 2 3 1 0.632006 0.364894
-2 4 3 1 0.300316 0.31335
2 4 0.5 1 -0.0813825 0.0359427
4 2 0.5 1 -0.331006 -0.0109448
4 -2 0.5 1 -0.565351 -0.170566
2 -4 0.5 1 -0.0330774 -0.37858
-2 -4 0.5 1 1.56208 -0.20667
-4 -2 0.5 1 1.2311 -0.0148411
-4 2 0.5 1 0.621931 0.0609131
-2 4 0.5 1 0.304291 0.0641307
7 2 3 1 -0.790933 0.29548
7 -2 3 1 -1.61216 0.467038
7 2 0.5 1 -0.730764 -0.0410892
7 -2 0.5 1 -1.40351 -0.243223
4 0 3.3 1 -0.473212 0.431751
7 0 3.3 1 -1.062 0.40872
