0 0 4.5 1 -0.428379 0.513079
2 4 3 1 -1.01457 0.45148
4 2 3 1 -0.452635 0.469283
4 -2 3 1 0.0605906 0.382092
2 -4 3 1 0.0403207 0.331886
-2 -4 3 1 -0.182147 0.295363
-4 -2 3 1 -0.393638 0.288266
-4 2 3 1 -0.76067 0.305248
-2 4 3 1 -1.02542 0.346528
2 4 0.5 1 -0.913436 -0.0313899
4 2 0.5 1 -0.39925 -0.0125507
4 -2 0.5 1 0.0674048 0.0670222
2 -4 0.5 1 0.0462832 0.0975428
-2 -4 0.5 1 -0.169896 0.108653
-4 -2 0.5 1 -0.374244 0.101403
-4 2 0.5 1 -0.720859 0.0701765
-2 4 0.5 1 -0.957301 0.0301377
7 2 3 1 -0.0479188 0.684803
7 -2 3 1 0.451926 0.462926
7 2 0.5 1 -0.0170757 -0.110857
7 -2 0.5 1 0.431986 0.0386409
4 0 3.3 1 -0.143293 0.465682
7 0 3.3 1 0.282575 0.612995
