0 0 4.5 1 -0.0788075 0.140147
2 4 3 1 0.179503 -0.0398618
4 2 3 1 0.00433092 -0.0348754
4 -2 3 1 -0.266604 -0.00792657
2 -4 3 1 -0.444606 0.0239745
-2 -4 3 1 -0.548388 0.0831256
-4 -2 3 1 -0.311815 0.10001
-4 2 3 1 0.247836 0.0325414
-2 4 3 1 0.341345 -0.0162786
2 4 0.5 1 0.168371 -0.225814
4 2 0.5 1 -0.0090987 -0.201776
4 -2 0.5 1 -0.28647 -0.184326
2 -4 0.5 1 -0.47294 -0.187334
-2 -4 0.5 1 -0.594708 -0.231163
-4 -2 0.5 1 -0.358341 -0.289451
-4 2 0.5 1 0.229743 -0.313425
-2 4 0.5 1 0.330632 -0.277564
7 2 3 1 -0.0331075 -0.0452406
7 -2 3 1 -0.260144 -0.0233496
7 2 0.5 1 -0.0449542 -0.185015
7 -2 0.5 1 -0.276488 -0.169724
4 0 3.3 1 -0.125319 -0.00165964
7 0 3.3 1 -0.142259 -0.017714
