0 0 4.5 1 -0.335163 0.489848
2 4 3 1 -0.863411 0.441045
4 2 3 1 -0.427286 0.434433
4 -2 3 1 0.081767 0.343258
2 -4 3 1 0.0927172 0.301555
-2 -4 3 1 -0.102033 0.283047
-4 -2 3 1 -0.294401 0.289214
-4 2 3 1 -0.617895 0.322351
-2 4 3 1 -0.841173 0.365953
2 4 0.5 1 -0.820551 0.0366864
4 2 0.5 1 -0.413561 0.00984563
4 -2 0.5 1 0.0653485 0.0427965
2 -4 0.5 1 0.0798317 0.0752306
-2 -4 0.5 1 -0.106175 0.105302
-4 -2 0.5 1 -0.292644 0.115109
-4 2 0.5 1 -0.604099 0.112767
-2 4 0.5 1 -0.813044 0.0943097
7 2 3 1 -0.181846 0.578757
7 -2 3 1 0.424608 0.392514
7 2 0.5 1 -0.188049 -0.111967
7 -2 0.5 1 0.378114 -0.0203801
4 0 3.3 1 -0.127613 0.426182
7 0 3.3 1 0.205166 0.530167
