0 0 4.5 1 -0.0551906 0.100017
2 4 3 1 -0.411674 -0.0194585
4 2 3 1 -0.252788 0.0194628
4 -2 3 1 0.184651 0.0494455
2 -4 3 1 0.308289 0.0317184
-2 -4 3 1 0.207244 -0.00743874
-4 -2 3 1 0.0604475 -0.0288684
-4 2 3 1 -0.174138 -0.0464979
-2 4 3 1 -0.323692 -0.0468094
2 4 0.5 1 -0.403162 -0.257286
4 2 0.5 1 -0.23733 -0.266401
4 -2 0.5 1 0.213137 -0.223621
2 -4 0.5 1 0.334374 -0.188906
-2 -4 0.5 1 0.224629 -0.171121
-4 -2 0.5 1 0.0735504 -0.175586
-4 2 0.5 1 -0.164731 -0.196831
-2 4 0.5 1 -0.315797 -0.219772
7 2 3 1 -0.336176 0.0893961
7 -2 3 1 0.311304 0.129305
7 2 0.5 1 -0.316773 -0.342529
7 -2 0.5 1 0.359671 -0.274046
4 0 3.3 1 -0.0321569 0.0671236
7 0 3.3 1 -0.00654305 0.157459
