0 0 4.5 1 -0.206527 0.169527
2 4 3 1 -0.635851 0.126307
4 2 3 1 -0.364227 0.11916
4 -2 3 1 0.0951263 0.0471974
2 -4 3 1 0.154157 0.0126064
-2 -4 3 1 0.00781432 0.00266569
-4 -2 3 1 -0.154231 0.0132339
-4 2 3 1 -0.416315 0.0459638
-2 4 3 1 -0.58624 0.079542
2 4 0.5 1 -0.677889 -0.170795
4 2 0.5 1 -0.405042 -0.217528
4 -2 0.5 1 0.0712869 -0.228038
2 -4 0.5 1 0.136673 -0.20052
-2 -4 0.5 1 -0.00727811 -0.160029
-4 -2 0.5 1 -0.170249 -0.139621
-4 2 0.5 1 -0.437479 -0.12413
-2 4 0.5 1 -0.614729 -0.127912
7 2 3 1 -0.304011 0.203776
7 -2 3 1 0.332733 0.0795604
7 2 0.5 1 -0.366537 -0.328404
7 -2 0.5 1 0.30551 -0.313779
4 0 3.3 1 -0.107777 0.115005
7 0 3.3 1 0.0666463 0.184692
