0 0 4.5 1 -0.0117319 0.0648861
2 4 3 1 0.290943 -0.0800335
4 2 3 1 0.118412 -0.0978066
4 -2 3 1 -0.147478 -0.102817
2 -4 3 1 -0.320567 -0.091281
-2 -4 3 1 -0.447694 -0.044809
-4 -2 3 1 -0.279135 0.0021853
-4 2 3 1 0.276319 0.0108273
-2 4 3 1 0.425596 -0.0300433
2 4 0.5 1 0.306247 -0.275864
4 2 0.5 1 0.126005 -0.268781
4 -2 0.5 1 -0.148713 -0.275413
2 -4 0.5 1 -0.328731 -0.291419
-2 -4 0.5 1 -0.466812 -0.334119
-4 -2 0.5 1 -0.291425 -0.366323
-4 2 0.5 1 0.304006 -0.350356
-2 4 0.5 1 0.455145 -0.31043
7 2 3 1 0.0945913 -0.114194
7 -2 3 1 -0.12782 -0.118495
7 2 0.5 1 0.100255 -0.25698
7 -2 0.5 1 -0.1283 -0.26241
4 0 3.3 1 -0.01436 -0.0804291
7 0 3.3 1 -0.0165371 -0.0996533
