0 0 4.5 1 0.078385 0.0446333
2 4 3 1 -0.273886 -0.0596136
4 2 3 1 -0.160315 -0.0230877
4 -2 3 1 0.277488 -0.00263079
2 -4 3 1 0.451034 -0.029158
-2 -4 3 1 0.370883 -0.0740838
-4 -2 3 1 0.21995 -0.0928318
-4 2 3 1 -0.0178494 -0.101019
-2 4 3 1 -0.16662 -0.093592
2 4 0.5 1 -0.281403 -0.282387
4 2 0.5 1 -0.163508 -0.299567
4 -2 0.5 1 0.299633 -0.296934
2 -4 0.5 1 0.477964 -0.27602
-2 -4 0.5 1 0.387466 -0.253441
-4 -2 0.5 1 0.229677 -0.247939
-4 2 0.5 1 -0.0153979 -0.251031
-2 4 0.5 1 -0.168719 -0.259886
7 2 3 1 -0.30169 0.0542474
7 -2 3 1 0.338032 0.0922816
7 2 0.5 1 -0.317904 -0.350163
7 -2 0.5 1 0.377492 -0.351464
4 0 3.3 1 0.0507194 0.0189984
7 0 3.3 1 0.00239287 0.118741
