0 0 4.5 1 -0.450987 0.304761
2 4 3 1 -1.05004 0.305512
4 2 3 1 -0.28926 0.31656
4 -2 3 1 0.102533 0.190888
2 -4 3 1 0.0165735 0.126194
-2 -4 3 1 -0.250885 0.0731767
-4 -2 3 1 -0.490817 0.0566866
-4 2 3 1 -0.924547 0.0692134
-2 4 3 1 -1.24541 0.128613
2 4 0.5 1 -1.01028 -0.348438
4 2 0.5 1 -0.239572 -0.241336
4 -2 0.5 1 0.135164 -0.125549
2 -4 0.5 1 0.039954 -0.108293
-2 -4 0.5 1 -0.233321 -0.122678
-4 -2 0.5 1 -0.474131 -0.149815
-4 2 0.5 1 -0.905874 -0.218565
-2 4 0.5 1 -1.22296 -0.29325
7 2 3 1 0.4222 0.593564
7 -2 3 1 0.52919 0.287388
7 2 0.5 1 0.522645 -0.267385
7 -2 0.5 1 0.576361 -0.107977
4 0 3.3 1 -0.0443186 0.284155
7 0 3.3 1 0.487852 0.447715
