0 0 4.5 1 -0.18313 0.283957
2 4 3 1 -0.130238 -0.0197668
4 2 3 1 -0.396403 0.00523362
4 -2 3 1 -0.847639 0.112621
2 -4 3 1 -1.14614 0.285478
-2 -4 3 1 -0.503842 0.540003
-4 -2 3 1 0.393043 0.317902
-4 2 3 1 0.438634 0.0546354
-2 4 3 1 0.220849 -0.00622555
2 4 0.5 1 -0.14502 -0.245741
4 2 0.5 1 -0.424574 -0.240291
4 -2 0.5 1 -0.922872 -0.260119
2 -4 0.5 1 -1.30828 -0.322707
-2 -4 0.5 1 -0.659958 -0.506185
-4 -2 0.5 1 0.417885 -0.445527
-4 2 0.5 1 0.453223 -0.315437
-2 4 0.5 1 0.220569 -0.273598
7 2 3 1 -0.583865 -0.00585686
7 -2 3 1 -1.04542 0.0798973
7 2 0.5 1 -0.616341 -0.223874
7 -2 0.5 1 -1.11972 -0.232898
4 0 3.3 1 -0.570988 0.0814339
7 0 3.3 1 -0.768196 0.0586721
