0 0 4.5 1 0.163592 0.397261
2 4 3 1 1.22416 0.40974
4 2 3 1 0.880742 0.249691
4 -2 3 1 0.403153 0.136292
2 -4 3 1 0.13044 0.098485
-2 -4 3 1 -0.23036 0.080552
-4 -2 3 1 -0.466847 0.104554
-4 2 3 1 -0.496154 0.296874
-2 4 3 1 0.472277 0.563015
2 4 0.5 1 1.30632 -0.244801
4 2 0.5 1 0.926368 -0.136457
4 -2 0.5 1 0.429835 -0.110212
2 -4 0.5 1 0.153447 -0.125635
-2 -4 0.5 1 -0.205305 -0.182247
-4 -2 0.5 1 -0.433816 -0.259969
-4 2 0.5 1 -0.42534 -0.486679
-2 4 0.5 1 0.599243 -0.585051
7 2 3 1 1.09628 0.242305
7 -2 3 1 0.600616 0.143496
7 2 0.5 1 1.13602 -0.0821364
7 -2 0.5 1 0.62529 -0.0763202
4 0 3.3 1 0.585278 0.216356
7 0 3.3 1 0.79718 0.214669
