0 0 4.5 1 -0.272109 0.388728
2 4 3 1 -0.755695 0.350304
4 2 3 1 -0.396207 0.335566
4 -2 3 1 0.0913581 0.244837
2 -4 3 1 0.121592 0.207034
-2 -4 3 1 -0.0524193 0.196854
-4 -2 3 1 -0.230546 0.208803
-4 2 3 1 -0.524491 0.247525
-2 4 3 1 -0.721515 0.289849
2 4 0.5 1 -0.757169 -0.00178773
4 2 0.5 1 -0.411935 -0.0457954
4 -2 0.5 1 0.0650174 -0.0403813
2 -4 0.5 1 0.100785 -0.00999174
-2 -4 0.5 1 -0.0655426 0.0281384
-4 -2 0.5 1 -0.240161 0.0460691
-4 2 0.5 1 -0.529866 0.057459
-2 4 0.5 1 -0.723379 0.0494521
7 2 3 1 -0.237323 0.444607
7 -2 3 1 0.391406 0.278424
7 2 0.5 1 -0.272233 -0.168112
7 -2 0.5 1 0.342471 -0.118978
4 0 3.3 1 -0.114329 0.32435
7 0 3.3 1 0.150787 0.404851
