0 0 4.5 1 -0.461992 0.359096
2 4 3 1 -1.07216 0.33123
4 2 3 1 -0.353144 0.358171
4 -2 3 1 0.0810328 0.249929
2 -4 3 1 0.0123735 0.187828
-2 -4 3 1 -0.24283 0.134909
-4 -2 3 1 -0.475089 0.117057
-4 2 3 1 -0.892279 0.123757
-2 4 3 1 -1.2021 0.17253
2 4 0.5 1 -0.993833 -0.270858
4 2 0.5 1 -0.2947 -0.179825
4 -2 0.5 1 0.111283 -0.065012
2 -4 0.5 1 0.0352618 -0.0450676
-2 -4 0.5 1 -0.22249 -0.0568648
-4 -2 0.5 1 -0.452551 -0.0822793
-4 2 0.5 1 -0.858357 -0.146496
-2 4 0.5 1 -1.14996 -0.214818
7 2 3 1 0.288655 0.637225
7 -2 3 1 0.501713 0.35044
7 2 0.5 1 0.364706 -0.218816
7 -2 0.5 1 0.535225 -0.0520289
4 0 3.3 1 -0.0837996 0.338125
7 0 3.3 1 0.428118 0.508757
