0 0 4.5 1 0.432935 0.219783
2 4 3 1 -0.0212813 0.0747531
4 2 3 1 -0.0648834 0.121733
4 -2 3 1 0.393517 0.180746
2 -4 3 1 1.01354 0.13838
-2 -4 3 1 1.09169 0.0310503
-4 -2 3 1 0.815182 0.00512416
-4 2 3 1 0.431023 0.0102377
-2 4 3 1 0.212854 0.0290179
2 4 0.5 1 -0.0438095 -0.154033
4 2 0.5 1 -0.0959987 -0.186474
4 -2 0.5 1 0.354512 -0.322228
2 -4 0.5 1 0.989119 -0.399784
-2 -4 0.5 1 1.07729 -0.319264
-4 -2 0.5 1 0.801307 -0.246076
-4 2 0.5 1 0.416712 -0.180705
-2 4 0.5 1 0.19679 -0.1573
7 2 3 1 -0.454665 0.209368
7 -2 3 1 -0.109484 0.390246
7 2 0.5 1 -0.50336 -0.191057
7 -2 0.5 1 -0.193871 -0.415695
4 0 3.3 1 0.114158 0.189124
7 0 3.3 1 -0.331999 0.332125
