0 0 4.5 1 0.144234 0.528139
2 4 3 1 0.5659 0.376584
4 2 3 1 0.361996 0.333598
4 -2 3 1 0.0645556 0.306593
2 -4 3 1 -0.124142 0.308889
-2 -4 3 1 -0.315154 0.35326
-4 -2 3 1 -0.255078 0.425336
-4 2 3 1 0.360731 0.517266
-2 4 3 1 0.677526 0.476047
2 4 0.5 1 0.553628 0.134994
4 2 0.5 1 0.358731 0.138999
4 -2 0.5 1 0.0704569 0.130665
2 -4 0.5 1 -0.11162 0.117685
-2 -4 0.5 1 -0.289437 0.0884371
-4 -2 0.5 1 -0.224111 0.0651251
-4 2 0.5 1 0.353529 0.0689435
-2 4 0.5 1 0.652071 0.103632
7 2 3 1 0.362163 0.309277
7 -2 3 1 0.113026 0.288586
7 2 0.5 1 0.359454 0.148738
7 -2 0.5 1 0.116777 0.140971
4 0 3.3 1 0.20567 0.342404
7 0 3.3 1 0.232357 0.317517
