0 0 4.5 1 0.0740229 0.614548
2 4 3 1 1.30489 0.670749
4 2 3 1 0.946322 0.439227
4 -2 3 1 0.419336 0.303738
2 -4 3 1 0.124941 0.265109
-2 -4 3 1 -0.272666 0.250274
-4 -2 3 1 -0.567087 0.275914
-4 2 3 1 -0.902281 0.475926
-2 4 3 1 -0.134607 0.859005
2 4 0.5 1 1.21697 -0.199897
4 2 0.5 1 0.919538 -0.0324535
4 -2 0.5 1 0.422892 0.0287322
2 -4 0.5 1 0.137549 0.0259971
-2 -4 0.5 1 -0.244301 -0.0158161
-4 -2 0.5 1 -0.514755 -0.0827546
-4 2 0.5 1 -0.755853 -0.31107
-2 4 0.5 1 -0.0220868 -0.525974
7 2 3 1 1.29075 0.43239
7 -2 3 1 0.675042 0.310951
7 2 0.5 1 1.2488 0.0223023
7 -2 0.5 1 0.669637 0.0580703
4 0 3.3 1 0.612944 0.397343
7 0 3.3 1 0.911237 0.396509
