0 0 4.5 1 0.295245 0.382653
2 4 3 1 0.827973 0.177541
4 2 3 1 0.581943 0.151198
4 -2 3 1 0.242122 0.15783
2 -4 3 1 0.0365564 0.181755
-2 -4 3 1 -0.192291 0.245766
-4 -2 3 1 -0.208176 0.314778
-4 2 3 1 0.376436 0.378123
-2 4 3 1 0.890172 0.29787
2 4 0.5 1 0.785722 -0.118845
4 2 0.5 1 0.553305 -0.0714237
4 -2 0.5 1 0.222019 -0.0264543
2 -4 0.5 1 0.0180266 -0.00897564
-2 -4 0.5 1 -0.213532 -0.00793218
-4 -2 0.5 1 -0.237391 -0.0393629
-4 2 0.5 1 0.315381 -0.151235
-2 4 0.5 1 0.820151 -0.184635
7 2 3 1 0.608428 0.121953
7 -2 3 1 0.316532 0.131894
7 2 0.5 1 0.584583 -0.0609314
7 -2 0.5 1 0.298801 -0.0242968
4 0 3.3 1 0.398695 0.179346
7 0 3.3 1 0.453315 0.147761
