0 0 4.5 1 0.182679 0.768027
2 4 3 1 -0.105936 0.354388
4 2 3 1 -0.395611 0.390118
4 -2 3 1 -0.814245 0.59266
2 -4 3 1 -0.576011 1.05898
-2 -4 3 1 1.75397 1.09493
-4 -2 3 1 1.36081 0.626204
-4 2 3 1 0.656926 0.406347
-2 4 3 1 0.312387 0.360838
2 4 0.5 1 -0.0970047 0.0932395
4 2 0.5 1 -0.366942 0.0635042
4 -2 0.5 1 -0.70931 -0.0651119
2 -4 0.5 1 -0.43082 -0.286855
-2 -4 0.5 1 1.38108 -0.258939
-4 -2 0.5 1 1.20965 -0.0355396
-4 2 0.5 1 0.621743 0.0787425
-2 4 0.5 1 0.300892 0.0993724
7 2 3 1 -0.790303 0.384033
7 -2 3 1 -1.62985 0.580082
7 2 0.5 1 -0.73769 0.0577899
7 -2 0.5 1 -1.42888 -0.076201
4 0 3.3 1 -0.538561 0.513696
7 0 3.3 1 -1.07613 0.505406
