0 0 4.5 1 0.129188 0.482556
2 4 3 1 1.25887 0.5156
4 2 3 1 0.904241 0.331181
4 -2 3 1 0.407535 0.207112
2 -4 3 1 0.126777 0.166898
-2 -4 3 1 -0.248046 0.146755
-4 -2 3 1 -0.507609 0.168462
-4 2 3 1 -0.652665 0.360585
-2 4 3 1 0.282435 0.674127
2 4 0.5 1 1.28667 -0.211347
4 2 0.5 1 0.926972 -0.0837627
4 -2 0.5 1 0.427467 -0.048627
2 -4 0.5 1 0.147574 -0.0616068
-2 -4 0.5 1 -0.219584 -0.115842
-4 -2 0.5 1 -0.464264 -0.192042
-4 2 0.5 1 -0.553876 -0.424684
-2 4 0.5 1 0.383938 -0.564788
7 2 3 1 1.16153 0.326322
7 -2 3 1 0.625247 0.216306
7 2 0.5 1 1.1767 -0.0262693
7 -2 0.5 1 0.640904 -0.0143005
4 0 3.3 1 0.594076 0.292974
7 0 3.3 1 0.835263 0.293741
