0 0 4.5 1 -0.0707123 0.113592
2 4 3 1 0.192849 -0.0623261
4 2 3 1 0.0182236 -0.0598499
4 -2 3 1 -0.251567 -0.0364874
2 -4 3 1 -0.428352 -0.00698672
-2 -4 3 1 -0.534997 0.0507175
-4 -2 3 1 -0.309026 0.0717467
-4 2 3 1 0.249627 0.0130349
-2 4 3 1 0.350825 -0.035548
2 4 0.5 1 0.184895 -0.250111
4 2 0.5 1 0.00694239 -0.227658
4 -2 0.5 1 -0.270225 -0.212541
2 -4 0.5 1 -0.455996 -0.216762
-2 -4 0.5 1 -0.581057 -0.259873
-4 -2 0.5 1 -0.353885 -0.315047
-4 2 0.5 1 0.237531 -0.336048
-2 4 0.5 1 0.345542 -0.300234
7 2 3 1 -0.0172985 -0.0710382
7 -2 3 1 -0.243291 -0.0520779
7 2 0.5 1 -0.0274351 -0.211498
7 -2 0.5 1 -0.258577 -0.198269
4 0 3.3 1 -0.111568 -0.0283918
7 0 3.3 1 -0.126452 -0.0449479
