0 0 4.5 1 0.231651 0.44699
2 4 3 1 -0.1554 0.27828
4 2 3 1 -0.101604 0.329721
4 -2 3 1 0.387769 0.419469
2 -4 3 1 0.690565 0.413928
-2 -4 3 1 0.633977 0.338636
-4 -2 3 1 0.449207 0.294917
-4 2 3 1 0.171428 0.259638
-2 4 3 1 0.00162207 0.253387
2 4 0.5 1 -0.135287 0.0596356
4 2 0.5 1 -0.0775388 0.0446961
4 -2 0.5 1 0.395331 0.0586864
2 -4 0.5 1 0.684849 0.0913853
-2 -4 0.5 1 0.63162 0.116112
-4 -2 0.5 1 0.451604 0.115023
-4 2 0.5 1 0.179307 0.100792
-2 4 0.5 1 0.0136552 0.0857997
7 2 3 1 -0.367148 0.397882
7 -2 3 1 0.312347 0.572369
7 2 0.5 1 -0.319361 -0.00811857
7 -2 0.5 1 0.329732 -0.00698628
4 0 3.3 1 0.112354 0.409424
7 0 3.3 1 -0.0921318 0.531245
