0 0 4.5 1 0.41932 0.425121
2 4 3 1 -0.0344507 0.279374
4 2 3 1 -0.0334342 0.327403
4 -2 3 1 0.481433 0.380748
2 -4 3 1 0.970221 0.338112
-2 -4 3 1 0.955054 0.245717
-4 -2 3 1 0.71065 0.219476
-4 2 3 1 0.367285 0.219064
-2 4 3 1 0.168024 0.234817
2 4 0.5 1 -0.0495511 0.0526057
4 2 0.5 1 -0.0535425 0.0241327
4 -2 0.5 1 0.422447 -0.0640714
2 -4 0.5 1 0.88497 -0.0944793
-2 -4 0.5 1 0.898439 -0.0409834
-4 -2 0.5 1 0.674611 0.00210056
-4 2 0.5 1 0.345984 0.0420432
-2 4 0.5 1 0.151241 0.0557828
7 2 3 1 -0.386471 0.42285
7 -2 3 1 0.185923 0.588661
7 2 0.5 1 -0.394735 0.00883724
7 -2 0.5 1 0.118674 -0.143786
4 0 3.3 1 0.178046 0.394553
7 0 3.3 1 -0.17938 0.550609
