0 0 4.5 1 0.125392 0.764864
2 4 3 1 -0.102367 0.353946
4 2 3 1 -0.400676 0.40289
4 -2 3 1 -0.8883 0.619249
2 -4 3 1 -0.940744 1.07473
-2 -4 3 1 1.45385 1.1742
-4 -2 3 1 1.32927 0.614603
-4 2 3 1 0.661771 0.379821
-2 4 3 1 0.318898 0.343212
2 4 0.5 1 -0.107458 0.0964318
4 2 0.5 1 -0.390632 0.087899
4 -2 0.5 1 -0.819658 0.00567654
2 -4 0.5 1 -0.798971 -0.189937
-2 -4 0.5 1 1.06954 -0.336754
-4 -2 0.5 1 1.1422 -0.112427
-4 2 0.5 1 0.609706 0.037517
-2 4 0.5 1 0.294069 0.0770211
7 2 3 1 -0.752295 0.410525
7 -2 3 1 -1.53259 0.620599
7 2 0.5 1 -0.724019 0.10469
7 -2 0.5 1 -1.40563 0.040952
4 0 3.3 1 -0.567664 0.529811
7 0 3.3 1 -1.02686 0.534544
