0 0 4.5 1 0.421239 0.124633
2 4 3 1 -0.0240267 -0.069252
4 2 3 1 -0.120793 -0.0254688
4 -2 3 1 0.242078 0.0805139
2 -4 3 1 1.01035 0.103717
-2 -4 3 1 1.25879 -0.0186528
-4 -2 3 1 0.941267 -0.0755562
-4 2 3 1 0.499615 -0.101383
-2 4 3 1 0.253471 -0.0981629
2 4 0.5 1 -0.0341272 -0.315177
4 2 0.5 1 -0.140568 -0.357723
4 -2 0.5 1 0.247215 -0.51937
2 -4 0.5 1 1.12324 -0.620201
-2 -4 0.5 1 1.35111 -0.482768
-4 -2 0.5 1 0.984221 -0.386923
-4 2 0.5 1 0.51187 -0.321024
-2 4 0.5 1 0.255618 -0.304873
7 2 3 1 -0.55173 0.0272617
7 -2 3 1 -0.495968 0.245258
7 2 0.5 1 -0.609968 -0.384127
7 -2 0.5 1 -0.6218 -0.675541
4 0 3.3 1 0.0125502 0.0600562
7 0 3.3 1 -0.525397 0.157721
