0 0 4.5 1 -0.123032 0.63275
2 4 3 1 0.573304 0.840993
4 2 3 1 0.807052 0.415145
4 -2 3 1 0.406622 0.253185
2 -4 3 1 0.125065 0.238879
-2 -4 3 1 -0.278424 0.273572
-4 -2 3 1 -0.604061 0.339679
-4 2 3 1 -1.23409 0.585671
-2 4 3 1 -1.50818 1.0061
2 4 0.5 1 0.405739 -0.420462
4 2 0.5 1 0.70618 -0.214549
4 -2 0.5 1 0.367514 -0.0612996
2 -4 0.5 1 0.100537 -0.0125655
-2 -4 0.5 1 -0.293169 0.0223289
-4 -2 0.5 1 -0.612665 0.0258306
-4 2 0.5 1 -1.21425 -0.0413829
-2 4 0.5 1 -1.43922 -0.249623
7 2 3 1 1.59543 0.34928
7 -2 3 1 0.791195 0.220273
7 2 0.5 1 1.44664 -0.281317
7 -2 0.5 1 0.740316 -0.0944388
4 0 3.3 1 0.545826 0.359274
7 0 3.3 1 1.06544 0.315443
