0 0 4.5 1 0.0223034 0.0537785
2 4 3 1 -0.338612 -0.0204351
4 2 3 1 -0.201817 0.00276395
4 -2 3 1 0.233666 -0.0169912
2 -4 3 1 0.378549 -0.0536296
-2 -4 3 1 0.284966 -0.085769
-4 -2 3 1 0.136044 -0.0905715
-4 2 3 1 -0.0983011 -0.0793758
-2 4 3 1 -0.244935 -0.0606476
2 4 0.5 1 -0.3635 -0.248157
4 2 0.5 1 -0.225777 -0.276341
4 -2 0.5 1 0.230891 -0.301056
2 -4 0.5 1 0.382146 -0.288027
-2 -4 0.5 1 0.284823 -0.257581
-4 -2 0.5 1 0.132059 -0.241435
-4 2 0.5 1 -0.108287 -0.228831
-2 4 0.5 1 -0.260469 -0.228848
7 2 3 1 -0.307544 0.0866583
7 -2 3 1 0.334643 0.0591177
7 2 0.5 1 -0.351346 -0.327117
7 -2 0.5 1 0.338002 -0.36567
4 0 3.3 1 0.0159913 0.0249801
7 0 3.3 1 0.0126462 0.119475
