0 0 4.5 1 -0.464299 0.382308
2 4 3 1 -1.07608 0.345542
4 2 3 1 -0.374928 0.375661
4 -2 3 1 0.0740749 0.272957
2 -4 3 1 0.011979 0.212132
-2 -4 3 1 -0.238773 0.160051
-4 -2 3 1 -0.468259 0.142407
-4 2 3 1 -0.879155 0.148277
-2 4 3 1 -1.18418 0.194209
2 4 0.5 1 -0.986283 -0.23827
4 2 0.5 1 -0.313916 -0.155077
4 -2 0.5 1 0.102654 -0.0419391
2 -4 0.5 1 0.0339805 -0.0206551
-2 -4 0.5 1 -0.218037 -0.0306213
-4 -2 0.5 1 -0.44428 -0.0547
-4 2 0.5 1 -0.840943 -0.11613
-2 4 0.5 1 -1.12366 -0.181462
7 2 3 1 0.237992 0.652061
7 -2 3 1 0.492292 0.37363
7 2 0.5 1 0.306234 -0.200906
7 -2 0.5 1 0.519578 -0.0322116
4 0 3.3 1 -0.0973047 0.35967
7 0 3.3 1 0.40596 0.531118
