0 0 4.5 1 0.211527 0.723583
2 4 3 1 -0.104345 0.32183
4 2 3 1 -0.38172 0.349479
4 -2 3 1 -0.731526 0.539202
2 -4 3 1 -0.298297 0.983211
-2 -4 3 1 1.78678 0.994244
-4 -2 3 1 1.3321 0.59549
-4 2 3 1 0.642227 0.387744
-2 4 3 1 0.304535 0.337908
2 4 0.5 1 -0.0882891 0.0628965
4 2 0.5 1 -0.346209 0.0218066
4 -2 0.5 1 -0.623389 -0.128145
2 -4 0.5 1 -0.185034 -0.345301
-2 -4 0.5 1 1.50562 -0.221387
-4 -2 0.5 1 1.22653 -0.0156341
-4 2 0.5 1 0.622333 0.074171
-2 4 0.5 1 0.302737 0.0834916
7 2 3 1 -0.795188 0.334027
7 -2 3 1 -1.63265 0.514623
7 2 0.5 1 -0.735736 0.000746778
7 -2 0.5 1 -1.41829 -0.17649
4 0 3.3 1 -0.502078 0.468269
7 0 3.3 1 -1.0748 0.450421
