0 0 4.5 1 0.0257168 0.153912
2 4 3 1 0.356113 0.0299701
4 2 3 1 0.183936 -0.00144387
4 -2 3 1 -0.080413 -0.024691
2 -4 3 1 -0.252424 -0.0243006
-2 -4 3 1 -0.395156 0.0136597
-4 -2 3 1 -0.263178 0.0729343
-4 2 3 1 0.291432 0.126757
-2 4 3 1 0.475891 0.0949152
2 4 0.5 1 0.380512 -0.167308
4 2 0.5 1 0.20122 -0.170579
4 -2 0.5 1 -0.0688342 -0.19077
2 -4 0.5 1 -0.243196 -0.213458
-2 -4 0.5 1 -0.386647 -0.256004
-4 -2 0.5 1 -0.246407 -0.276152
-4 2 0.5 1 0.33394 -0.236108
-2 4 0.5 1 0.515845 -0.191556
7 2 3 1 0.16814 -0.0202821
7 -2 3 1 -0.0528439 -0.0394172
7 2 0.5 1 0.182237 -0.161207
7 -2 0.5 1 -0.0427196 -0.178213
4 0 3.3 1 0.0487109 0.00647394
7 0 3.3 1 0.055273 -0.0134637
