0 0 4.5 1 -0.424201 0.242212
2 4 3 1 -0.979637 0.305608
4 2 3 1 -0.16425 0.264977
4 -2 3 1 0.14387 0.104322
2 -4 3 1 0.0273129 0.0383463
-2 -4 3 1 -0.263178 -0.00822132
-4 -2 3 1 -0.517554 -0.0165473
-4 2 3 1 -0.980245 0.0174979
-2 4 3 1 -1.31562 0.105445
2 4 0.5 1 -1.02228 -0.447846
4 2 0.5 1 -0.131145 -0.329135
4 -2 0.5 1 0.174849 -0.218617
2 -4 0.5 1 0.0464654 -0.20239
-2 -4 0.5 1 -0.254815 -0.214153
-4 -2 0.5 1 -0.516015 -0.238731
-4 2 0.5 1 -0.997896 -0.306321
-2 4 0.5 1 -1.36498 -0.387094
7 2 3 1 0.648241 0.511394
7 -2 3 1 0.580119 0.184043
7 2 0.5 1 0.798044 -0.353593
7 -2 0.5 1 0.640906 -0.205049
4 0 3.3 1 0.030506 0.208628
7 0 3.3 1 0.591933 0.346414
