0 0 4.5 1 -0.211187 0.247501
2 4 3 1 -0.125917 -0.0441536
4 2 3 1 -0.387257 -0.0294007
4 -2 3 1 -0.8302 0.0549497
2 -4 3 1 -1.13114 0.199256
-2 -4 3 1 -0.624862 0.453057
-4 -2 3 1 0.274763 0.298482
-4 2 3 1 0.410747 0.0492611
-2 4 3 1 0.213914 -0.0184999
2 4 0.5 1 -0.134405 -0.268057
4 2 0.5 1 -0.408948 -0.26979
4 -2 0.5 1 -0.894913 -0.30101
2 -4 0.5 1 -1.27303 -0.36762
-2 -4 0.5 1 -0.773828 -0.524434
-4 -2 0.5 1 0.308557 -0.452795
-4 2 0.5 1 0.436943 -0.323316
-2 4 0.5 1 0.221945 -0.286708
7 2 3 1 -0.559779 -0.0464068
7 -2 3 1 -0.999612 0.0176117
7 2 0.5 1 -0.586147 -0.258577
7 -2 0.5 1 -1.06343 -0.279756
4 0 3.3 1 -0.562336 0.0370665
7 0 3.3 1 -0.738803 0.0084672
