0 0 4.5 1 0.287755 0.213568
2 4 3 1 0.917759 0.0226362
4 2 3 1 0.652975 -0.0135663
4 -2 3 1 0.286306 -0.0151156
2 -4 3 1 0.0667843 0.00390261
-2 -4 3 1 -0.190206 0.0600782
-4 -2 3 1 -0.253789 0.126443
-4 2 3 1 0.255877 0.220158
-2 4 3 1 0.89528 0.161635
2 4 0.5 1 0.923562 -0.331211
4 2 0.5 1 0.649779 -0.266838
4 -2 0.5 1 0.275885 -0.212856
2 -4 0.5 1 0.0515457 -0.194357
-2 -4 0.5 1 -0.21724 -0.195773
-4 -2 0.5 1 -0.294526 -0.232459
-4 2 0.5 1 0.22158 -0.376219
-2 4 0.5 1 0.903651 -0.430055
7 2 3 1 0.705679 -0.0445866
7 -2 3 1 0.382048 -0.0402095
7 2 0.5 1 0.704256 -0.252922
7 -2 0.5 1 0.374919 -0.209452
4 0 3.3 1 0.448497 0.0115107
7 0 3.3 1 0.528057 -0.0202643
