0 0 4.5 1 -0.463507 0.433901
2 4 3 1 -1.07369 0.382362
4 2 3 1 -0.414798 0.41403
4 -2 3 1 0.0628069 0.320538
2 -4 3 1 0.0148556 0.262906
-2 -4 3 1 -0.226569 0.214185
-4 -2 3 1 -0.450247 0.19841
-4 2 3 1 -0.847356 0.205114
-2 4 3 1 -1.14078 0.247133
2 4 0.5 1 -0.967211 -0.164909
4 2 0.5 1 -0.350888 -0.101375
4 -2 0.5 1 0.0861725 0.00504716
2 -4 0.5 1 0.0334498 0.02958
-2 -4 0.5 1 -0.206475 0.0251153
-4 -2 0.5 1 -0.424987 0.00521828
-4 2 0.5 1 -0.80334 -0.0482246
-2 4 0.5 1 -1.06849 -0.106095
7 2 3 1 0.131638 0.677946
7 -2 3 1 0.474815 0.418612
7 2 0.5 1 0.185739 -0.164415
7 -2 0.5 1 0.48706 0.00491296
4 0 3.3 1 -0.121788 0.405048
7 0 3.3 1 0.360292 0.574176
