0 0 4.5 1 -0.189105 0.107935
2 4 3 1 -0.606467 0.0563846
4 2 3 1 -0.354789 0.0556299
4 -2 3 1 0.1003 -0.00492028
2 -4 3 1 0.168551 -0.0384394
-2 -4 3 1 0.0291638 -0.0514024
-4 -2 3 1 -0.129992 -0.0439882
-4 2 3 1 -0.386453 -0.0167887
-2 4 3 1 -0.55166 0.012467
2 4 0.5 1 -0.651322 -0.231594
4 2 0.5 1 -0.395659 -0.274481
4 -2 0.5 1 0.0821517 -0.28176
2 -4 0.5 1 0.156322 -0.254043
-2 -4 0.5 1 0.0170335 -0.21515
-4 -2 0.5 1 -0.144357 -0.19666
-4 2 0.5 1 -0.407679 -0.18437
-2 4 0.5 1 -0.581607 -0.189901
7 2 3 1 -0.31889 0.137733
7 -2 3 1 0.321042 0.0325275
7 2 0.5 1 -0.381425 -0.381193
7 -2 0.5 1 0.305929 -0.365833
4 0 3.3 1 -0.103984 0.0573436
7 0 3.3 1 0.0465794 0.129085
