0 0 4.5 1 0.105563 0.745228
2 4 3 1 -0.101623 0.340383
4 2 3 1 -0.39965 0.392224
4 -2 3 1 -0.895932 0.609066
2 -4 3 1 -1.00987 1.04938
-2 -4 3 1 1.3054 1.16963
-4 -2 3 1 1.29556 0.598252
-4 2 3 1 0.656194 0.359879
-2 4 3 1 0.317343 0.325477
2 4 0.5 1 -0.110662 0.0856674
4 2 0.5 1 -0.395904 0.0829787
4 -2 0.5 1 -0.843724 0.0149165
2 -4 0.5 1 -0.889888 -0.166412
-2 -4 0.5 1 0.953906 -0.357603
-4 -2 0.5 1 1.11141 -0.141747
-4 2 0.5 1 0.602356 0.0154217
-2 4 0.5 1 0.290009 0.0595729
7 2 3 1 -0.736899 0.402556
7 -2 3 1 -1.4897 0.611996
7 2 0.5 1 -0.717379 0.104735
7 -2 0.5 1 -1.39071 0.0587466
4 0 3.3 1 -0.57028 0.518461
7 0 3.3 1 -1.00429 0.52533
