0 0 4.5 1 -0.192616 0.486203
2 4 3 1 0.0601485 0.270732
4 2 3 1 -0.137529 0.274107
4 -2 3 1 -0.453224 0.301472
2 -4 3 1 -0.672719 0.339664
-2 -4 3 1 -0.757213 0.419234
-4 -2 3 1 -0.348775 0.433938
-4 2 3 1 0.256479 0.343811
-2 4 3 1 0.274225 0.294681
2 4 0.5 1 0.0500493 0.0798248
4 2 0.5 1 -0.140907 0.0940035
4 -2 0.5 1 -0.445839 0.0938155
2 -4 0.5 1 -0.653384 0.0740289
-2 -4 0.5 1 -0.721343 0.00232417
-4 -2 0.5 1 -0.340508 -0.0459202
-4 2 0.5 1 0.226097 -0.0106145
-2 4 0.5 1 0.251116 0.0364754
7 2 3 1 -0.199552 0.263135
7 -2 3 1 -0.466807 0.284245
7 2 0.5 1 -0.200778 0.11107
7 -2 0.5 1 -0.460299 0.112998
4 0 3.3 1 -0.284315 0.31086
7 0 3.3 1 -0.325546 0.293017
