0 0 4.5 1 0.295873 0.368107
2 4 3 1 0.834393 0.162986
4 2 3 1 0.58715 0.136655
4 -2 3 1 0.245787 0.143581
2 -4 3 1 0.0395142 0.16764
-2 -4 3 1 -0.190955 0.231562
-4 -2 3 1 -0.210157 0.300367
-4 2 3 1 0.369569 0.364497
-2 4 3 1 0.891747 0.284331
2 4 0.5 1 0.794187 -0.13637
4 2 0.5 1 0.559492 -0.0874532
4 -2 0.5 1 0.225812 -0.0411559
2 -4 0.5 1 0.0206661 -0.0231104
-2 -4 0.5 1 -0.213302 -0.02159
-4 -2 0.5 1 -0.240969 -0.0531712
-4 2 0.5 1 0.309623 -0.16813
-2 4 0.5 1 0.825283 -0.203914
7 2 3 1 0.615239 0.107241
7 -2 3 1 0.321515 0.117541
7 2 0.5 1 0.592255 -0.0768748
7 -2 0.5 1 0.304023 -0.0391427
4 0 3.3 1 0.40268 0.165007
7 0 3.3 1 0.458843 0.133299
