0 0 4.5 1 -0.138216 0.0173809
2 4 3 1 -0.530167 -0.0627704
4 2 3 1 -0.319064 -0.0450148
4 -2 3 1 0.129637 -0.0692181
2 -4 3 1 0.220513 -0.0980277
-2 -4 3 1 0.0967621 -0.121711
-4 -2 3 1 -0.0572359 -0.125658
-4 2 3 1 -0.304202 -0.116769
-2 4 3 1 -0.461935 -0.10011
2 4 0.5 1 -0.562927 -0.334194
4 2 0.5 1 -0.344258 -0.362804
4 -2 0.5 1 0.132339 -0.35042
2 -4 0.5 1 0.226594 -0.320106
-2 -4 0.5 1 0.0972788 -0.288747
-4 -2 0.5 1 -0.0613673 -0.278939
-4 2 0.5 1 -0.316511 -0.280307
-2 4 0.5 1 -0.482529 -0.293597
7 2 3 1 -0.335281 0.033287
7 -2 3 1 0.311821 -0.0141941
7 2 0.5 1 -0.376505 -0.458681
7 -2 0.5 1 0.330674 -0.423608
4 0 3.3 1 -0.080191 -0.0242554
7 0 3.3 1 0.0174938 0.05619
