0 0 4.5 1 -0.120869 0.381919
2 4 3 1 -0.128304 0.0579752
4 2 3 1 -0.402026 0.0992488
4 -2 3 1 -0.867804 0.246131
2 -4 3 1 -1.1592 0.475203
-2 -4 3 1 -0.213267 0.717275
-4 -2 3 1 0.625946 0.369926
-4 2 3 1 0.494367 0.0986639
-2 4 3 1 0.240842 0.0516526
2 4 0.5 1 -0.150624 -0.170486
4 2 0.5 1 -0.435104 -0.155133
4 -2 0.5 1 -0.944101 -0.160866
2 -4 0.5 1 -1.31893 -0.224837
-2 -4 0.5 1 -0.351101 -0.466502
-4 -2 0.5 1 0.617668 -0.404233
-4 2 0.5 1 0.485088 -0.262749
-2 4 0.5 1 0.22638 -0.211844
7 2 3 1 -0.618192 0.0993898
7 -2 3 1 -1.12589 0.224742
7 2 0.5 1 -0.653726 -0.129566
7 -2 0.5 1 -1.20105 -0.120827
4 0 3.3 1 -0.575765 0.191852
7 0 3.3 1 -0.814661 0.181214
