0 0 4.5 1 0.0447472 0.246109
2 4 3 1 0.393614 0.127934
4 2 3 1 0.218819 0.0902697
4 -2 3 1 -0.047822 0.0598525
2 -4 3 1 -0.22101 0.0562935
-2 -4 3 1 -0.374308 0.0912092
-4 -2 3 1 -0.262527 0.155125
-4 2 3 1 0.297926 0.229418
-2 4 3 1 0.507202 0.201264
2 4 0.5 1 0.416897 -0.0733757
4 2 0.5 1 0.237178 -0.079927
4 -2 0.5 1 -0.0320697 -0.103995
2 -4 0.5 1 -0.204671 -0.128111
-2 -4 0.5 1 -0.352904 -0.16959
-4 -2 0.5 1 -0.232736 -0.186609
-4 2 0.5 1 0.339424 -0.141149
-2 4 0.5 1 0.543009 -0.0946816
7 2 3 1 0.207457 0.0702838
7 -2 3 1 -0.0153911 0.0454616
7 2 0.5 1 0.222637 -0.0712209
7 -2 0.5 1 -0.00202664 -0.0916263
4 0 3.3 1 0.0808705 0.094638
7 0 3.3 1 0.0925194 0.0742694
