0 0 4.5 1 0.0475487 0.669261
2 4 3 1 1.31008 0.735885
4 2 3 1 0.965316 0.476172
4 -2 3 1 0.42737 0.337334
2 -4 3 1 0.127163 0.301778
-2 -4 3 1 -0.280343 0.293299
-4 -2 3 1 -0.589673 0.324248
-4 2 3 1 -1.01371 0.533525
-2 4 3 1 -0.391306 0.948632
2 4 0.5 1 1.1615 -0.214659
4 2 0.5 1 0.91131 -0.0261272
4 -2 0.5 1 0.421181 0.0521029
2 -4 0.5 1 0.133952 0.0569276
-2 -4 0.5 1 -0.254816 0.0249292
-4 -2 0.5 1 -0.537519 -0.0341878
-4 2 0.5 1 -0.850287 -0.251903
-2 4 0.5 1 -0.243059 -0.499486
7 2 3 1 1.36362 0.464629
7 -2 3 1 0.70395 0.340892
7 2 0.5 1 1.28763 0.0221034
7 -2 0.5 1 0.686189 0.0759557
4 0 3.3 1 0.623 0.433945
7 0 3.3 1 0.954068 0.42929
