0 0 4.5 1 -0.140235 0.60474
2 4 3 1 0.460278 0.82641
4 2 3 1 0.766898 0.397671
4 -2 3 1 0.395669 0.230838
2 -4 3 1 0.119704 0.216223
-2 -4 3 1 -0.279446 0.251545
-4 -2 3 1 -0.602035 0.317916
-4 2 3 1 -1.22616 0.559416
-2 4 3 1 -1.52488 0.962635
2 4 0.5 1 0.309242 -0.432786
4 2 0.5 1 0.674408 -0.237559
4 -2 0.5 1 0.357706 -0.084366
2 -4 0.5 1 0.0945149 -0.0343264
-2 -4 0.5 1 -0.297155 0.00344117
-4 -2 0.5 1 -0.616734 0.0103443
-4 2 0.5 1 -1.22784 -0.0454926
-2 4 0.5 1 -1.50344 -0.236645
7 2 3 1 1.58305 0.331436
7 -2 3 1 0.786479 0.196728
7 2 0.5 1 1.45031 -0.315901
7 -2 0.5 1 0.739026 -0.121428
4 0 3.3 1 0.524586 0.338088
7 0 3.3 1 1.05529 0.293716
