0 0 4.5 1 -0.0261967 0.0572163
2 4 3 1 0.267011 -0.0957249
4 2 3 1 0.0939734 -0.108423
4 -2 3 1 -0.172789 -0.106383
2 -4 3 1 -0.346521 -0.0904471
-2 -4 3 1 -0.468589 -0.0409679
-4 -2 3 1 -0.28714 0.000480567
-4 2 3 1 0.269259 -0.00764137
-2 4 3 1 0.407182 -0.0512496
2 4 0.5 1 0.277111 -0.290655
4 2 0.5 1 0.0969444 -0.279513
4 -2 0.5 1 -0.178983 -0.280577
2 -4 0.5 1 -0.360794 -0.293629
-2 -4 0.5 1 -0.496777 -0.33617
-4 -2 0.5 1 -0.30941 -0.373748
-4 2 0.5 1 0.288418 -0.367816
-2 4 0.5 1 0.429539 -0.329341
7 2 3 1 0.0673763 -0.123715
7 -2 3 1 -0.155821 -0.12224
7 2 0.5 1 0.0690994 -0.266672
7 -2 0.5 1 -0.160477 -0.267357
4 0 3.3 1 -0.0380456 -0.0874616
7 0 3.3 1 -0.0432274 -0.106234
