0 0 4.5 1 0.326647 0.523222
2 4 3 1 -0.0999513 0.35516
4 2 3 1 -0.0664263 0.406209
4 -2 3 1 0.453782 0.485133
2 -4 3 1 0.834833 0.466726
-2 -4 3 1 0.785045 0.381908
-4 -2 3 1 0.572204 0.342575
-4 2 3 1 0.263178 0.3194
-2 4 3 1 0.0786569 0.321772
2 4 0.5 1 -0.093436 0.127071
4 2 0.5 1 -0.0597783 0.104669
4 -2 0.5 1 0.423727 0.0778465
2 -4 0.5 1 0.780657 0.0911624
-2 -4 0.5 1 0.7502 0.127976
-4 -2 0.5 1 0.552606 0.142807
-4 2 0.5 1 0.256357 0.148935
-2 4 0.5 1 0.0777619 0.145067
7 2 3 1 -0.378885 0.488502
7 -2 3 1 0.301087 0.66895
7 2 0.5 1 -0.345381 0.0646789
7 -2 0.5 1 0.271528 0.00113138
4 0 3.3 1 0.155048 0.484483
7 0 3.3 1 -0.11907 0.627552
