0 0 4.5 1 0.0667893 0.350962
2 4 3 1 0.437189 0.229893
4 2 3 1 0.256124 0.188042
4 -2 3 1 -0.0170981 0.154492
2 -4 3 1 -0.193758 0.149945
-2 -4 3 1 -0.358928 0.184845
-4 -2 3 1 -0.265362 0.252128
-4 2 3 1 0.308854 0.339717
-2 4 3 1 0.54781 0.31175
2 4 0.5 1 0.453683 0.0193725
4 2 0.5 1 0.271233 0.0128357
4 -2 0.5 1 -0.000904385 -0.0106349
2 -4 0.5 1 -0.174361 -0.033644
-2 -4 0.5 1 -0.32992 -0.0728562
-4 -2 0.5 1 -0.228328 -0.0899861
-4 2 0.5 1 0.341264 -0.0486929
-2 4 0.5 1 0.570857 -0.00235346
7 2 3 1 0.248749 0.166829
7 -2 3 1 0.0203881 0.139749
7 2 0.5 1 0.261337 0.0215309
7 -2 0.5 1 0.0337371 0.00145196
4 0 3.3 1 0.113637 0.191348
7 0 3.3 1 0.130229 0.170083
