0 0 4.5 1 -0.0309345 0.735066
2 4 3 1 1.13026 0.854807
4 2 3 1 0.963338 0.497603
4 -2 3 1 0.441524 0.352613
2 -4 3 1 0.137578 0.330765
-2 -4 3 1 -0.282426 0.348371
-4 -2 3 1 -0.616013 0.401317
-4 2 3 1 -1.22167 0.645307
-2 4 3 1 -1.1552 1.11899
2 4 0.5 1 0.882602 -0.315164
4 2 0.5 1 0.849564 -0.0846681
4 -2 0.5 1 0.409198 0.0449498
2 -4 0.5 1 0.124928 0.0758972
-2 -4 0.5 1 -0.275081 0.0809002
-4 -2 0.5 1 -0.58556 0.0541473
-4 2 0.5 1 -1.08116 -0.0972731
-2 4 0.5 1 -0.90928 -0.379024
7 2 3 1 1.55581 0.457552
7 -2 3 1 0.779382 0.337054
7 2 0.5 1 1.39248 -0.0811235
7 -2 0.5 1 0.729991 0.0419837
4 0 3.3 1 0.6261 0.454514
7 0 3.3 1 1.06058 0.428642
