0 0 4.5 1 0.264124 0.48924
2 4 3 1 -0.137559 0.318455
4 2 3 1 -0.0907432 0.370061
4 -2 3 1 0.411752 0.458046
2 -4 3 1 0.741476 0.449204
-2 -4 3 1 0.686374 0.370058
-4 -2 3 1 0.491702 0.326928
-4 2 3 1 0.202714 0.29475
-2 4 3 1 0.0274765 0.29097
2 4 0.5 1 -0.121179 0.0957476
4 2 0.5 1 -0.0716325 0.0780863
4 -2 0.5 1 0.40617 0.0793792
2 -4 0.5 1 0.718597 0.107003
-2 -4 0.5 1 0.672578 0.135793
-4 -2 0.5 1 0.486465 0.139439
-4 2 0.5 1 0.205775 0.131284
-2 4 0.5 1 0.0355524 0.119631
7 2 3 1 -0.374369 0.442849
7 -2 3 1 0.311483 0.622485
7 2 0.5 1 -0.328999 0.0287318
7 -2 0.5 1 0.312128 0.00903675
4 0 3.3 1 0.126781 0.450406
7 0 3.3 1 -0.10275 0.580057
