0 0 4.5 1 0.429865 0.370445
2 4 3 1 -0.0255427 0.22971
4 2 3 1 -0.0353481 0.27713
4 -2 3 1 0.468247 0.326889
2 -4 3 1 0.989093 0.279711
-2 -4 3 1 0.99217 0.18457
-4 -2 3 1 0.739883 0.160945
-4 2 3 1 0.387273 0.165117
-2 4 3 1 0.183984 0.183351
2 4 0.5 1 -0.0447075 0.00419086
4 2 0.5 1 -0.0606634 -0.0251892
4 -2 0.5 1 0.409765 -0.128451
2 -4 0.5 1 0.909592 -0.172524
-2 -4 0.5 1 0.939205 -0.113674
-4 -2 0.5 1 0.705269 -0.0622998
-4 2 0.5 1 0.365277 -0.0137519
-2 4 0.5 1 0.165272 0.00399916
7 2 3 1 -0.397454 0.373104
7 -2 3 1 0.122948 0.537833
7 2 0.5 1 -0.418153 -0.0347885
7 -2 0.5 1 0.0514908 -0.208655
4 0 3.3 1 0.169033 0.342128
7 0 3.3 1 -0.211047 0.497501
