0 0 4.5 1 0.318506 0.416922
2 4 3 1 -0.05901 0.0925611
4 2 3 1 -0.269121 0.110208
4 -2 3 1 -0.296978 0.273169
2 -4 3 1 0.560212 0.566658
-2 -4 3 1 1.5856 0.512046
-4 -2 3 1 1.16733 0.309291
-4 2 3 1 0.594346 0.164187
-2 4 3 1 0.297134 0.11749
2 4 0.5 1 -0.0345879 -0.155462
4 2 0.5 1 -0.238533 -0.216746
4 -2 0.5 1 -0.234755 -0.394072
2 -4 0.5 1 0.685554 -0.529551
-2 -4 0.5 1 1.69228 -0.257638
-4 -2 0.5 1 1.22366 -0.130727
-4 2 0.5 1 0.624108 -0.0967451
-2 4 0.5 1 0.321332 -0.108814
7 2 3 1 -0.715476 0.0823052
7 -2 3 1 -1.31886 0.247961
7 2 0.5 1 -0.685504 -0.278924
7 -2 0.5 1 -1.26175 -0.579514
4 0 3.3 1 -0.283173 0.216008
7 0 3.3 1 -0.904419 0.192449
