0 0 4.5 1 0.240788 0.205515
2 4 3 1 1.12551 0.13328
4 2 3 1 0.815003 0.0303673
4 -2 3 1 0.381422 -0.0404201
2 -4 3 1 0.127133 -0.0593401
-2 -4 3 1 -0.197529 -0.0522727
-4 -2 3 1 -0.368183 -0.00913284
-4 2 3 1 -0.120214 0.174486
-2 4 3 1 0.7832 0.293423
2 4 0.5 1 1.2561 -0.383618
4 2 0.5 1 0.879382 -0.301718
4 -2 0.5 1 0.408443 -0.272023
2 -4 0.5 1 0.143085 -0.279203
-2 -4 0.5 1 -0.19301 -0.322318
-4 -2 0.5 1 -0.373037 -0.389798
-4 2 0.5 1 -0.0964989 -0.583985
-2 4 0.5 1 0.964819 -0.626738
7 2 3 1 0.948575 0.00978371
7 -2 3 1 0.534057 -0.0467908
7 2 0.5 1 1.00794 -0.264532
7 -2 0.5 1 0.562907 -0.248744
4 0 3.3 1 0.555473 0.0198463
7 0 3.3 1 0.705446 0.00394641
