0 0 4.5 1 0.395653 0.481691
2 4 3 1 -0.052717 0.327306
4 2 3 1 -0.0391325 0.376423
4 -2 3 1 0.484409 0.437861
2 -4 3 1 0.934371 0.403329
-2 -4 3 1 0.902051 0.313556
-4 -2 3 1 0.667914 0.282695
-4 2 3 1 0.335931 0.274629
-2 4 3 1 0.141479 0.286101
2 4 0.5 1 -0.0609622 0.0987107
4 2 0.5 1 -0.0507214 0.0717704
4 -2 0.5 1 0.430631 0.00456567
2 -4 0.5 1 0.852114 -0.00886202
-2 -4 0.5 1 0.847845 0.0385862
-4 -2 0.5 1 0.6344 0.0712266
-4 2 0.5 1 0.317983 0.0992707
-2 4 0.5 1 0.129085 0.107035
7 2 3 1 -0.379981 0.468931
7 -2 3 1 0.245636 0.639758
7 2 0.5 1 -0.372173 0.0477946
7 -2 0.5 1 0.187053 -0.0751181
4 0 3.3 1 0.178881 0.447602
7 0 3.3 1 -0.149921 0.601777
