0 0 4.5 1 0.179665 0.770688
2 4 3 1 -0.10586 0.356372
4 2 3 1 -0.396484 0.392945
4 -2 3 1 -0.820935 0.596683
2 -4 3 1 -0.602165 1.0642
-2 -4 3 1 1.74551 1.1032
-4 -2 3 1 1.36214 0.627705
-4 2 3 1 0.658059 0.406788
-2 4 3 1 0.313117 0.361785
2 4 0.5 1 -0.0977164 0.095161
4 2 0.5 1 -0.368699 0.0666463
4 -2 0.5 1 -0.717074 -0.0595161
2 -4 0.5 1 -0.454524 -0.280892
-2 -4 0.5 1 1.36633 -0.263317
-4 -2 0.5 1 1.20715 -0.0387151
-4 2 0.5 1 0.621501 0.0779759
-2 4 0.5 1 0.300689 0.0997716
7 2 3 1 -0.789 0.387792
7 -2 3 1 -1.62707 0.585228
7 2 0.5 1 -0.737434 0.0624273
7 -2 0.5 1 -1.42892 -0.0672112
4 0 3.3 1 -0.54137 0.516924
7 0 3.3 1 -1.07489 0.509573
