0 0 4.5 1 -0.102188 0.664659
2 4 3 1 0.711025 0.854589
4 2 3 1 0.852463 0.436502
4 -2 3 1 0.418551 0.279821
2 -4 3 1 0.130575 0.265193
-2 -4 3 1 -0.277967 0.298103
-4 -2 3 1 -0.607015 0.363045
-4 2 3 1 -1.2417 0.61281
-2 4 3 1 -1.47392 1.05257
2 4 0.5 1 0.520538 -0.402576
4 2 0.5 1 0.742991 -0.185534
4 -2 0.5 1 0.37887 -0.0338249
2 -4 0.5 1 0.10743 0.0125522
-2 -4 0.5 1 -0.288587 0.0428745
-4 -2 0.5 1 -0.607537 0.0413056
-4 2 0.5 1 -1.19411 -0.0417926
-2 4 0.5 1 -1.34823 -0.270785
7 2 3 1 1.6035 0.373271
7 -2 3 1 0.794788 0.24929
7 2 0.5 1 1.44004 -0.237258
7 -2 0.5 1 0.741047 -0.0614104
4 0 3.3 1 0.56972 0.384702
7 0 3.3 1 1.07419 0.342832
