0 0 4.5 1 -0.062005 0.0915289
2 4 3 1 0.207415 -0.0800003
4 2 3 1 0.0331973 -0.0803951
4 -2 3 1 -0.235745 -0.0610985
2 -4 3 1 -0.411599 -0.0342472
-2 -4 3 1 -0.521327 0.0219128
-4 -2 3 1 -0.305491 0.0473404
-4 2 3 1 0.252541 -0.00161282
-2 4 3 1 0.361568 -0.049685
2 4 0.5 1 0.203053 -0.269681
4 2 0.5 1 0.0245171 -0.249192
4 -2 0.5 1 -0.252557 -0.236951
2 -4 0.5 1 -0.437647 -0.242729
-2 -4 0.5 1 -0.565677 -0.285406
-4 -2 0.5 1 -0.347378 -0.337094
-4 2 0.5 1 0.246962 -0.353836
-2 4 0.5 1 0.362149 -0.317816
7 2 3 1 -0.000413044 -0.092467
7 -2 3 1 -0.225622 -0.0768369
7 2 0.5 1 -0.00843401 -0.233691
7 -2 0.5 1 -0.239315 -0.222966
4 0 3.3 1 -0.096927 -0.0509151
7 0 3.3 1 -0.109741 -0.0679964
