0 0 4.5 1 -0.243988 0.223134
2 4 3 1 -0.115199 -0.0491108
4 2 3 1 -0.368152 -0.0486886
4 -2 3 1 -0.797313 0.00395043
2 -4 3 1 -1.09896 0.110803
-2 -4 3 1 -0.756251 0.352286
-4 -2 3 1 0.120757 0.284787
-4 2 3 1 0.372763 0.067188
-2 4 3 1 0.206623 -0.00745461
2 4 0.5 1 -0.113545 -0.267741
4 2 0.5 1 -0.377592 -0.279651
4 -2 0.5 1 -0.838457 -0.32704
2 -4 0.5 1 -1.1943 -0.400391
-2 -4 0.5 1 -0.866296 -0.529708
-4 -2 0.5 1 0.161605 -0.440154
-4 2 0.5 1 0.411164 -0.304567
-2 4 0.5 1 0.2252 -0.273821
7 2 3 1 -0.520135 -0.0724582
7 -2 3 1 -0.930968 -0.0369343
7 2 0.5 1 -0.534223 -0.274704
7 -2 0.5 1 -0.971939 -0.311942
4 0 3.3 1 -0.54312 0.0038975
7 0 3.3 1 -0.692166 -0.0307053
