0 0 4.5 1 -0.148435 0.0259434
2 4 3 1 -0.544948 -0.0486056
4 2 3 1 -0.326979 -0.0342388
4 -2 3 1 0.122868 -0.0656256
2 -4 3 1 0.20968 -0.095552
-2 -4 3 1 0.0831112 -0.117121
-4 -2 3 1 -0.0717794 -0.118765
-4 2 3 1 -0.320307 -0.106247
-2 4 3 1 -0.47918 -0.087182
2 4 0.5 1 -0.581594 -0.323115
4 2 0.5 1 -0.356422 -0.354588
4 -2 0.5 1 0.121381 -0.346549
2 -4 0.5 1 0.212171 -0.31685
-2 -4 0.5 1 0.080982 -0.283824
-4 -2 0.5 1 -0.0782375 -0.272147
-4 2 0.5 1 -0.335004 -0.270671
-2 4 0.5 1 -0.502601 -0.282381
7 2 3 1 -0.334302 0.0447997
7 -2 3 1 0.311957 -0.0140037
7 2 0.5 1 -0.381436 -0.452592
7 -2 0.5 1 0.324694 -0.422327
4 0 3.3 1 -0.0859294 -0.0171997
7 0 3.3 1 0.0209844 0.0616182
