0 0 4.5 1 -0.215928 0.474611
2 4 3 1 -0.00441823 0.733167
4 2 3 1 0.571187 0.327261
4 -2 3 1 0.340562 0.13591
2 -4 3 1 0.0913636 0.114452
-2 -4 3 1 -0.288531 0.144489
-4 -2 3 1 -0.597427 0.20557
-4 2 3 1 -1.18655 0.41618
-2 4 3 1 -1.53217 0.7405
2 4 0.5 1 -0.126374 -0.468302
4 2 0.5 1 0.520448 -0.326507
4 -2 0.5 1 0.313052 -0.184317
2 -4 0.5 1 0.0676219 -0.134381
-2 -4 0.5 1 -0.314645 -0.0926117
-4 -2 0.5 1 -0.632168 -0.0784789
-4 2 0.5 1 -1.26241 -0.102647
-2 4 0.5 1 -1.68894 -0.229119
7 2 3 1 1.47973 0.281301
7 -2 3 1 0.754586 0.105163
7 2 0.5 1 1.44906 -0.443106
7 -2 0.5 1 0.731078 -0.231125
4 0 3.3 1 0.420874 0.249696
7 0 3.3 1 0.989055 0.215362
