0 0 4.5 1 0.432724 0.341769
2 4 3 1 -0.0228966 0.202459
4 2 3 1 -0.0383816 0.249685
4 -2 3 1 0.458427 0.298926
2 -4 3 1 0.995909 0.250458
-2 -4 3 1 1.00975 0.153612
-4 -2 3 1 0.753464 0.130736
-4 2 3 1 0.395945 0.136482
-2 4 3 1 0.190447 0.155554
2 4 0.5 1 -0.0435468 -0.0227859
4 2 0.5 1 -0.0656959 -0.0525888
4 -2 0.5 1 0.401666 -0.16272
2 -4 0.5 1 0.922127 -0.213461
-2 -4 0.5 1 0.960614 -0.1516
-4 -2 0.5 1 0.720775 -0.0961371
-4 2 0.5 1 0.374303 -0.0437092
-2 4 0.5 1 0.171344 -0.0242924
7 2 3 1 -0.40507 0.345258
7 -2 3 1 0.0867541 0.510802
7 2 0.5 1 -0.431651 -0.0599741
7 -2 0.5 1 0.0135744 -0.243696
4 0 3.3 1 0.161962 0.314144
7 0 3.3 1 -0.229577 0.468458
