0 0 4.5 1 -0.00182107 0.0775612
2 4 3 1 0.30751 -0.0616819
4 2 3 1 0.135311 -0.0829934
4 -2 3 1 -0.12996 -0.0928733
2 -4 3 1 -0.302629 -0.0843593
-2 -4 3 1 -0.433403 -0.0400762
-4 -2 3 1 -0.273889 0.0104589
-4 2 3 1 0.280869 0.0308102
-2 4 3 1 0.438297 -0.00789756
2 4 0.5 1 0.326012 -0.257839
4 2 0.5 1 0.145915 -0.253582
4 -2 0.5 1 -0.127707 -0.264014
2 -4 0.5 1 -0.306322 -0.281984
-2 -4 0.5 1 -0.445695 -0.324764
-4 -2 0.5 1 -0.278845 -0.353436
-4 2 0.5 1 0.313735 -0.330588
-2 4 0.5 1 0.472026 -0.289544
7 2 3 1 0.113463 -0.100075
7 -2 3 1 -0.108394 -0.108357
7 2 0.5 1 0.121715 -0.242477
7 -2 0.5 1 -0.105954 -0.251143
4 0 3.3 1 0.00202054 -0.0681254
7 0 3.3 1 0.00197471 -0.0875903
