0 0 4.5 1 -0.0816304 0.0412277
2 4 3 1 -0.448772 -0.0670002
4 2 3 1 -0.272975 -0.0335638
4 -2 3 1 0.167816 -0.0197161
2 -4 3 1 0.280069 -0.0411343
-2 -4 3 1 0.171655 -0.0756195
-4 -2 3 1 0.0227618 -0.0918264
-4 2 3 1 -0.215566 -0.101837
-2 4 3 1 -0.367516 -0.0974046
2 4 0.5 1 -0.454283 -0.317214
4 2 0.5 1 -0.270713 -0.33145
4 -2 0.5 1 0.190601 -0.296364
2 -4 0.5 1 0.302461 -0.262771
-2 -4 0.5 1 0.185251 -0.240957
-4 -2 0.5 1 0.0312947 -0.241358
-4 2 0.5 1 -0.212905 -0.257358
-2 4 0.5 1 -0.369018 -0.278137
7 2 3 1 -0.334215 0.0392657
7 -2 3 1 0.312916 0.0524166
7 2 0.5 1 -0.335487 -0.414469
7 -2 0.5 1 0.356904 -0.353787
4 0 3.3 1 -0.0465646 0.00624459
7 0 3.3 1 0.00303438 0.0936987
