0 0 4.5 1 0.423265 0.127994
2 4 3 1 -0.024267 -0.0566698
4 2 3 1 -0.112823 -0.0118642
4 -2 3 1 0.267607 0.0862664
2 -4 3 1 1.01483 0.095329
-2 -4 3 1 1.23239 -0.0260861
-4 -2 3 1 0.92124 -0.0765227
-4 2 3 1 0.488538 -0.0957029
-2 4 3 1 0.246647 -0.0891757
2 4 0.5 1 -0.0371412 -0.300145
4 2 0.5 1 -0.135474 -0.340766
4 -2 0.5 1 0.266438 -0.499611
2 -4 0.5 1 1.10641 -0.59881
-2 -4 0.5 1 1.30698 -0.4719
-4 -2 0.5 1 0.954992 -0.37862
-4 2 0.5 1 0.49637 -0.311108
-2 4 0.5 1 0.245512 -0.292923
7 2 3 1 -0.53833 0.0474578
7 -2 3 1 -0.4364 0.261601
7 2 0.5 1 -0.597859 -0.362469
7 -2 0.5 1 -0.556078 -0.644142
4 0 3.3 1 0.0283344 0.0706633
7 0 3.3 1 -0.496986 0.177083
