0 0 4.5 1 0.276236 0.490982
2 4 3 1 0.770244 0.291666
4 2 3 1 0.533853 0.261849
4 -2 3 1 0.204764 0.261695
2 -4 3 1 0.00346265 0.281917
-2 -4 3 1 -0.214572 0.343971
-4 -2 3 1 -0.205415 0.414981
-4 2 3 1 0.411621 0.480582
-2 4 3 1 0.86246 0.406125
2 4 0.5 1 0.721559 0.012921
4 2 0.5 1 0.503478 0.0473874
4 -2 0.5 1 0.18744 0.0786327
2 -4 0.5 1 -0.00920147 0.0891358
-2 -4 0.5 1 -0.223521 0.0833275
-4 -2 0.5 1 -0.21819 0.0528213
-4 2 0.5 1 0.350206 -0.029442
-2 4 0.5 1 0.779838 -0.0410515
7 2 3 1 0.549484 0.233877
7 -2 3 1 0.270063 0.237292
7 2 0.5 1 0.524035 0.0576922
7 -2 0.5 1 0.253953 0.0828651
4 0 3.3 1 0.358781 0.286242
7 0 3.3 1 0.402818 0.255987
