0 0 4.5 1 0.273268 0.152092
2 4 3 1 1.01323 0.00124323
4 2 3 1 0.728428 -0.0593575
4 -2 3 1 0.331241 -0.0867541
2 -4 3 1 0.0949986 -0.0822016
-2 -4 3 1 -0.193504 -0.0442525
-4 -2 3 1 -0.303828 0.0159056
-4 2 3 1 0.115452 0.155845
-2 4 3 1 0.8789 0.15692
2 4 0.5 1 1.08426 -0.423739
4 2 0.5 1 0.760591 -0.350031
4 -2 0.5 1 0.338669 -0.302737
2 -4 0.5 1 0.0927533 -0.293482
-2 -4 0.5 1 -0.211139 -0.310955
-4 -2 0.5 1 -0.337007 -0.359684
-4 2 0.5 1 0.11066 -0.5241
-2 4 0.5 1 0.985316 -0.574466
7 2 3 1 0.812231 -0.0887788
7 -2 3 1 0.450828 -0.106086
7 2 0.5 1 0.842386 -0.328124
7 -2 0.5 1 0.461442 -0.292389
4 0 3.3 1 0.499504 -0.0467759
7 0 3.3 1 0.607493 -0.0744142
