0 0 4.5 1 0.0285251 0.633645
2 4 3 1 -0.105509 0.258885
4 2 3 1 -0.396492 0.315044
4 -2 3 1 -0.894569 0.520098
2 -4 3 1 -1.13258 0.885981
-2 -4 3 1 0.701876 1.06665
-4 -2 3 1 1.10539 0.518576
-4 2 3 1 0.613838 0.267499
-2 4 3 1 0.298402 0.236238
2 4 0.5 1 -0.125121 0.0162434
4 2 0.5 1 -0.412772 0.0289001
4 -2 0.5 1 -0.903011 0.00184858
2 -4 0.5 1 -1.12996 -0.123619
-2 -4 0.5 1 0.498971 -0.409306
-4 -2 0.5 1 0.970818 -0.247671
-4 2 0.5 1 0.565332 -0.080841
-2 4 0.5 1 0.268503 -0.0262746
7 2 3 1 -0.684775 0.32861
7 -2 3 1 -1.33547 0.520434
7 2 0.5 1 -0.693763 0.0604266
7 -2 0.5 1 -1.32677 0.0582764
4 0 3.3 1 -0.571478 0.433648
7 0 3.3 1 -0.923094 0.441054
