0 0 4.5 1 -0.211473 0.48235
2 4 3 1 0.0210905 0.739827
4 2 3 1 0.583392 0.331038
4 -2 3 1 0.343996 0.14117
2 -4 3 1 0.0931247 0.120342
-2 -4 3 1 -0.287895 0.151032
-4 -2 3 1 -0.597572 0.212694
-4 2 3 1 -1.1889 0.42555
-2 4 3 1 -1.53343 0.754486
2 4 0.5 1 -0.100495 -0.466771
4 2 0.5 1 0.530204 -0.321871
4 -2 0.5 1 0.315666 -0.178655
2 -4 0.5 1 0.0691152 -0.128474
-2 -4 0.5 1 -0.313724 -0.0865749
-4 -2 0.5 1 -0.631455 -0.0725366
-4 2 0.5 1 -1.26142 -0.0977658
-2 4 0.5 1 -1.68191 -0.227361
7 2 3 1 1.48777 0.28281
7 -2 3 1 0.756782 0.109814
7 2 0.5 1 1.45002 -0.436926
7 -2 0.5 1 0.731524 -0.225249
4 0 3.3 1 0.427321 0.254528
7 0 3.3 1 0.993714 0.219006
