0 0 4.5 1 0.433993 0.320188
2 4 3 1 -0.0216053 0.181367
4 2 3 1 -0.0414751 0.228494
4 -2 3 1 0.449807 0.277967
2 -4 3 1 1.00012 0.229061
-2 -4 3 1 1.0228 0.130778
-4 -2 3 1 0.763438 0.108165
-4 2 3 1 0.402045 0.114724
-2 4 3 1 0.194768 0.134227
2 4 0.5 1 -0.043119 -0.0438912
4 2 0.5 1 -0.0700158 -0.0740239
4 -2 0.5 1 0.394931 -0.189014
2 -4 0.5 1 0.931881 -0.244634
-2 -4 0.5 1 0.977444 -0.18031
-4 -2 0.5 1 0.732731 -0.121811
-4 2 0.5 1 0.380976 -0.0666866
-2 4 0.5 1 0.175627 -0.04619
7 2 3 1 -0.411691 0.323461
7 -2 3 1 0.0576928 0.490261
7 2 0.5 1 -0.442494 -0.0800838
7 -2 0.5 1 -0.0167924 -0.270925
4 0 3.3 1 0.15566 0.29282
7 0 3.3 1 -0.244594 0.446018
