0 0 4.5 1 0.104732 0.0824378
2 4 3 1 -0.244097 -0.0369506
4 2 3 1 -0.142255 0.00475388
4 -2 3 1 0.296968 0.0454155
2 -4 3 1 0.485955 0.0255529
-2 -4 3 1 0.412425 -0.0251052
-4 -2 3 1 0.260127 -0.0508411
-4 2 3 1 0.0203921 -0.0687052
-2 4 3 1 -0.129628 -0.0669703
2 4 0.5 1 -0.241389 -0.25533
4 2 0.5 1 -0.134112 -0.268177
4 -2 0.5 1 0.328316 -0.252029
2 -4 0.5 1 0.520505 -0.226001
-2 -4 0.5 1 0.434903 -0.206808
-4 -2 0.5 1 0.275312 -0.206641
-4 2 0.5 1 0.0288492 -0.217505
-2 4 0.5 1 -0.124454 -0.230706
7 2 3 1 -0.302394 0.0770797
7 -2 3 1 0.336373 0.148373
7 2 0.5 1 -0.301365 -0.320183
7 -2 0.5 1 0.387913 -0.303063
4 0 3.3 1 0.065497 0.0565784
7 0 3.3 1 -0.00638675 0.157268
