0 0 4.5 1 0.111368 0.0971089
2 4 3 1 -0.236864 -0.0262059
4 2 3 1 -0.138176 0.0166706
4 -2 3 1 0.301655 0.0624966
2 -4 3 1 0.495068 0.0444712
-2 -4 3 1 0.423233 -0.0076449
-4 -2 3 1 0.27042 -0.035171
-4 2 3 1 0.0300265 -0.0554698
-2 4 3 1 -0.120394 -0.0551601
2 4 0.5 1 -0.231527 -0.243317
4 2 0.5 1 -0.127185 -0.255243
4 -2 0.5 1 0.334792 -0.235893
2 -4 0.5 1 0.530881 -0.208479
-2 -4 0.5 1 0.446768 -0.190015
-4 -2 0.5 1 0.286708 -0.191143
-4 2 0.5 1 0.0398759 -0.203889
-2 4 0.5 1 -0.113426 -0.218135
7 2 3 1 -0.303542 0.087595
7 -2 3 1 0.335248 0.167538
7 2 0.5 1 -0.29788 -0.307715
7 -2 0.5 1 0.388994 -0.286335
4 0 3.3 1 0.0688049 0.070981
7 0 3.3 1 -0.00962572 0.171853
