0 0 4.5 1 -0.301804 0.470618
2 4 3 1 -0.0482305 0.252954
4 2 3 1 -0.263939 0.235886
4 -2 3 1 -0.621224 0.236435
2 -4 3 1 -0.882333 0.265423
-2 -4 3 1 -0.925324 0.380133
-4 -2 3 1 -0.338394 0.440607
-4 2 3 1 0.241318 0.365
-2 4 3 1 0.200584 0.304239
2 4 0.5 1 -0.0340869 0.0561691
4 2 0.5 1 -0.244152 0.0441098
4 -2 0.5 1 -0.584781 0.000894935
2 -4 0.5 1 -0.821388 -0.0526663
-2 -4 0.5 1 -0.823377 -0.143833
-4 -2 0.5 1 -0.276075 -0.122585
-4 2 0.5 1 0.252141 0.000756502
-2 4 0.5 1 0.209888 0.0443189
7 2 3 1 -0.348019 0.2144
7 -2 3 1 -0.656881 0.210695
7 2 0.5 1 -0.329181 0.0515374
7 -2 0.5 1 -0.625852 0.0173231
4 0 3.3 1 -0.427033 0.262399
7 0 3.3 1 -0.491807 0.234554
