0 0 4.5 1 -0.107562 0.404054
2 4 3 1 -0.126635 0.076132
4 2 3 1 -0.401801 0.119954
4 -2 3 1 -0.870556 0.273753
2 -4 3 1 -1.16012 0.514343
-2 -4 3 1 -0.146149 0.752505
-4 -2 3 1 0.672348 0.381934
-4 2 3 1 0.505779 0.111242
-2 4 3 1 0.245789 0.0666968
2 4 0.5 1 -0.149718 -0.152954
4 2 0.5 1 -0.434738 -0.136438
4 -2 0.5 1 -0.944231 -0.141048
2 -4 0.5 1 -1.31301 -0.207248
-2 -4 0.5 1 -0.279542 -0.459871
-4 -2 0.5 1 0.654824 -0.392978
-4 2 0.5 1 0.491935 -0.248367
-2 4 0.5 1 0.228983 -0.196081
7 2 3 1 -0.623825 0.122085
7 -2 3 1 -1.14185 0.254731
7 2 0.5 1 -0.658661 -0.109392
7 -2 0.5 1 -1.2141 -0.0985302
4 0 3.3 1 -0.57551 0.215449
7 0 3.3 1 -0.823174 0.207108
