0 0 4.5 1 -0.358437 0.24902
2 4 3 1 -0.720177 0.443176
4 2 3 1 0.118379 0.239381
4 -2 3 1 0.221772 0.0272692
2 -4 3 1 0.044167 -0.0264373
-2 -4 3 1 -0.290697 -0.0414398
-4 -2 3 1 -0.571843 -0.019261
-4 2 3 1 -1.08794 0.0865333
-2 4 3 1 -1.43689 0.258457
2 4 0.5 1 -0.883834 -0.510498
4 2 0.5 1 0.126988 -0.411031
4 -2 0.5 1 0.232978 -0.306174
2 -4 0.5 1 0.0435787 -0.278188
-2 -4 0.5 1 -0.30622 -0.265728
-4 -2 0.5 1 -0.603547 -0.271025
-4 2 0.5 1 -1.18127 -0.311559
-2 4 0.5 1 -1.64317 -0.391977
7 2 3 1 1.05603 0.358188
7 -2 3 1 0.665858 0.0533063
7 2 0.5 1 1.24143 -0.495766
7 -2 0.5 1 0.713009 -0.326344
4 0 3.3 1 0.184985 0.148117
7 0 3.3 1 0.780024 0.205378
