0 0 4.5 1 -0.187087 0.101781
2 4 3 1 -0.60322 0.0491376
4 2 3 1 -0.353594 0.0491653
4 -2 3 1 0.101127 -0.00996591
2 -4 3 1 0.170409 -0.0433426
-2 -4 3 1 0.031759 -0.0567096
-4 -2 3 1 -0.127122 -0.0497135
-4 2 3 1 -0.383054 -0.0232179
-2 4 3 1 -0.547822 0.0055192
2 4 0.5 1 -0.648086 -0.23799
4 2 0.5 1 -0.39422 -0.280353
4 -2 0.5 1 0.0837416 -0.287055
2 -4 0.5 1 0.158871 -0.259279
-2 -4 0.5 1 0.020056 -0.220624
-4 -2 0.5 1 -0.141198 -0.202418
-4 2 0.5 1 -0.404139 -0.190593
-2 4 0.5 1 -0.577722 -0.196389
7 2 3 1 -0.320262 0.131061
7 -2 3 1 0.320058 0.0281589
7 2 0.5 1 -0.382479 -0.386602
7 -2 0.5 1 0.306403 -0.370835
4 0 3.3 1 -0.103365 0.0516227
7 0 3.3 1 0.0446538 0.123687
