0 0 4.5 1 0.204379 0.295873
2 4 3 1 1.17989 0.272993
4 2 3 1 0.852435 0.140908
4 -2 3 1 0.396821 0.0452728
2 -4 3 1 0.133143 0.0143018
-2 -4 3 1 -0.210671 0.00511359
-4 -2 3 1 -0.416862 0.0364766
-4 2 3 1 -0.307487 0.228789
-2 4 3 1 0.651139 0.428223
2 4 0.5 1 1.30376 -0.308103
4 2 0.5 1 0.915398 -0.216422
4 -2 0.5 1 0.427215 -0.193
2 -4 0.5 1 0.155299 -0.207039
-2 -4 0.5 1 -0.193458 -0.260718
-4 -2 0.5 1 -0.400564 -0.336037
-4 2 0.5 1 -0.263829 -0.549245
-2 4 0.5 1 0.81725 -0.609612
7 2 3 1 1.02489 0.127841
7 -2 3 1 0.571761 0.0471639
7 2 0.5 1 1.08249 -0.169262
7 -2 0.5 1 0.602323 -0.162742
4 0 3.3 1 0.574468 0.116795
7 0 3.3 1 0.754683 0.109281
