0 0 4.5 1 0.282587 0.179546
2 4 3 1 0.951969 0.00046701
4 2 3 1 0.679915 -0.043412
4 -2 3 1 0.302128 -0.0529546
2 -4 3 1 0.0764699 -0.0384386
-2 -4 3 1 -0.192031 0.0120746
-4 -2 3 1 -0.272609 0.0768691
-4 2 3 1 0.207158 0.187216
-2 4 3 1 0.892306 0.146455
2 4 0.5 1 0.981007 -0.378821
4 2 0.5 1 0.689358 -0.310399
4 -2 0.5 1 0.29781 -0.257522
2 -4 0.5 1 0.065312 -0.241584
-2 -4 0.5 1 -0.216936 -0.24779
-4 -2 0.5 1 -0.312422 -0.288198
-4 2 0.5 1 0.184213 -0.439701
-2 4 0.5 1 0.936574 -0.494229
7 2 3 1 0.743351 -0.0743581
7 -2 3 1 0.40635 -0.0764968
7 2 0.5 1 0.753161 -0.294068
7 -2 0.5 1 0.405381 -0.252114
4 0 3.3 1 0.466633 -0.022037
7 0 3.3 1 0.55618 -0.0528572
