0 0 4.5 1 0.296197 0.353591
2 4 3 1 0.840767 0.148627
4 2 3 1 0.592288 0.12219
4 -2 3 1 0.249309 0.12927
2 -4 3 1 0.0422733 0.153383
-2 -4 3 1 -0.189901 0.217137
-4 -2 3 1 -0.212467 0.285745
-4 2 3 1 0.36223 0.350923
-2 4 3 1 0.893024 0.271063
2 4 0.5 1 0.802887 -0.15392
4 2 0.5 1 0.565779 -0.10354
4 -2 0.5 1 0.229567 -0.0560121
2 -4 0.5 1 0.0232027 -0.0374757
-2 -4 0.5 1 -0.213249 -0.0355783
-4 -2 0.5 1 -0.244766 -0.0673344
-4 2 0.5 1 0.303594 -0.18525
-2 4 0.5 1 0.830552 -0.223311
7 2 3 1 0.622041 0.0926083
7 -2 3 1 0.326403 0.103147
7 2 0.5 1 0.600066 -0.092854
7 -2 0.5 1 0.309249 -0.0541101
4 0 3.3 1 0.406535 0.150681
7 0 3.3 1 0.464296 0.118862
