0 0 4.5 1 -0.0706345 0.70575
2 4 3 1 0.913208 0.864908
4 2 3 1 0.911927 0.467541
4 -2 3 1 0.432775 0.317297
2 -4 3 1 0.136223 0.300636
-2 -4 3 1 -0.278994 0.328551
-4 -2 3 1 -0.611969 0.38977
-4 2 3 1 -1.24511 0.640959
-2 4 3 1 -1.37961 1.10402
2 4 0.5 1 0.688237 -0.368686
4 2 0.5 1 0.79454 -0.140115
4 -2 0.5 1 0.394328 0.00531492
2 -4 0.5 1 0.116551 0.0463279
-2 -4 0.5 1 -0.282289 0.0672942
-4 -2 0.5 1 -0.599063 0.0560063
-4 2 0.5 1 -1.15398 -0.0552216
-2 4 0.5 1 -1.17961 -0.31314
7 2 3 1 1.59844 0.412347
7 -2 3 1 0.794221 0.292224
7 2 0.5 1 1.42451 -0.167561
7 -2 0.5 1 0.739377 -0.0122925
4 0 3.3 1 0.60058 0.42072
7 0 3.3 1 1.07785 0.384372
