0 0 4.5 1 -0.408462 0.227238
2 4 3 1 -0.927111 0.327185
4 2 3 1 -0.0930649 0.24878
4 -2 3 1 0.165438 0.0702445
2 -4 3 1 0.0323841 0.00557028
-2 -4 3 1 -0.27065 -0.0345751
-4 -2 3 1 -0.532784 -0.0361297
-4 2 3 1 -1.01055 0.0142014
-2 4 3 1 -1.35135 0.121673
2 4 0.5 1 -1.0131 -0.480856
4 2 0.5 1 -0.067619 -0.363685
4 -2 0.5 1 0.193012 -0.256815
2 -4 0.5 1 0.047303 -0.239092
-2 -4 0.5 1 -0.268562 -0.246303
-4 -2 0.5 1 -0.540636 -0.267118
-4 2 0.5 1 -1.05009 -0.329976
-2 4 0.5 1 -1.44499 -0.411694
7 2 3 1 0.763136 0.46769
7 -2 3 1 0.60587 0.137344
7 2 0.5 1 0.935967 -0.398118
7 -2 0.5 1 0.668318 -0.250141
4 0 3.3 1 0.0711562 0.180366
7 0 3.3 1 0.645249 0.299267
