0 0 4.5 1 -0.171155 0.552287
2 4 3 1 0.262782 0.793631
4 2 3 1 0.690158 0.3674
4 -2 3 1 0.37419 0.190934
2 -4 3 1 0.10876 0.17455
-2 -4 3 1 -0.282488 0.209235
-4 -2 3 1 -0.599421 0.27465
-4 2 3 1 -1.21026 0.505499
-2 4 3 1 -1.53725 0.876577
2 4 0.5 1 0.132872 -0.450307
4 2 0.5 1 0.614371 -0.276428
4 -2 0.5 1 0.339542 -0.125878
2 -4 0.5 1 0.0833494 -0.0747992
-2 -4 0.5 1 -0.30454 -0.0337659
-4 -2 0.5 1 -0.623675 -0.0224372
-4 2 0.5 1 -1.24656 -0.0617763
-2 4 0.5 1 -1.59696 -0.22384
7 2 3 1 1.54971 0.304938
7 -2 3 1 0.775139 0.156458
7 2 0.5 1 1.45331 -0.373197
7 -2 0.5 1 0.735885 -0.168442
4 0 3.3 1 0.483885 0.300615
7 0 3.3 1 1.03187 0.257824
