0 0 4.5 1 0.121543 0.761554
2 4 3 1 -0.102172 0.35169
4 2 3 1 -0.400514 0.401264
4 -2 3 1 -0.890253 0.617868
2 -4 3 1 -0.956002 1.07069
-2 -4 3 1 1.42602 1.17434
-4 -2 3 1 1.32344 0.611717
-4 2 3 1 0.660929 0.376205
-2 4 3 1 0.318737 0.340069
2 4 0.5 1 -0.108072 0.0946841
4 2 0.5 1 -0.391721 0.087352
4 -2 0.5 1 -0.824754 0.00798873
2 -4 0.5 1 -0.817867 -0.184944
-2 -4 0.5 1 1.04723 -0.341089
-4 -2 0.5 1 1.13645 -0.118132
-4 2 0.5 1 0.608384 0.0334052
-2 4 0.5 1 0.293347 0.0738861
7 2 3 1 -0.749293 0.409498
7 -2 3 1 -1.52432 0.61963
7 2 0.5 1 -0.722746 0.105208
7 -2 0.5 1 -1.40288 0.0451664
4 0 3.3 1 -0.568343 0.528112
7 0 3.3 1 -1.02253 0.533344
