0 0 4.5 1 0.255636 0.480015
2 4 3 1 -0.142329 0.309519
4 2 3 1 -0.0937364 0.361115
4 -2 3 1 0.405576 0.449793
2 -4 3 1 0.728361 0.441939
-2 -4 3 1 0.672827 0.363728
-4 -2 3 1 0.480699 0.320342
-4 2 3 1 0.194571 0.287235
-2 4 3 1 0.0207046 0.282753
2 4 0.5 1 -0.124861 0.0878094
4 2 0.5 1 -0.0732109 0.0708436
4 -2 0.5 1 0.403416 0.0755855
2 -4 0.5 1 0.709924 0.10469
-2 -4 0.5 1 0.661998 0.132414
-4 -2 0.5 1 0.477455 0.134752
-4 2 0.5 1 0.198922 0.124917
-2 4 0.5 1 0.0298743 0.112342
7 2 3 1 -0.372904 0.432653
7 -2 3 1 0.311837 0.611324
7 2 0.5 1 -0.326623 0.0204904
7 -2 0.5 1 0.316802 0.0063705
4 0 3.3 1 0.122938 0.441422
7 0 3.3 1 -0.100261 0.569072
