0 0 4.5 1 0.0175019 0.0601087
2 4 3 1 -0.344223 -0.0117301
4 2 3 1 -0.205335 0.0102055
4 -2 3 1 0.229982 -0.0127703
2 -4 3 1 0.372416 -0.0499919
-2 -4 3 1 0.277669 -0.0809818
-4 -2 3 1 0.128907 -0.0846677
-4 2 3 1 -0.105168 -0.0719395
-2 4 3 1 -0.251668 -0.0523269
2 4 0.5 1 -0.37012 -0.239723
4 2 0.5 1 -0.230658 -0.268897
4 -2 0.5 1 0.224967 -0.295606
2 -4 0.5 1 0.373814 -0.283007
-2 -4 0.5 1 0.276018 -0.251911
-4 -2 0.5 1 0.123769 -0.234969
-4 2 0.5 1 -0.116054 -0.221182
-2 4 0.5 1 -0.268064 -0.22054
7 2 3 1 -0.307993 0.0943936
7 -2 3 1 0.33445 0.0615416
7 2 0.5 1 -0.353356 -0.319983
7 -2 0.5 1 0.334324 -0.361132
4 0 3.3 1 0.0130817 0.030799
7 0 3.3 1 0.0136537 0.1246
