0 0 4.5 1 -0.0207387 0.736623
2 4 3 1 1.17432 0.847067
4 2 3 1 0.971106 0.502131
4 -2 3 1 0.441811 0.358051
2 -4 3 1 0.136863 0.334476
-2 -4 3 1 -0.283335 0.348809
-4 -2 3 1 -0.615868 0.399046
-4 2 3 1 -1.20792 0.639512
-2 4 3 1 -1.07508 1.1113
2 4 0.5 1 0.928053 -0.300193
4 2 0.5 1 0.861364 -0.0719026
4 -2 0.5 1 0.41198 0.0521844
2 -4 0.5 1 0.126481 0.0799897
-2 -4 0.5 1 -0.273164 0.0802586
-4 -2 0.5 1 -0.581185 0.0491142
-4 2 0.5 1 -1.05755 -0.112797
-2 4 0.5 1 -0.829698 -0.396857
7 2 3 1 1.53773 0.466407
7 -2 3 1 0.772598 0.34523
7 2 0.5 1 1.38163 -0.060815
7 -2 0.5 1 0.725968 0.053155
4 0 3.3 1 0.62962 0.459523
7 0 3.3 1 1.05156 0.436723
