0 0 4.5 1 0.432607 0.213914
2 4 3 1 -0.0214674 0.0679285
4 2 3 1 -0.0667688 0.114899
4 -2 3 1 0.389106 0.175035
2 -4 3 1 1.01412 0.133717
-2 -4 3 1 1.09672 0.0257069
-4 -2 3 1 0.818943 -0.000747862
-4 2 3 1 0.43304 0.00391041
-2 4 3 1 0.214018 0.0224585
2 4 0.5 1 -0.0438657 -0.161302
4 2 0.5 1 -0.0978429 -0.193959
4 -2 0.5 1 0.351473 -0.330905
2 -4 0.5 1 0.993554 -0.409736
-2 -4 0.5 1 1.08511 -0.327843
-4 -2 0.5 1 0.806593 -0.253712
-4 2 0.5 1 0.419402 -0.187874
-2 4 0.5 1 0.198348 -0.164436
7 2 3 1 -0.45798 0.201772
7 -2 3 1 -0.121793 0.383968
7 2 0.5 1 -0.507634 -0.19878
7 -2 0.5 1 -0.207172 -0.425658
4 0 3.3 1 0.110942 0.18271
7 0 3.3 1 -0.338427 0.324723
