0 0 4.5 1 -0.0981181 0.670532
2 4 3 1 0.737756 0.856664
4 2 3 1 0.86083 0.440643
4 -2 3 1 0.420672 0.284903
2 -4 3 1 0.131501 0.270119
-2 -4 3 1 -0.277984 0.302544
-4 -2 3 1 -0.607641 0.367143
-4 2 3 1 -1.2428 0.617402
-2 4 3 1 -1.46498 1.06065
2 4 0.5 1 0.542626 -0.398676
4 2 0.5 1 0.749943 -0.17975
4 -2 0.5 1 0.380998 -0.0285685
2 -4 0.5 1 0.108706 0.0172425
-2 -4 0.5 1 -0.287731 0.0465263
-4 -2 0.5 1 -0.606503 0.0438427
-4 2 0.5 1 -1.18964 -0.0426187
-2 4 0.5 1 -1.32865 -0.275583
7 2 3 1 1.60409 0.37819
7 -2 3 1 0.795163 0.254953
7 2 0.5 1 1.43844 -0.228427
7 -2 0.5 1 0.741046 -0.0549701
4 0 3.3 1 0.5741 0.389572
7 0 3.3 1 1.07537 0.348247
