0 0 4.5 1 -0.208308 0.250793
2 4 3 1 -0.126561 -0.0422574
4 2 3 1 -0.388474 -0.0263588
4 -2 3 1 -0.832378 0.0605383
2 -4 3 1 -1.13312 0.207919
-2 -4 3 1 -0.612725 0.462113
-4 -2 3 1 0.28743 0.300258
-4 2 3 1 0.413756 0.0491307
-2 4 3 1 0.214573 -0.0179346
2 4 0.5 1 -0.135797 -0.266448
4 2 0.5 1 -0.410991 -0.267365
4 -2 0.5 1 -0.898549 -0.29728
2 -4 0.5 1 -1.27786 -0.363368
-2 -4 0.5 1 -0.763319 -0.522836
-4 -2 0.5 1 0.320465 -0.452615
-4 2 0.5 1 0.43877 -0.32329
-2 4 0.5 1 0.221701 -0.286131
7 2 3 1 -0.562627 -0.0427464
7 -2 3 1 -1.00478 0.0236308
7 2 0.5 1 -0.589798 -0.255597
7 -2 0.5 1 -1.07004 -0.275427
4 0 3.3 1 -0.563515 0.0411963
7 0 3.3 1 -0.742212 0.0131868
