0 0 4.5 1 0.172578 0.552347
2 4 3 1 0.608332 0.389636
4 2 3 1 0.397222 0.348188
4 -2 3 1 0.0924853 0.325569
2 -4 3 1 -0.0995043 0.331229
-2 -4 3 1 -0.296868 0.379503
-4 -2 3 1 -0.245861 0.45223
-4 2 3 1 0.378826 0.540635
-2 4 3 1 0.71999 0.49319
2 4 0.5 1 0.586453 0.139303
4 2 0.5 1 0.387362 0.148255
4 -2 0.5 1 0.0936728 0.146709
2 -4 0.5 1 -0.0913898 0.137929
-2 -4 0.5 1 -0.276159 0.112729
-4 -2 0.5 1 -0.221264 0.087409
-4 2 0.5 1 0.358199 0.0758109
-2 4 0.5 1 0.678836 0.10401
7 2 3 1 0.399629 0.323012
7 -2 3 1 0.144028 0.306273
7 2 0.5 1 0.391393 0.15827
7 -2 0.5 1 0.143597 0.156109
4 0 3.3 1 0.236867 0.359825
7 0 3.3 1 0.266433 0.333744
