0 0 4.5 1 -0.42206 0.51716
2 4 3 1 -1.00433 0.455862
4 2 3 1 -0.453025 0.471504
4 -2 3 1 0.061825 0.384213
2 -4 3 1 0.0443227 0.334793
-2 -4 3 1 -0.176039 0.299804
-4 -2 3 1 -0.38612 0.293844
-4 2 3 1 -0.749748 0.312263
-2 4 3 1 -1.01116 0.353769
2 4 0.5 1 -0.906522 -0.0205804
4 2 0.5 1 -0.40209 -0.0062679
4 -2 0.5 1 0.0666146 0.0696779
2 -4 0.5 1 0.0486679 0.100638
-2 -4 0.5 1 -0.165024 0.113502
-4 -2 0.5 1 -0.367921 0.107746
-4 2 0.5 1 -0.71149 0.0790692
-2 4 0.5 1 -0.945365 0.0409646
7 2 3 1 -0.0628192 0.680916
7 -2 3 1 0.450091 0.462543
7 2 0.5 1 -0.0345605 -0.107638
7 -2 0.5 1 0.427091 0.0380983
4 0 3.3 1 -0.143298 0.46784
7 0 3.3 1 0.275598 0.611823
