0 0 4.5 1 -0.452355 0.309815
2 4 3 1 -1.05302 0.307303
4 2 3 1 -0.296199 0.320487
4 -2 3 1 0.100168 0.196765
2 -4 3 1 0.0160007 0.132282
-2 -4 3 1 -0.250154 0.079139
-4 -2 3 1 -0.489268 0.0623862
-4 2 3 1 -0.921285 0.0740747
-2 4 3 1 -1.2411 0.13217
2 4 0.5 1 -1.00882 -0.341063
4 2 0.5 1 -0.245528 -0.235302
4 -2 0.5 1 0.132679 -0.119424
2 -4 0.5 1 0.0394427 -0.101955
-2 -4 0.5 1 -0.232202 -0.11622
-4 -2 0.5 1 -0.471858 -0.143295
-4 2 0.5 1 -0.900804 -0.21176
-2 4 0.5 1 -1.21513 -0.285889
7 2 3 1 0.408483 0.598277
7 -2 3 1 0.526226 0.293896
7 2 0.5 1 0.50618 -0.262307
7 -2 0.5 1 0.572178 -0.102071
4 0 3.3 1 -0.0485814 0.289443
7 0 3.3 1 0.481636 0.454032
