0 0 4.5 1 -0.0913776 0.0281806
2 4 3 1 -0.462777 -0.0755628
4 2 3 1 -0.280903 -0.0444711
4 -2 3 1 0.16139 -0.0369609
2 -4 3 1 0.269865 -0.0597677
-2 -4 3 1 0.158757 -0.0924831
-4 -2 3 1 0.00896794 -0.106648
-4 2 3 1 -0.230878 -0.113572
-2 4 3 1 -0.383805 -0.107174
2 4 0.5 1 -0.473433 -0.330044
4 2 0.5 1 -0.283633 -0.346519
4 -2 0.5 1 0.181266 -0.314974
2 -4 0.5 1 0.29005 -0.281899
-2 -4 0.5 1 0.170425 -0.258454
-4 -2 0.5 1 0.0154688 -0.257167
-4 2 0.5 1 -0.230869 -0.270864
-2 4 0.5 1 -0.388836 -0.29056
7 2 3 1 -0.334425 0.0294604
7 -2 3 1 0.313015 0.0323612
7 2 0.5 1 -0.343204 -0.431934
7 -2 0.5 1 0.35392 -0.375173
4 0 3.3 1 -0.0522702 -0.00776277
7 0 3.3 1 0.00569695 0.0786681
