0 0 4.5 1 0.0841713 0.591424
2 4 3 1 1.29867 0.643813
4 2 3 1 0.938408 0.422032
4 -2 3 1 0.416589 0.288173
2 -4 3 1 0.124659 0.248755
-2 -4 3 1 -0.268842 0.232123
-4 -2 3 1 -0.557111 0.256305
-4 2 3 1 -0.85723 0.453759
-2 4 3 1 -0.045672 0.824296
2 4 0.5 1 1.23394 -0.197794
4 2 0.5 1 0.921706 -0.0383197
4 -2 0.5 1 0.423616 0.0170273
2 -4 0.5 1 0.13919 0.0118268
-2 -4 0.5 1 -0.239901 -0.0330918
-4 -2 0.5 1 -0.50559 -0.102426
-4 2 0.5 1 -0.718984 -0.333158
-2 4 0.5 1 0.0583977 -0.534399
7 2 3 1 1.26441 0.416272
7 -2 3 1 0.664714 0.296294
7 2 0.5 1 1.23456 0.0179012
7 -2 0.5 1 0.663737 0.0478957
4 0 3.3 1 0.609056 0.38049
7 0 3.3 1 0.895707 0.380554
