0 0 4.5 1 0.277086 0.158274
2 4 3 1 0.989169 -0.00474535
4 2 3 1 0.709361 -0.0583497
4 -2 3 1 0.31972 -0.0782511
2 -4 3 1 0.0875539 -0.0695276
-2 -4 3 1 -0.193183 -0.0262866
-4 -2 3 1 -0.291802 0.0360116
-4 2 3 1 0.152763 0.164525
-2 4 3 1 0.885818 0.147617
2 4 0.5 1 1.04383 -0.411761
4 2 0.5 1 0.732696 -0.3399
4 -2 0.5 1 0.322476 -0.289949
2 -4 0.5 1 0.0816235 -0.277805
-2 -4 0.5 1 -0.214133 -0.290518
-4 -2 0.5 1 -0.328295 -0.335757
-4 2 0.5 1 0.141188 -0.495057
-2 4 0.5 1 0.968474 -0.547652
7 2 3 1 0.7849 -0.0885973
7 -2 3 1 0.4332 -0.0994548
7 2 0.5 1 0.807127 -0.320376
7 -2 0.5 1 0.439243 -0.281729
4 0 3.3 1 0.486576 -0.0420056
7 0 3.3 1 0.587169 -0.0711267
