0 0 4.5 1 -0.435108 0.261093
2 4 3 1 -1.01117 0.298931
4 2 3 1 -0.214012 0.281551
4 -2 3 1 0.127847 0.134566
2 -4 3 1 0.0231807 0.0685413
-2 -4 3 1 -0.258243 0.0185556
-4 -2 3 1 -0.506949 0.00629593
-4 2 3 1 -0.95849 0.0304829
-2 4 3 1 -1.28894 0.10603
2 4 0.5 1 -1.02108 -0.415248
4 2 0.5 1 -0.174701 -0.2986
4 -2 0.5 1 0.160247 -0.185471
2 -4 0.5 1 0.0446183 -0.169439
-2 -4 0.5 1 -0.24582 -0.18321
-4 -2 0.5 1 -0.499022 -0.20954
-4 2 0.5 1 -0.961044 -0.27886
-2 4 0.5 1 -1.30822 -0.358003
7 2 3 1 0.562419 0.543395
7 -2 3 1 0.560555 0.222001
7 2 0.5 1 0.693122 -0.320385
7 -2 0.5 1 0.617677 -0.168771
4 0 3.3 1 0.00122022 0.234477
7 0 3.3 1 0.552158 0.383926
