0 0 4.5 1 0.0540881 0.293863
2 4 3 1 0.412452 0.175507
4 2 3 1 0.235256 0.135642
4 -2 3 1 -0.0338503 0.103254
2 -4 3 1 -0.208343 0.0988558
-2 -4 3 1 -0.366949 0.133347
-4 -2 3 1 -0.263791 0.198924
-4 2 3 1 0.302009 0.280271
-2 4 3 1 0.524264 0.25272
2 4 0.5 1 0.433308 -0.0293561
4 2 0.5 1 0.252657 -0.0363342
4 -2 0.5 1 -0.017415 -0.0607081
2 -4 0.5 1 -0.190061 -0.0846402
-2 -4 0.5 1 -0.341322 -0.125251
-4 -2 0.5 1 -0.229881 -0.141958
-4 2 0.5 1 0.340305 -0.0971773
-2 4 0.5 1 0.555252 -0.0504368
7 2 3 1 0.225782 0.115115
7 -2 3 1 0.000878822 0.0888047
7 2 0.5 1 0.240227 -0.0277058
7 -2 0.5 1 0.0146523 -0.0484451
4 0 3.3 1 0.0954604 0.139193
7 0 3.3 1 0.109399 0.118486
