0 0 4.5 1 0.294808 0.389915
2 4 3 1 0.824734 0.184867
4 2 3 1 0.579302 0.158478
4 -2 3 1 0.240227 0.16491
2 -4 3 1 0.0349956 0.188739
-2 -4 3 1 -0.193069 0.252766
-4 -2 3 1 -0.207315 0.321885
-4 2 3 1 0.379684 0.384935
-2 4 3 1 0.88926 0.304717
2 4 0.5 1 0.781565 -0.110113
4 2 0.5 1 0.550238 -0.0634496
4 -2 0.5 1 0.220101 -0.0191797
2 -4 0.5 1 0.0166608 -0.00201237
-2 -4 0.5 1 -0.213719 -0.00124345
-4 -2 0.5 1 -0.235689 -0.0326066
-4 2 0.5 1 0.318155 -0.142885
-2 4 0.5 1 0.817625 -0.175056
7 2 3 1 0.605008 0.129317
7 -2 3 1 0.313996 0.139036
7 2 0.5 1 0.580789 -0.0529929
7 -2 0.5 1 0.296182 -0.0169384
4 0 3.3 1 0.396644 0.1865
7 0 3.3 1 0.450514 0.154979
