0 0 4.5 1 -0.35607 0.507742
2 4 3 1 -0.897735 0.455273
4 2 3 1 -0.436351 0.452915
4 -2 3 1 0.0772098 0.362598
2 -4 3 1 0.0820384 0.319358
-2 -4 3 1 -0.118857 0.297432
-4 -2 3 1 -0.315526 0.301118
-4 2 3 1 -0.648347 0.331415
-2 4 3 1 -0.880233 0.374804
2 4 0.5 1 -0.8408 0.0344019
4 2 0.5 1 -0.413253 0.0151957
4 -2 0.5 1 0.0650861 0.0578216
2 -4 0.5 1 0.0726575 0.0904422
-2 -4 0.5 1 -0.119608 0.117146
-4 -2 0.5 1 -0.309847 0.123751
-4 2 0.5 1 -0.628373 0.116005
-2 4 0.5 1 -0.842519 0.0935199
7 2 3 1 -0.160958 0.610749
7 -2 3 1 0.431955 0.418131
7 2 0.5 1 -0.158535 -0.10417
7 -2 0.5 1 0.388869 0.0008866
4 0 3.3 1 -0.132496 0.445992
7 0 3.3 1 0.220783 0.55883
