0 0 4.5 1 0.197331 0.74968
2 4 3 1 -0.105733 0.340893
4 2 3 1 -0.389869 0.372465
4 -2 3 1 -0.776373 0.568692
2 -4 3 1 -0.439841 1.02601
-2 -4 3 1 1.78119 1.04832
-4 -2 3 1 1.34957 0.61438
-4 2 3 1 0.650198 0.400232
-2 4 3 1 0.30849 0.352368
2 4 0.5 1 -0.0930458 0.0805224
4 2 0.5 1 -0.357306 0.0448876
4 -2 0.5 1 -0.668176 -0.0951674
2 -4 0.5 1 -0.309625 -0.316444
-2 -4 0.5 1 1.44843 -0.238513
-4 -2 0.5 1 1.21979 -0.0227981
-4 2 0.5 1 0.622375 0.0792419
-2 4 0.5 1 0.301795 0.0941011
7 2 3 1 -0.794631 0.361659
7 -2 3 1 -1.63703 0.550196
7 2 0.5 1 -0.737744 0.0315468
7 -2 0.5 1 -1.42589 -0.124212
4 0 3.3 1 -0.522219 0.493784
7 0 3.3 1 -1.07864 0.480691
