0 0 4.5 1 -0.331041 0.485515
2 4 3 1 -0.856583 0.437446
4 2 3 1 -0.42539 0.430075
4 -2 3 1 0.0826067 0.338765
2 -4 3 1 0.0947555 0.297349
-2 -4 3 1 -0.0987556 0.279482
-4 -2 3 1 -0.290258 0.28611
-4 2 3 1 -0.611899 0.319757
-2 4 3 1 -0.833487 0.363372
2 4 0.5 1 -0.816538 0.0363651
4 2 0.5 1 -0.413538 0.00813678
4 -2 0.5 1 0.0653928 0.0392099
2 -4 0.5 1 0.0812224 0.0715761
-2 -4 0.5 1 -0.103547 0.10227
-4 -2 0.5 1 -0.289269 0.112679
-4 2 0.5 1 -0.599335 0.111354
-2 4 0.5 1 -0.807272 0.0936574
7 2 3 1 -0.1857 0.571849
7 -2 3 1 0.422996 0.386835
7 2 0.5 1 -0.19365 -0.11402
7 -2 0.5 1 0.37597 -0.0251269
4 0 3.3 1 -0.126644 0.421567
7 0 3.3 1 0.202029 0.523859
