0 0 4.5 1 -0.00101363 0.584605
2 4 3 1 -0.109401 0.221301
4 2 3 1 -0.39682 0.27677
4 -2 3 1 -0.889568 0.473453
2 -4 3 1 -1.14819 0.810339
-2 -4 3 1 0.48916 1.00707
-4 -2 3 1 1.01823 0.487041
-4 2 3 1 0.592441 0.23098
-2 4 3 1 0.287794 0.198766
2 4 0.5 1 -0.131334 -0.0172527
4 2 0.5 1 -0.41878 -0.00139771
4 -2 0.5 1 -0.917387 -0.0183817
2 -4 0.5 1 -1.18986 -0.125724
-2 -4 0.5 1 0.325513 -0.421081
-4 -2 0.5 1 0.909943 -0.283704
-4 2 0.5 1 0.549374 -0.118748
-2 4 0.5 1 0.259098 -0.0627302
7 2 3 1 -0.669014 0.289369
7 -2 3 1 -1.28575 0.470631
7 2 0.5 1 -0.686275 0.0310255
7 -2 0.5 1 -1.30269 0.0375636
4 0 3.3 1 -0.571667 0.391196
7 0 3.3 1 -0.897272 0.396578
