0 0 4.5 1 -0.162826 0.440282
2 4 3 1 0.085751 0.229642
4 2 3 1 -0.106223 0.236941
4 -2 3 1 -0.410319 0.269213
2 -4 3 1 -0.619012 0.308893
-2 -4 3 1 -0.706894 0.383171
-4 -2 3 1 -0.338047 0.390994
-4 2 3 1 0.258147 0.296734
-2 4 3 1 0.289415 0.248698
2 4 0.5 1 0.0709477 0.0423004
4 2 0.5 1 -0.115311 0.0616145
4 -2 0.5 1 -0.412084 0.0700396
2 -4 0.5 1 -0.613887 0.0571273
-2 -4 0.5 1 -0.694261 -0.00793128
-4 -2 0.5 1 -0.346582 -0.065479
-4 2 0.5 1 0.222515 -0.0511977
-2 4 0.5 1 0.262011 -0.00619599
7 2 3 1 -0.16318 0.227594
7 -2 3 1 -0.419865 0.253128
7 2 0.5 1 -0.169662 0.0797646
7 -2 0.5 1 -0.421104 0.0887009
4 0 3.3 1 -0.247951 0.275116
7 0 3.3 1 -0.284273 0.258844
