0 0 4.5 1 -0.112047 0.396568
2 4 3 1 -0.127229 0.0699883
4 2 3 1 -0.401909 0.112982
4 -2 3 1 -0.869658 0.264498
2 -4 3 1 -1.15986 0.501209
-2 -4 3 1 -0.169011 0.740721
-4 -2 3 1 0.656805 0.377857
-4 2 3 1 0.501945 0.106917
-2 4 3 1 0.244102 0.0615617
2 4 0.5 1 -0.150082 -0.158877
4 2 0.5 1 -0.434931 -0.142719
4 -2 0.5 1 -0.944309 -0.147638
2 -4 0.5 1 -1.31527 -0.213011
-2 -4 0.5 1 -0.303811 -0.46203
-4 -2 0.5 1 0.642472 -0.396841
-4 2 0.5 1 0.489618 -0.25329
-2 4 0.5 1 0.228062 -0.201447
7 2 3 1 -0.621959 0.114459
7 -2 3 1 -1.13647 0.244684
7 2 0.5 1 -0.657074 -0.116152
7 -2 0.5 1 -1.20981 -0.105942
4 0 3.3 1 -0.575622 0.207521
7 0 3.3 1 -0.820322 0.198418
