0 0 4.5 1 0.111546 0.478738
2 4 3 1 0.514842 0.340572
4 2 3 1 0.319959 0.296776
4 -2 3 1 0.0319298 0.265622
2 -4 3 1 -0.152265 0.264365
-2 -4 3 1 -0.334441 0.304269
-4 -2 3 1 -0.262888 0.375006
-4 2 3 1 0.338487 0.468732
-2 4 3 1 0.625703 0.434118
2 4 0.5 1 0.514342 0.110699
4 2 0.5 1 0.324533 0.109533
4 -2 0.5 1 0.0429234 0.0939674
2 -4 0.5 1 -0.135475 0.0764027
-2 -4 0.5 1 -0.30471 0.0427731
-4 -2 0.5 1 -0.226557 0.022073
-4 2 0.5 1 0.347599 0.0428935
-2 4 0.5 1 0.619743 0.0837462
7 2 3 1 0.317461 0.273594
7 -2 3 1 0.0764924 0.249089
7 2 0.5 1 0.321306 0.118856
7 -2 0.5 1 0.0848498 0.105153
4 0 3.3 1 0.168851 0.30264
7 0 3.3 1 0.191965 0.279227
