0 0 4.5 1 0.0663838 0.693005
2 4 3 1 -0.102288 0.303005
4 2 3 1 -0.397444 0.358271
4 -2 3 1 -0.898877 0.571314
2 -4 3 1 -1.09305 0.975011
-2 -4 3 1 0.994741 1.12993
-4 -2 3 1 1.20768 0.559189
-4 2 3 1 0.637827 0.314346
-2 4 3 1 0.309765 0.2826
2 4 0.5 1 -0.117587 0.0544915
4 2 0.5 1 -0.404825 0.0609704
4 -2 0.5 1 -0.87894 0.016531
2 -4 0.5 1 -1.03033 -0.13544
-2 -4 0.5 1 0.722682 -0.388831
-4 -2 0.5 1 1.04345 -0.197673
-4 2 0.5 1 0.584747 -0.0324751
-2 4 0.5 1 0.279927 0.0183195
7 2 3 1 -0.708423 0.371466
7 -2 3 1 -1.40724 0.574241
7 2 0.5 1 -0.704636 0.0892817
7 -2 0.5 1 -1.3584 0.0699548
4 0 3.3 1 -0.571587 0.481377
7 0 3.3 1 -0.960763 0.489785
