0 0 4.5 1 -0.182236 0.472722
2 4 3 1 0.0690856 0.258695
4 2 3 1 -0.126688 0.263515
4 -2 3 1 -0.438463 0.292713
2 -4 3 1 -0.654273 0.33151
-2 -4 3 1 -0.74003 0.409195
-4 -2 3 1 -0.34519 0.421242
-4 2 3 1 0.257395 0.329499
-2 4 3 1 0.279708 0.280823
2 4 0.5 1 0.0572477 0.0689692
4 2 0.5 1 -0.132095 0.0849943
4 -2 0.5 1 -0.434231 0.0878888
2 -4 0.5 1 -0.639795 0.0705412
-2 -4 0.5 1 -0.71207 0.00104166
-4 -2 0.5 1 -0.342666 -0.0507285
-4 2 0.5 1 0.224924 -0.022756
-2 4 0.5 1 0.254883 0.0237226
7 2 3 1 -0.186993 0.253154
7 -2 3 1 -0.450653 0.275914
7 2 0.5 1 -0.190074 0.102493
7 -2 0.5 1 -0.446816 0.106941
4 0 3.3 1 -0.271762 0.300836
7 0 3.3 1 -0.311319 0.283577
