0 0 4.5 1 0.200699 0.385761
2 4 3 1 -0.171587 0.22194
4 2 3 1 -0.110173 0.272826
4 -2 3 1 0.364403 0.361305
2 -4 3 1 0.639934 0.357387
-2 -4 3 1 0.581986 0.286606
-4 -2 3 1 0.407118 0.243541
-4 2 3 1 0.140747 0.206772
-2 4 3 1 -0.0233742 0.198913
2 4 0.5 1 -0.149372 0.00745797
4 2 0.5 1 -0.0829444 -0.00480018
4 -2 0.5 1 0.384388 0.0196357
2 -4 0.5 1 0.650785 0.0554642
-2 -4 0.5 1 0.590587 0.0764201
-4 -2 0.5 1 0.416662 0.0716603
-4 2 0.5 1 0.152728 0.0527635
-2 4 0.5 1 -0.00839827 0.0351916
7 2 3 1 -0.355166 0.337319
7 -2 3 1 0.313339 0.502088
7 2 0.5 1 -0.308431 -0.0598758
7 -2 0.5 1 0.34697 -0.0406814
4 0 3.3 1 0.0997828 0.350363
7 0 3.3 1 -0.0778104 0.464464
