0 0 4.5 1 0.151627 0.229744
2 4 3 1 -0.199865 0.0832059
4 2 3 1 -0.120962 0.131512
4 -2 3 1 0.328851 0.205545
2 -4 3 1 0.556447 0.197992
-2 -4 3 1 0.493718 0.136752
-4 -2 3 1 0.334191 0.0992607
-4 2 3 1 0.085788 0.0664681
-2 4 3 1 -0.0690554 0.0597771
2 4 0.5 1 -0.18115 -0.128007
4 2 0.5 1 -0.0960994 -0.137248
4 -2 0.5 1 0.364301 -0.105402
2 -4 0.5 1 0.589918 -0.0704681
-2 -4 0.5 1 0.516848 -0.0538103
-4 -2 0.5 1 0.352348 -0.0604488
-4 2 0.5 1 0.100848 -0.081326
-2 4 0.5 1 -0.0539326 -0.100038
7 2 3 1 -0.323346 0.195181
7 -2 3 1 0.322832 0.32534
7 2 0.5 1 -0.291057 -0.192606
7 -2 0.5 1 0.377979 -0.156841
4 0 3.3 1 0.0839203 0.199889
7 0 3.3 1 -0.0404731 0.303584
