0 0 4.5 1 0.422618 0.411989
2 4 3 1 -0.031747 0.267719
4 2 3 1 -0.033371 0.315569
4 -2 3 1 0.478997 0.367729
2 -4 3 1 0.975681 0.323751
-2 -4 3 1 0.964681 0.230742
-4 -2 3 1 0.718301 0.205273
-4 2 3 1 0.372668 0.206165
-2 4 3 1 0.172435 0.222629
2 4 0.5 1 -0.0479942 0.0413209
4 2 0.5 1 -0.0549271 0.0126039
4 -2 0.5 1 0.419755 -0.0795248
2 -4 0.5 1 0.891166 -0.113369
-2 -4 0.5 1 0.908491 -0.0585978
-4 -2 0.5 1 0.68232 -0.0134299
-4 2 0.5 1 0.351021 0.0287576
-2 4 0.5 1 0.155029 0.0435764
7 2 3 1 -0.388693 0.411308
7 -2 3 1 0.171406 0.576543
7 2 0.5 1 -0.400131 -0.00113262
7 -2 0.5 1 0.102944 -0.159275
4 0 3.3 1 0.176471 0.382065
7 0 3.3 1 -0.18661 0.538129
