0 0 4.5 1 -0.406397 0.226243
2 4 3 1 -0.919635 0.33087
4 2 3 1 -0.0837938 0.247247
4 -2 3 1 0.168128 0.0665799
2 -4 3 1 0.0329721 0.00217764
-2 -4 3 1 -0.271644 -0.0370209
-4 -2 3 1 -0.534747 -0.0376169
-4 2 3 1 -1.01439 0.014982
-2 4 3 1 -1.35578 0.125118
2 4 0.5 1 -1.01081 -0.484097
4 2 0.5 1 -0.0592409 -0.367433
4 -2 0.5 1 0.195157 -0.260977
2 -4 0.5 1 0.0472759 -0.242964
-2 -4 0.5 1 -0.27039 -0.249465
-4 -2 0.5 1 -0.543812 -0.269703
-4 2 0.5 1 -1.05674 -0.331784
-2 4 0.5 1 -1.45515 -0.413529
7 2 3 1 0.777463 0.462205
7 -2 3 1 0.609011 0.131938
7 2 0.5 1 0.952756 -0.4036
7 -2 0.5 1 0.671385 -0.255353
4 0 3.3 1 0.0763461 0.177396
7 0 3.3 1 0.651885 0.293698
