0 0 4.5 1 0.428392 0.159862
2 4 3 1 -0.023575 -0.000950712
4 2 3 1 -0.0886005 0.0456033
4 -2 3 1 0.335893 0.121512
2 -4 3 1 1.0183 0.0977577
-2 -4 3 1 1.1571 -0.0176644
-4 -2 3 1 0.864246 -0.052732
-4 2 3 1 0.457341 -0.0562806
-2 4 3 1 0.227996 -0.0418985
2 4 0.5 1 -0.0429307 -0.236415
4 2 0.5 1 -0.117432 -0.27215
4 -2 0.5 1 0.315023 -0.420834
2 -4 0.5 1 1.04681 -0.511685
-2 -4 0.5 1 1.18199 -0.411612
-4 -2 0.5 1 0.871678 -0.327585
-4 2 0.5 1 0.452731 -0.258675
-2 4 0.5 1 0.218092 -0.23631
7 2 3 1 -0.496246 0.121678
7 -2 3 1 -0.265364 0.319798
7 2 0.5 1 -0.553882 -0.282466
7 -2 0.5 1 -0.365013 -0.53475
4 0 3.3 1 0.0732145 0.119501
7 0 3.3 1 -0.412414 0.24768
