0 0 4.5 1 -0.290451 0.494674
2 4 3 1 -0.0334632 0.27619
4 2 3 1 -0.246848 0.262112
4 -2 3 1 -0.598228 0.266459
2 -4 3 1 -0.853304 0.296304
-2 -4 3 1 -0.908251 0.403119
-4 -2 3 1 -0.351752 0.456348
-4 2 3 1 0.241102 0.381445
-2 4 3 1 0.210448 0.32322
2 4 0.5 1 -0.0227362 0.0793204
4 2 0.5 1 -0.229674 0.0714199
4 -2 0.5 1 -0.5639 0.0350255
2 -4 0.5 1 -0.794617 -0.0130129
-2 -4 0.5 1 -0.809562 -0.102052
-4 -2 0.5 1 -0.29437 -0.0947177
-4 2 0.5 1 0.244326 0.0163439
-2 4 0.5 1 0.214095 0.0619278
7 2 3 1 -0.327008 0.242508
7 -2 3 1 -0.629307 0.242516
7 2 0.5 1 -0.310235 0.0807806
7 -2 0.5 1 -0.600011 0.0524083
4 0 3.3 1 -0.408073 0.290176
7 0 3.3 1 -0.468349 0.264192
