0 0 4.5 1 -0.0107455 0.735261
2 4 3 1 1.2116 0.837202
4 2 3 1 0.976335 0.504768
4 -2 3 1 0.441306 0.361461
2 -4 3 1 0.135808 0.336093
-2 -4 3 1 -0.284063 0.347048
-4 -2 3 1 -0.614968 0.394464
-4 2 3 1 -1.19064 0.630913
-2 4 3 1 -0.988047 1.09886
2 4 0.5 1 0.9703 -0.285466
4 2 0.5 1 0.871847 -0.0604477
4 -2 0.5 1 0.414274 0.057698
2 -4 0.5 1 0.1278 0.0822518
-2 -4 0.5 1 -0.271165 0.0777164
-4 -2 0.5 1 -0.576407 0.0421946
-4 2 0.5 1 -1.03234 -0.129763
-2 4 0.5 1 -0.748307 -0.414169
7 2 3 1 1.5173 0.473277
7 -2 3 1 0.764782 0.351355
7 2 0.5 1 1.36994 -0.0423165
7 -2 0.5 1 0.721379 0.0625039
4 0 3.3 1 0.631769 0.462464
7 0 3.3 1 1.04092 0.442711
