0 0 4.5 1 0.25887 0.527055
2 4 3 1 0.738802 0.333493
4 2 3 1 0.507191 0.300902
4 -2 3 1 0.182736 0.295921
2 -4 3 1 -0.01696 0.313293
-2 -4 3 1 -0.2308 0.373105
-4 -2 3 1 -0.211359 0.445004
-4 2 3 1 0.414664 0.51523
-2 4 3 1 0.839468 0.446021
2 4 0.5 1 0.692588 0.0606211
4 2 0.5 1 0.479326 0.089003
4 -2 0.5 1 0.168601 0.112891
2 -4 0.5 1 -0.0254259 0.119255
-2 -4 0.5 1 -0.232862 0.109204
-4 -2 0.5 1 -0.215345 0.0793249
-4 2 0.5 1 0.358374 0.0125731
-2 4 0.5 1 0.760019 0.0111716
7 2 3 1 0.519031 0.273477
7 -2 3 1 0.244618 0.272512
7 2 0.5 1 0.495679 0.0993363
7 -2 0.5 1 0.23106 0.118351
4 0 3.3 1 0.335275 0.322696
7 0 3.3 1 0.375468 0.293213
