0 0 4.5 1 0.0773922 0.606969
2 4 3 1 1.30302 0.661908
4 2 3 1 0.943709 0.433683
4 -2 3 1 0.418397 0.298712
2 -4 3 1 0.124812 0.259796
-2 -4 3 1 -0.271444 0.244324
-4 -2 3 1 -0.563843 0.269444
-4 2 3 1 -0.887419 0.468544
-2 4 3 1 -0.104453 0.847468
2 4 0.5 1 1.22285 -0.19898
4 2 0.5 1 0.920308 -0.0342015
4 -2 0.5 1 0.423126 0.0249976
2 -4 0.5 1 0.138078 0.0214156
-2 -4 0.5 1 -0.242858 -0.02147
-4 -2 0.5 1 -0.511731 -0.0892405
-4 2 0.5 1 -0.743637 -0.318453
-2 4 0.5 1 0.00491634 -0.528862
7 2 3 1 1.28188 0.427244
7 -2 3 1 0.671557 0.306256
7 2 0.5 1 1.24402 0.0210986
7 -2 0.5 1 0.667646 0.0548776
4 0 3.3 1 0.611642 0.391897
7 0 3.3 1 0.906011 0.391395
