0 0 4.5 1 0.430392 0.181856
2 4 3 1 -0.022682 0.0287347
4 2 3 1 -0.0785076 0.0755702
4 -2 3 1 0.361135 0.143585
2 -4 3 1 1.01697 0.11043
-2 -4 3 1 1.12849 -0.00169498
-4 -2 3 1 0.842736 -0.0322025
-4 2 3 1 0.44577 -0.0312866
-2 4 3 1 0.221314 -0.0146424
2 4 0.5 1 -0.0437845 -0.203632
4 2 0.5 1 -0.108767 -0.237801
4 -2 0.5 1 0.332326 -0.381452
2 -4 0.5 1 1.02173 -0.467318
-2 -4 0.5 1 1.13551 -0.376237
-4 -2 0.5 1 0.840524 -0.296586
-4 2 0.5 1 0.436704 -0.228586
-2 4 0.5 1 0.208475 -0.205404
7 2 3 1 -0.47856 0.157108
7 -2 3 1 -0.198327 0.347792
7 2 0.5 1 -0.533196 -0.244971
7 -2 0.5 1 -0.290747 -0.485501
4 0 3.3 1 0.0908397 0.146396
7 0 3.3 1 -0.378138 0.281562
