0 0 4.5 1 0.191785 0.363222
2 4 3 1 -0.176218 0.201509
4 2 3 1 -0.112269 0.25213
4 -2 3 1 0.357704 0.339435
2 -4 3 1 0.624938 0.335575
-2 -4 3 1 0.56649 0.266288
-4 -2 3 1 0.39454 0.223721
-4 2 3 1 0.131566 0.186926
-2 4 3 1 -0.0308336 0.178824
2 4 0.5 1 -0.153817 -0.0118638
4 2 0.5 1 -0.0845775 -0.0233731
4 -2 0.5 1 0.381129 0.00357159
2 -4 0.5 1 0.640485 0.0398925
-2 -4 0.5 1 0.578174 0.0598228
-4 -2 0.5 1 0.406045 0.054238
-4 2 0.5 1 0.144555 0.0343144
-2 4 0.5 1 -0.0152675 0.0161711
7 2 3 1 -0.350522 0.315842
7 -2 3 1 0.314067 0.476515
7 2 0.5 1 -0.304961 -0.0788578
7 -2 0.5 1 0.352294 -0.055061
4 0 3.3 1 0.096508 0.328647
7 0 3.3 1 -0.0725132 0.440559
