0 0 4.5 1 0.274102 0.496732
2 4 3 1 0.76603 0.298117
4 2 3 1 0.530287 0.267933
4 -2 3 1 0.20184 0.26714
2 -4 3 1 0.00076413 0.286993
-2 -4 3 1 -0.21667 0.348775
-4 -2 3 1 -0.206021 0.419918
-4 2 3 1 0.412532 0.486081
-2 4 3 1 0.859622 0.412295
2 4 0.5 1 0.717512 0.0202371
4 2 0.5 1 0.500155 0.0538447
4 -2 0.5 1 0.184905 0.0840776
2 -4 0.5 1 -0.0113525 0.0940216
-2 -4 0.5 1 -0.224677 0.0876411
-4 -2 0.5 1 -0.217585 0.0572079
-4 2 0.5 1 0.351647 -0.0229231
-2 4 0.5 1 0.777142 -0.0330771
7 2 3 1 0.545344 0.240038
7 -2 3 1 0.266636 0.242869
7 2 0.5 1 0.520097 0.0641532
7 -2 0.5 1 0.250827 0.0884786
4 0 3.3 1 0.355668 0.291983
7 0 3.3 1 0.399132 0.261831
