0 0 4.5 1 0.398561 0.476882
2 4 3 1 -0.0505529 0.323406
4 2 3 1 -0.0381777 0.372405
4 -2 3 1 0.48481 0.432909
2 -4 3 1 0.938626 0.397492
-2 -4 3 1 0.907756 0.307476
-4 -2 3 1 0.672551 0.277114
-4 2 3 1 0.339407 0.269876
-2 4 3 1 0.144466 0.281821
2 4 0.5 1 -0.0595561 0.0949638
4 2 0.5 1 -0.0507026 0.0678417
4 -2 0.5 1 0.430221 -0.0015507
2 -4 0.5 1 0.855593 -0.0166418
-2 -4 0.5 1 0.85299 0.0313974
-4 -2 0.5 1 0.638585 0.0650784
-4 2 0.5 1 0.321009 0.0943492
-2 4 0.5 1 0.131546 0.102745
7 2 3 1 -0.380328 0.465311
7 -2 3 1 0.240642 0.635529
7 2 0.5 1 -0.374119 0.0447783
7 -2 0.5 1 0.180964 -0.0812559
4 0 3.3 1 0.179319 0.443145
7 0 3.3 1 -0.152388 0.597649
