0 0 4.5 1 0.0571429 0.679065
2 4 3 1 -0.102858 0.292788
4 2 3 1 -0.397073 0.348471
4 -2 3 1 -0.898217 0.559895
2 -4 3 1 -1.10547 0.954403
-2 -4 3 1 0.921689 1.11624
-4 -2 3 1 1.18395 0.549365
-4 2 3 1 0.632425 0.303017
-2 4 3 1 0.307291 0.271573
2 4 0.5 1 -0.119358 0.0457496
4 2 0.5 1 -0.406796 0.0539651
4 -2 0.5 1 -0.885533 0.0142513
2 -4 0.5 1 -1.05743 -0.13098
-2 -4 0.5 1 0.668008 -0.394563
-4 -2 0.5 1 1.0263 -0.210271
-4 2 0.5 1 0.580168 -0.0441892
-2 4 0.5 1 0.27725 0.00774393
7 2 3 1 -0.702278 0.361947
7 -2 3 1 -1.3889 0.562377
7 2 0.5 1 -0.701836 0.0833071
7 -2 0.5 1 -1.35063 0.0688713
4 0 3.3 1 -0.571583 0.470586
7 0 3.3 1 -0.951103 0.478942
