0 0 4.5 1 0.0524607 0.671842
2 4 3 1 -0.103203 0.287458
4 2 3 1 -0.396918 0.343302
4 -2 3 1 -0.897763 0.553818
2 -4 3 1 -1.11099 0.943645
-2 -4 3 1 0.884985 1.10882
-4 -2 3 1 1.17159 0.544351
-4 2 3 1 0.629565 0.297237
-2 4 3 1 0.305955 0.2659
2 4 0.5 1 -0.120274 0.0411603
4 2 0.5 1 -0.407785 0.0501978
4 -2 0.5 1 -0.88868 0.012758
2 -4 0.5 1 -1.07043 -0.129117
-2 -4 0.5 1 0.640314 -0.397268
-4 -2 0.5 1 1.01747 -0.216559
-4 2 0.5 1 0.577803 -0.0501558
-2 4 0.5 1 0.275862 0.00229817
7 2 3 1 -0.699256 0.35687
7 -2 3 1 -1.37981 0.556024
7 2 0.5 1 -0.700453 0.0799976
7 -2 0.5 1 -1.3467 0.0678594
4 0 3.3 1 -0.571566 0.464886
7 0 3.3 1 -0.946319 0.473164
