0 0 4.5 1 -0.3002 0.475057
2 4 3 1 -0.0459396 0.257272
4 2 3 1 -0.261269 0.240668
4 -2 3 1 -0.617588 0.24179
2 -4 3 1 -0.877721 0.270868
-2 -4 3 1 -0.922896 0.384189
-4 -2 3 1 -0.341036 0.443548
-4 2 3 1 0.241113 0.368214
-2 4 3 1 0.202067 0.307884
2 4 0.5 1 -0.0323205 0.0604652
4 2 0.5 1 -0.241856 0.0490709
4 -2 0.5 1 -0.581384 0.00695088
2 -4 0.5 1 -0.816959 -0.0457107
-2 -4 0.5 1 -0.821178 -0.136548
-4 -2 0.5 1 -0.27939 -0.117637
-4 2 0.5 1 0.250691 0.00378389
-2 4 0.5 1 0.210458 0.0477129
7 2 3 1 -0.344682 0.21949
7 -2 3 1 -0.652448 0.216358
7 2 0.5 1 -0.326128 0.0568193
7 -2 0.5 1 -0.62161 0.0235461
4 0 3.3 1 -0.424073 0.267413
7 0 3.3 1 -0.488074 0.239878
