0 0 4.5 1 0.0302078 0.173308
2 4 3 1 0.364672 0.0513656
4 2 3 1 0.192165 0.0183368
4 -2 3 1 -0.07239 -0.00689794
2 -4 3 1 -0.244494 -0.00766174
-2 -4 3 1 -0.389569 0.0293737
-4 -2 3 1 -0.262441 0.0898808
-4 2 3 1 0.292892 0.14903
-2 4 3 1 0.482757 0.11827
2 4 0.5 1 0.38931 -0.146467
4 2 0.5 1 0.210071 -0.150761
4 -2 0.5 1 -0.0595369 -0.172214
2 -4 0.5 1 -0.233299 -0.195444
-2 -4 0.5 1 -0.377674 -0.237827
-4 -2 0.5 1 -0.242212 -0.256941
-4 2 0.5 1 0.335889 -0.214862
-2 4 0.5 1 0.522513 -0.16975
7 2 3 1 0.177436 -0.000774831
7 -2 3 1 -0.0437053 -0.0215049
7 2 0.5 1 0.1921 -0.141605
7 -2 0.5 1 -0.0325605 -0.159702
4 0 3.3 1 0.0564421 0.0252366
7 0 3.3 1 0.0641987 0.0052219
