0 0 4.5 1 0.224225 0.434427
2 4 3 1 -0.159337 0.266594
4 2 3 1 -0.103836 0.317943
4 -2 3 1 0.38218 0.407706
2 -4 3 1 0.678621 0.402717
-2 -4 3 1 0.621728 0.328423
-4 -2 3 1 0.439291 0.284733
-4 2 3 1 0.164184 0.248939
-2 4 3 1 -0.00430408 0.242218
2 4 0.5 1 -0.138558 0.0489491
4 2 0.5 1 -0.0788404 0.0346515
4 -2 0.5 1 0.392753 0.0513317
2 -4 0.5 1 0.676879 0.0849528
-2 -4 0.5 1 0.622009 0.108759
-4 -2 0.5 1 0.443428 0.1067
-4 2 0.5 1 0.173108 0.0912282
-2 4 0.5 1 0.00853007 0.0755515
7 2 3 1 -0.364799 0.385129
7 -2 3 1 0.312471 0.557803
7 2 0.5 1 -0.316911 -0.0188089
7 -2 0.5 1 0.333751 -0.0131354
4 0 3.3 1 0.109199 0.397289
7 0 3.3 1 -0.0891719 0.517265
