0 0 4.5 1 0.264823 0.155361
2 4 3 1 1.05626 0.0301192
4 2 3 1 0.762355 -0.0445343
4 -2 3 1 0.35172 -0.0868771
2 -4 3 1 0.108437 -0.0905767
-2 -4 3 1 -0.193796 -0.063278
-4 -2 3 1 -0.325718 -0.00816581
-4 2 3 1 0.0407743 0.15097
-2 4 3 1 0.858204 0.189875
2 4 0.5 1 1.15504 -0.42759
4 2 0.5 1 0.809407 -0.35101
4 -2 0.5 1 0.367414 -0.309705
2 -4 0.5 1 0.113173 -0.306316
-2 -4 0.5 1 -0.204163 -0.333153
-4 -2 0.5 1 -0.35066 -0.388727
-4 2 0.5 1 0.0471393 -0.563076
-2 4 0.5 1 1.003 -0.608669
7 2 3 1 0.862391 -0.071638
7 -2 3 1 0.482773 -0.102104
7 2 0.5 1 0.905993 -0.324139
7 -2 0.5 1 0.501335 -0.294968
4 0 3.3 1 0.522291 -0.0396971
7 0 3.3 1 0.644447 -0.063847
