0 0 4.5 1 -0.343758 0.267019
2 4 3 1 -0.653392 0.479865
4 2 3 1 0.173734 0.243861
4 -2 3 1 0.2356 0.0284727
2 -4 3 1 0.0476561 -0.0211964
-2 -4 3 1 -0.293972 -0.0292088
-4 -2 3 1 -0.57905 -0.00083634
-4 2 3 1 -1.10393 0.119621
-2 4 3 1 -1.45385 0.309077
2 4 0.5 1 -0.822111 -0.508135
4 2 0.5 1 0.178037 -0.41196
4 -2 0.5 1 0.24173 -0.304712
2 -4 0.5 1 0.0430606 -0.273353
-2 -4 0.5 1 -0.313056 -0.255471
-4 -2 0.5 1 -0.614942 -0.256636
-4 2 0.5 1 -1.20594 -0.291165
-2 4 0.5 1 -1.67895 -0.371852
7 2 3 1 1.12169 0.33604
7 -2 3 1 0.678309 0.0444002
7 2 0.5 1 1.29433 -0.509391
7 -2 0.5 1 0.717928 -0.331437
4 0 3.3 1 0.213788 0.150247
7 0 3.3 1 0.810239 0.192056
