0 0 4.5 1 0.345446 0.337307
2 4 3 1 -0.0449637 0.033063
4 2 3 1 -0.237013 0.0537957
4 -2 3 1 -0.1859 0.214408
2 -4 3 1 0.698021 0.463467
-2 -4 3 1 1.53283 0.390299
-4 -2 3 1 1.13466 0.21957
-4 2 3 1 0.587261 0.0935675
-2 4 3 1 0.298768 0.0526585
2 4 0.5 1 -0.0230138 -0.215672
4 2 0.5 1 -0.212988 -0.276854
4 -2 0.5 1 -0.13387 -0.453729
2 -4 0.5 1 0.858097 -0.572942
-2 -4 0.5 1 1.68934 -0.308893
-4 -2 0.5 1 1.21197 -0.192533
-4 2 0.5 1 0.622834 -0.159351
-2 4 0.5 1 0.324754 -0.170304
7 2 3 1 -0.687136 0.0320769
7 -2 3 1 -1.19472 0.210465
7 2 0.5 1 -0.673787 -0.341635
7 -2 0.5 1 -1.19984 -0.660608
4 0 3.3 1 -0.223727 0.15847
7 0 3.3 1 -0.843587 0.146452
