0 0 4.5 1 -0.43425 0.508011
2 4 3 1 -1.02412 0.446329
4 2 3 1 -0.451612 0.466228
4 -2 3 1 0.0595804 0.379031
2 -4 3 1 0.0365157 0.328035
-2 -4 3 1 -0.188023 0.290005
-4 -2 3 1 -0.400888 0.281796
-4 2 3 1 -0.77127 0.297372
-2 4 3 1 -1.0393 0.338455
2 4 0.5 1 -0.920114 -0.0429741
4 2 0.5 1 -0.396012 -0.0195302
4 -2 0.5 1 0.0683892 0.0635507
2 -4 0.5 1 0.0440621 0.0935855
-2 -4 0.5 1 -0.174597 0.102941
-4 -2 0.5 1 -0.380392 0.094211
-4 2 0.5 1 -0.730087 0.0604494
-2 4 0.5 1 -0.969163 0.0184743
7 2 3 1 -0.0322451 0.687753
7 -2 3 1 0.453793 0.462274
7 2 0.5 1 0.00110169 -0.114601
7 -2 0.5 1 0.437017 0.0383664
4 0 3.3 1 -0.142905 0.46259
7 0 3.3 1 0.289733 0.613082
