0 0 4.5 1 -0.270348 0.233486
2 4 3 1 -0.10348 -0.0184516
4 2 3 1 -0.346808 -0.0298193
4 -2 3 1 -0.759925 -0.0037911
2 -4 3 1 -1.05815 0.0715235
-2 -4 3 1 -0.84584 0.289199
-4 -2 3 1 -0.0140209 0.28983
-4 2 3 1 0.335594 0.112153
-2 4 3 1 0.199373 0.0351191
2 4 0.5 1 -0.0925665 -0.229606
4 2 0.5 1 -0.343434 -0.249257
4 -2 0.5 1 -0.77403 -0.308375
2 -4 0.5 1 -1.10017 -0.385611
-2 -4 0.5 1 -0.894559 -0.498402
-4 -2 0.5 1 0.0330158 -0.400262
-4 2 0.5 1 0.379454 -0.254905
-2 4 0.5 1 0.224933 -0.226687
7 2 3 1 -0.479873 -0.0575032
7 -2 3 1 -0.863525 -0.0445729
7 2 0.5 1 -0.480716 -0.248184
7 -2 0.5 1 -0.878993 -0.296424
4 0 3.3 1 -0.520348 0.0104941
7 0 3.3 1 -0.645106 -0.0267719
