0 0 4.5 1 0.382874 0.498609
2 4 3 1 -0.0620236 0.340623
4 2 3 1 -0.0437086 0.390219
4 -2 3 1 0.481285 0.455551
2 -4 3 1 0.915861 0.424645
-2 -4 3 1 0.878289 0.335841
-4 -2 3 1 0.648544 0.302963
-4 2 3 1 0.321308 0.291506
-2 4 3 1 0.128861 0.301021
2 4 0.5 1 -0.0671169 0.111556
4 2 0.5 1 -0.051411 0.0854169
4 -2 0.5 1 0.431366 0.0270998
2 -4 0.5 1 0.837675 0.0201926
-2 -4 0.5 1 0.826969 0.065285
-4 -2 0.5 1 0.617241 0.093791
-4 2 0.5 1 0.305378 0.116889
-2 4 0.5 1 0.118734 0.12208
7 2 3 1 -0.3791 0.480921
7 -2 3 1 0.263463 0.654267
7 2 0.5 1 -0.364991 0.0577562
7 -2 0.5 1 0.209824 -0.0523885
4 0 3.3 1 0.176036 0.463164
7 0 3.3 1 -0.141012 0.615709
