0 0 4.5 1 -0.0964033 0.0230373
2 4 3 1 -0.470011 -0.0783361
4 2 3 1 -0.285032 -0.048512
4 -2 3 1 0.158033 -0.0443122
2 -4 3 1 0.264606 -0.0678222
-2 -4 3 1 0.152123 -0.0996134
-4 -2 3 1 0.00186893 -0.112711
-4 2 3 1 -0.23876 -0.11801
-2 4 3 1 -0.392194 -0.110572
2 4 0.5 1 -0.483272 -0.334917
4 2 0.5 1 -0.290317 -0.352595
4 -2 0.5 1 0.176292 -0.322966
2 -4 0.5 1 0.283528 -0.290169
-2 -4 0.5 1 0.162724 -0.265874
-4 -2 0.5 1 0.00728051 -0.263696
-4 2 0.5 1 -0.240123 -0.276156
-2 4 0.5 1 -0.399026 -0.295253
7 2 3 1 -0.334621 0.0259687
7 -2 3 1 0.312972 0.0235506
7 2 0.5 1 -0.347195 -0.439213
7 -2 0.5 1 0.35205 -0.384603
4 0 3.3 1 -0.0552611 -0.0134327
7 0 3.3 1 0.00695805 0.0724527
