0 0 4.5 1 -0.282657 0.252474
2 4 3 1 -0.0979083 0.0106492
4 2 3 1 -0.336022 -0.00544209
4 -2 3 1 -0.740094 0.00941755
2 -4 3 1 -1.03488 0.0709107
-2 -4 3 1 -0.880165 0.272805
-4 -2 3 1 -0.07882 0.300549
-4 2 3 1 0.315981 0.145013
-2 4 3 1 0.195071 0.0684277
2 4 0.5 1 -0.0830831 -0.196329
4 2 0.5 1 -0.326561 -0.218563
4 -2 0.5 1 -0.740558 -0.28123
2 -4 0.5 1 -1.05011 -0.358643
-2 -4 0.5 1 -0.893543 -0.465734
-4 -2 0.5 1 -0.027716 -0.368996
-4 2 0.5 1 0.359925 -0.219158
-2 4 0.5 1 0.222474 -0.190748
7 2 3 1 -0.459859 -0.0340184
7 -2 3 1 -0.829872 -0.0301081
7 2 0.5 1 -0.454289 -0.218452
7 -2 0.5 1 -0.832697 -0.269886
4 0 3.3 1 -0.508363 0.029482
7 0 3.3 1 -0.621537 -0.00793927
