0 0 4.5 1 0.00930205 0.100222
2 4 3 1 0.326515 -0.0325828
4 2 3 1 0.154583 -0.0579427
4 -2 3 1 -0.110062 -0.0733093
2 -4 3 1 -0.282317 -0.0681744
-2 -4 3 1 -0.417505 -0.0264537
-4 -2 3 1 -0.268607 0.0278175
-4 2 3 1 0.285538 0.061586
-2 4 3 1 0.452861 0.0255561
2 4 0.5 1 0.348081 -0.228991
4 2 0.5 1 0.168295 -0.227899
4 -2 0.5 1 -0.103893 -0.242506
2 -4 0.5 1 -0.280796 -0.262569
-2 -4 0.5 1 -0.421626 -0.305366
-4 -2 0.5 1 -0.264929 -0.330288
-4 2 0.5 1 0.323349 -0.299929
-2 4 0.5 1 0.490295 -0.257518
7 2 3 1 0.135065 -0.0757579
7 -2 3 1 -0.0862276 -0.088512
7 2 0.5 1 0.14601 -0.217546
7 -2 0.5 1 -0.0805313 -0.229772
4 0 3.3 1 0.0206546 -0.0459269
7 0 3.3 1 0.0231312 -0.0656058
