0 0 4.5 1 0.0321692 0.0436985
2 4 3 1 -0.327152 -0.0355408
4 2 3 1 -0.194537 -0.00979383
4 -2 3 1 0.241348 -0.0227878
2 -4 3 1 0.391226 -0.0580753
-2 -4 3 1 0.300004 -0.0925563
-4 -2 3 1 0.15074 -0.0997056
-4 2 3 1 -0.084198 -0.0917447
-2 4 3 1 -0.231153 -0.0748872
2 4 0.5 1 -0.349658 -0.262699
4 2 0.5 1 -0.215419 -0.288855
4 -2 0.5 1 0.243183 -0.309216
2 -4 0.5 1 0.399299 -0.295157
-2 -4 0.5 1 0.30297 -0.266074
-4 -2 0.5 1 0.149175 -0.251645
-4 2 0.5 1 -0.0922065 -0.241588
-2 4 0.5 1 -0.244718 -0.243032
7 2 3 1 -0.306504 0.073366
7 -2 3 1 0.335243 0.0569199
7 2 0.5 1 -0.346607 -0.339181
7 -2 0.5 1 0.345632 -0.371956
4 0 3.3 1 0.0220677 0.0158173
7 0 3.3 1 0.0107962 0.111619
