0 0 4.5 1 0.0331331 0.186946
2 4 3 1 0.370362 0.0661298
4 2 3 1 0.197552 0.0320805
4 -2 3 1 -0.0672383 0.00562773
2 -4 3 1 -0.239459 0.00417205
-2 -4 3 1 -0.386124 0.0406581
-4 -2 3 1 -0.262167 0.101927
-4 2 3 1 0.29384 0.164433
-2 4 3 1 0.487402 0.134328
2 4 0.5 1 0.394996 -0.132183
4 2 0.5 1 0.21575 -0.137074
4 -2 0.5 1 -0.0536359 -0.159251
2 -4 0.5 1 -0.227056 -0.182773
-2 -4 0.5 1 -0.3721 -0.225022
-4 -2 0.5 1 -0.239774 -0.243552
-4 2 0.5 1 0.336922 -0.200367
-2 4 0.5 1 0.526774 -0.154915
7 2 3 1 0.183519 0.0127915
7 -2 3 1 -0.0378092 -0.00891099
7 2 0.5 1 0.198457 -0.128041
7 -2 0.5 1 -0.0260719 -0.146767
4 0 3.3 1 0.0614584 0.0383644
7 0 3.3 1 0.0700037 0.0182935
