0 0 4.5 1 -0.0583399 0.0840963
2 4 3 1 0.213561 -0.0855826
4 2 3 1 0.0394816 -0.0872136
4 -2 3 1 -0.229178 -0.0696608
2 -4 3 1 -0.404722 -0.0439311
-2 -4 3 1 -0.515737 0.0115768
-4 -2 3 1 -0.303855 0.0388066
-4 2 3 1 0.253992 -0.00599391
-2 4 3 1 0.366185 -0.0537765
2 4 0.5 1 0.210727 -0.276005
4 2 0.5 1 0.0319513 -0.256397
4 -2 0.5 1 -0.245088 -0.245439
2 -4 0.5 1 -0.429893 -0.25192
-2 -4 0.5 1 -0.559017 -0.29449
-4 -2 0.5 1 -0.344206 -0.3447
-4 2 0.5 1 0.251128 -0.359419
-2 4 0.5 1 0.369195 -0.32325
7 2 3 1 0.00663822 -0.099649
7 -2 3 1 -0.218308 -0.0854487
7 2 0.5 1 -0.000437249 -0.241173
7 -2 0.5 1 -0.231227 -0.231557
4 0 3.3 1 -0.0908158 -0.0585823
7 0 3.3 1 -0.102796 -0.075874
