0 0 4.5 1 0.296052 0.324926
2 4 3 1 0.853539 0.120778
4 2 3 1 0.602492 0.0937692
4 -2 3 1 0.256037 0.100712
2 -4 3 1 0.0472959 0.124683
-2 -4 3 1 -0.18855 0.18786
-4 -2 3 1 -0.218005 0.256101
-4 2 3 1 0.346225 0.324178
-2 4 3 1 0.894822 0.245635
2 4 0.5 1 0.82115 -0.188855
4 2 0.5 1 0.578786 -0.135639
4 -2 0.5 1 0.237079 -0.0859537
2 -4 0.5 1 0.0280686 -0.0666716
-2 -4 0.5 1 -0.213578 -0.0643343
-4 -2 0.5 1 -0.252936 -0.0965353
-4 2 0.5 1 0.290771 -0.219996
-2 4 0.5 1 0.84162 -0.262256
7 2 3 1 0.635768 0.0638513
7 -2 3 1 0.336014 0.0744956
7 2 0.5 1 0.616252 -0.124666
7 -2 0.5 1 0.319834 -0.0841667
4 0 3.3 1 0.413979 0.122328
7 0 3.3 1 0.475113 0.0903288
