0 0 4.5 1 -0.457535 0.465133
2 4 3 1 -1.06296 0.407566
4 2 3 1 -0.433684 0.436765
4 -2 3 1 0.0590104 0.346988
2 -4 3 1 0.0200853 0.291649
-2 -4 3 1 -0.215417 0.246158
-4 -2 3 1 -0.435369 0.232558
-4 2 3 1 -0.823304 0.241542
-2 4 3 1 -1.1083 0.282498
2 4 0.5 1 -0.95248 -0.118127
4 2 0.5 1 -0.370521 -0.0686477
4 -2 0.5 1 0.0778526 0.0310289
2 -4 0.5 1 0.0353872 0.0577062
-2 -4 0.5 1 -0.196912 0.0577541
-4 -2 0.5 1 -0.410764 0.04141
-4 2 0.5 1 -0.778327 -0.0056193
-2 4 0.5 1 -1.03338 -0.0580711
7 2 3 1 0.0677588 0.688019
7 -2 3 1 0.465914 0.441172
7 2 0.5 1 0.114213 -0.143566
7 -2 0.5 1 0.467738 0.0227453
4 0 3.3 1 -0.133059 0.430796
7 0 3.3 1 0.333166 0.595305
