0 0 4.5 1 -0.185045 0.0957862
2 4 3 1 -0.599964 0.0420212
4 2 3 1 -0.352362 0.0428429
4 -2 3 1 0.102008 -0.0148412
2 -4 3 1 0.172321 -0.0480697
-2 -4 3 1 0.034403 -0.0618526
-4 -2 3 1 -0.124211 -0.0552868
-4 2 3 1 -0.379629 -0.0295113
-2 4 3 1 -0.543971 -0.00129984
2 4 0.5 1 -0.644781 -0.244279
4 2 0.5 1 -0.392695 -0.286101
4 -2 0.5 1 0.0854087 -0.292188
2 -4 0.5 1 0.161494 -0.264345
-2 -4 0.5 1 0.0231457 -0.225939
-4 -2 0.5 1 -0.137977 -0.20803
-4 2 0.5 1 -0.400544 -0.19669
-2 4 0.5 1 -0.573785 -0.202765
7 2 3 1 -0.321574 0.124541
7 -2 3 1 0.319137 0.0239793
7 2 0.5 1 -0.383408 -0.391887
7 -2 0.5 1 0.306957 -0.375654
4 0 3.3 1 -0.1027 0.0460604
7 0 3.3 1 0.0427908 0.118462
