0 0 4.5 1 -0.400776 0.523061
2 4 3 1 -0.97002 0.463804
4 2 3 1 -0.450738 0.472806
4 -2 3 1 0.0665919 0.384727
2 -4 3 1 0.0572233 0.337613
-2 -4 3 1 -0.156585 0.307319
-4 -2 3 1 -0.362216 0.30484
-4 2 3 1 -0.715303 0.327642
-2 4 3 1 -0.966449 0.369901
2 4 0.5 1 -0.884506 0.00674183
4 2 0.5 1 -0.408416 0.0080816
4 -2 0.5 1 0.0652317 0.0725868
2 -4 0.5 1 0.0566114 0.104562
-2 -4 0.5 1 -0.149564 0.122608
-4 -2 0.5 1 -0.348062 0.121351
-4 2 0.5 1 -0.682642 0.100318
-2 4 0.5 1 -0.909162 0.0679523
7 2 3 1 -0.10301 0.663599
7 -2 3 1 0.444492 0.45513
7 2 0.5 1 -0.0830771 -0.101347
7 -2 0.5 1 0.413069 0.031546
4 0 3.3 1 -0.141319 0.468438
7 0 3.3 1 0.25556 0.601754
