0 0 4.5 1 0.200196 0.745048
2 4 3 1 -0.105558 0.337506
4 2 3 1 -0.388434 0.368269
4 -2 3 1 -0.76794 0.563195
2 -4 3 1 -0.411803 1.01816
-2 -4 3 1 1.78387 1.03805
-4 -2 3 1 1.34651 0.611158
-4 2 3 1 0.64868 0.398236
-2 4 3 1 0.307689 0.349942
2 4 0.5 1 -0.0921631 0.0773764
4 2 0.5 1 -0.355204 0.0406108
4 -2 0.5 1 -0.6595 -0.101553
2 -4 0.5 1 -0.284932 -0.322286
-2 -4 0.5 1 1.46065 -0.234788
-4 -2 0.5 1 1.22139 -0.0209059
-4 2 0.5 1 0.622408 0.078672
-2 4 0.5 1 0.301971 0.0923992
7 2 3 1 -0.795047 0.35652
7 -2 3 1 -1.63709 0.543479
7 2 0.5 1 -0.737506 0.0257267
7 -2 0.5 1 -1.42473 -0.134363
4 0 3.3 1 -0.51849 0.489097
7 0 3.3 1 -1.07838 0.47504
