0 0 4.5 1 -0.0700979 0.0623904
2 4 3 1 -0.432338 -0.0509336
4 2 3 1 -0.263848 -0.0149317
4 -2 3 1 0.175257 0.00621224
2 -4 3 1 0.29222 -0.0135513
-2 -4 3 1 0.187029 -0.0500967
-4 -2 3 1 0.0391466 -0.068658
-4 2 3 1 -0.197432 -0.0821671
-2 4 3 1 -0.348266 -0.0799396
2 4 0.5 1 -0.431676 -0.29582
4 2 0.5 1 -0.255698 -0.307612
4 -2 0.5 1 0.201 -0.268739
2 -4 0.5 1 0.31671 -0.234591
-2 -4 0.5 1 0.202592 -0.214634
-4 -2 0.5 1 0.0498892 -0.216933
-4 2 0.5 1 -0.191703 -0.235447
-2 4 0.5 1 -0.345586 -0.257334
7 2 3 1 -0.334482 0.056574
7 -2 3 1 0.312441 0.0816727
7 2 0.5 1 -0.326708 -0.387688
7 -2 0.5 1 0.359156 -0.322961
4 0 3.3 1 -0.0400503 0.028425
7 0 3.3 1 -0.00064907 0.117077
