0 0 4.5 1 -0.0803642 0.14594
2 4 3 1 0.176982 -0.0348577
4 2 3 1 0.00167728 -0.029417
4 -2 3 1 -0.269532 -0.00181418
2 -4 3 1 -0.44782 0.0305345
-2 -4 3 1 -0.551058 0.0899668
-4 -2 3 1 -0.312294 0.106063
-4 2 3 1 0.247618 0.0369739
-2 4 3 1 0.339607 -0.011865
2 4 0.5 1 0.16527 -0.220464
4 2 0.5 1 -0.0121223 -0.196158
4 -2 0.5 1 -0.28956 -0.178313
2 -4 0.5 1 -0.476177 -0.181126
-2 -4 0.5 1 -0.59725 -0.225138
-4 -2 0.5 1 -0.358993 -0.283996
-4 2 0.5 1 0.2284 -0.308397
-2 4 0.5 1 0.327873 -0.272495
7 2 3 1 -0.0361467 -0.0396275
7 -2 3 1 -0.263432 -0.0172032
7 2 0.5 1 -0.0482822 -0.179284
7 -2 0.5 1 -0.27992 -0.163641
4 0 3.3 1 -0.127972 0.00412256
7 0 3.3 1 -0.145323 -0.0118368
