0 0 4.5 1 -0.222039 0.231059
2 4 3 1 -0.663898 0.192611
4 2 3 1 -0.371713 0.181081
4 -2 3 1 0.0933146 0.10116
2 -4 3 1 0.144221 0.065795
-2 -4 3 1 -0.00898015 0.0574251
-4 -2 3 1 -0.174424 0.0697668
-4 2 3 1 -0.44317 0.106051
-2 4 3 1 -0.618711 0.142896
2 4 0.5 1 -0.699235 -0.115623
4 2 0.5 1 -0.409084 -0.164172
4 -2 0.5 1 0.0663398 -0.174285
2 -4 0.5 1 0.123691 -0.146411
-2 -4 0.5 1 -0.0252713 -0.105384
-4 -2 0.5 1 -0.190401 -0.0843157
-4 2 0.5 1 -0.462215 -0.0676813
-2 4 0.5 1 -0.643002 -0.0710502
7 2 3 1 -0.28754 0.269463
7 -2 3 1 0.347068 0.130914
7 2 0.5 1 -0.345988 -0.27876
7 -2 0.5 1 0.310921 -0.259993
4 0 3.3 1 -0.109283 0.17312
7 0 3.3 1 0.0881804 0.24276
