0 0 4.5 1 -0.462701 0.364863
2 4 3 1 -1.07341 0.334634
4 2 3 1 -0.358808 0.362529
4 -2 3 1 0.0791921 0.255753
2 -4 3 1 0.0121913 0.193961
-2 -4 3 1 -0.241878 0.14121
-4 -2 3 1 -0.473429 0.123372
-4 2 3 1 -0.889031 0.129789
-2 4 3 1 -1.19767 0.177781
2 4 0.5 1 -0.991994 -0.262756
4 2 0.5 1 -0.299659 -0.173619
4 -2 0.5 1 0.109063 -0.059151
2 -4 0.5 1 0.0348948 -0.038882
-2 -4 0.5 1 -0.2214 -0.050261
-4 -2 0.5 1 -0.450481 -0.0753743
-4 2 0.5 1 -0.853938 -0.138943
-2 4 0.5 1 -1.14325 -0.206539
7 2 3 1 0.275819 0.641098
7 -2 3 1 0.499265 0.356382
7 2 0.5 1 0.349816 -0.21425
7 -2 0.5 1 0.531255 -0.0469101
4 0 3.3 1 -0.0873131 0.343549
7 0 3.3 1 0.422477 0.514493
