0 0 4.5 1 -0.0209257 0.550935
2 4 3 1 -0.112499 0.194954
4 2 3 1 -0.397507 0.249334
4 -2 3 1 -0.886012 0.439491
2 -4 3 1 -1.15424 0.757416
-2 -4 3 1 0.355078 0.96351
-4 -2 3 1 0.956926 0.466249
-4 2 3 1 0.577125 0.206841
-2 4 3 1 0.280118 0.17336
2 4 0.5 1 -0.135515 -0.0411764
4 2 0.5 1 -0.422678 -0.0239132
4 -2 0.5 1 -0.925376 -0.0357624
2 -4 0.5 1 -1.22315 -0.132413
-2 -4 0.5 1 0.209517 -0.427901
-4 -2 0.5 1 0.866803 -0.30656
-4 2 0.5 1 0.538463 -0.144089
-2 4 0.5 1 0.252766 -0.0877452
7 2 3 1 -0.659532 0.260758
7 -2 3 1 -1.25516 0.434131
7 2 0.5 1 -0.681551 0.00845503
7 -2 0.5 1 -1.28674 0.0188402
4 0 3.3 1 -0.572094 0.360682
7 0 3.3 1 -0.881516 0.364202
