0 0 4.5 1 -0.0769268 0.0490714
2 4 3 1 -0.442043 -0.0612643
4 2 3 1 -0.26921 -0.0267529
4 -2 3 1 0.170873 -0.00989689
2 -4 3 1 0.285009 -0.030639
-2 -4 3 1 0.177906 -0.0659685
-4 -2 3 1 0.0294346 -0.0831455
-4 2 3 1 -0.208169 -0.0946064
-2 4 3 1 -0.359656 -0.0910921
2 4 0.5 1 -0.445041 -0.309336
4 2 0.5 1 -0.264537 -0.322544
4 -2 0.5 1 0.194935 -0.285852
2 -4 0.5 1 0.308332 -0.252024
-2 -4 0.5 1 0.192351 -0.230979
-4 -2 0.5 1 0.0388991 -0.232171
-4 2 0.5 1 -0.204243 -0.249229
-2 4 0.5 1 -0.359449 -0.270484
7 2 3 1 -0.33424 0.0455353
7 -2 3 1 0.312771 0.0635898
7 2 0.5 1 -0.331836 -0.404377
7 -2 0.5 1 0.358003 -0.341953
4 0 3.3 1 -0.0438715 0.0145203
7 0 3.3 1 0.00161305 0.102461
