0 0 4.5 1 -0.216778 0.241508
2 4 3 1 -0.124527 -0.0473082
4 2 3 1 -0.384689 -0.0348402
4 -2 3 1 -0.825673 0.0444443
2 -4 3 1 -1.12697 0.18268
-2 -4 3 1 -0.64821 0.435453
-4 -2 3 1 0.249783 0.295228
-4 2 3 1 0.404781 0.0500681
-2 4 3 1 0.21266 -0.0190206
2 4 0.5 1 -0.131492 -0.270587
4 2 0.5 1 -0.404663 -0.273952
4 -2 0.5 1 -0.887281 -0.307782
2 -4 0.5 1 -1.26275 -0.375461
-2 -4 0.5 1 -0.793294 -0.527205
-4 -2 0.5 1 0.284962 -0.452669
-4 2 0.5 1 0.433247 -0.322725
-2 4 0.5 1 0.222469 -0.287186
7 2 3 1 -0.55397 -0.0530466
7 -2 3 1 -0.989202 0.00631115
7 2 0.5 1 -0.578655 -0.263825
7 -2 0.5 1 -1.04996 -0.287675
4 0 3.3 1 -0.559829 0.0294526
7 0 3.3 1 -0.731888 -0.000275902
