0 0 4.5 1 0.434578 0.264277
2 4 3 1 -0.0204747 0.124021
4 2 3 1 -0.0526054 0.171033
4 -2 3 1 0.422247 0.223856
2 -4 3 1 1.00851 0.17643
-2 -4 3 1 1.05829 0.0736564
-4 -2 3 1 0.790204 0.0503103
-4 2 3 1 0.417441 0.0573124
-2 4 3 1 0.204797 0.0770563
2 4 0.5 1 -0.0432195 -0.102372
4 2 0.5 1 -0.0832606 -0.13355
4 -2 0.5 1 0.374632 -0.260315
2 -4 0.5 1 0.960339 -0.32823
-2 -4 0.5 1 1.0269 -0.256203
-4 -2 0.5 1 0.767047 -0.189756
-4 2 0.5 1 0.399183 -0.128447
-2 4 0.5 1 0.186627 -0.105854
7 2 3 1 -0.432814 0.263019
7 -2 3 1 -0.0272084 0.43584
7 2 0.5 1 -0.473908 -0.137682
7 -2 0.5 1 -0.105976 -0.346731
4 0 3.3 1 0.1353 0.236219
7 0 3.3 1 -0.288904 0.385
