0 0 4.5 1 0.285851 0.199433
2 4 3 1 0.930167 0.0124676
4 2 3 1 0.662728 -0.0263603
4 -2 3 1 0.292008 -0.0306115
2 -4 3 1 0.0702541 -0.0131203
-2 -4 3 1 -0.190935 0.0411239
-4 -2 3 1 -0.260759 0.106988
-4 2 3 1 0.238227 0.206668
-2 4 3 1 0.894456 0.154107
2 4 0.5 1 0.944308 -0.350579
4 2 0.5 1 0.664069 -0.284618
4 -2 0.5 1 0.283735 -0.23083
2 -4 0.5 1 0.0563939 -0.213137
-2 -4 0.5 1 -0.21739 -0.21613
-4 -2 0.5 1 -0.301421 -0.254077
-4 2 0.5 1 0.208132 -0.400769
-2 4 0.5 1 0.915827 -0.455195
7 2 3 1 0.719297 -0.0574137
7 -2 3 1 0.39083 -0.0552113
7 2 0.5 1 0.721899 -0.269886
7 -2 0.5 1 0.385884 -0.226771
4 0 3.3 1 0.455051 -0.00251221
7 0 3.3 1 0.538226 -0.0340076
