0 0 4.5 1 -0.040801 0.517122
2 4 3 1 -0.115821 0.168093
4 2 3 1 -0.398465 0.220898
4 -2 3 1 -0.882488 0.403881
2 -4 3 1 -1.15791 0.703396
-2 -4 3 1 0.228775 0.917942
-4 -2 3 1 0.894093 0.445987
-4 2 3 1 0.561318 0.18335
-2 4 3 1 0.272218 0.148116
2 4 0.5 1 -0.139537 -0.065917
4 2 0.5 1 -0.42634 -0.0478316
4 -2 0.5 1 -0.932091 -0.0558498
2 -4 0.5 1 -1.25141 -0.143151
-2 -4 0.5 1 0.0947422 -0.434394
-4 -2 0.5 1 0.821925 -0.328257
-4 2 0.5 1 0.527571 -0.169059
-2 4 0.5 1 0.246609 -0.112876
7 2 3 1 -0.650799 0.23077
7 -2 3 1 -1.2267 0.395723
7 2 0.5 1 -0.676912 -0.0159877
7 -2 0.5 1 -1.27088 -0.00323387
4 0 3.3 1 -0.572758 0.328979
7 0 3.3 1 -0.866935 0.330289
