0 0 4.5 1 0.422784 0.126799
2 4 3 1 -0.0242241 -0.0601242
4 2 3 1 -0.114819 -0.0155515
4 -2 3 1 0.261367 0.0845397
2 -4 3 1 1.0139 0.0969921
-2 -4 3 1 1.23896 -0.0247231
-4 -2 3 1 0.926224 -0.0767157
-4 2 3 1 0.491293 -0.0974952
-2 4 3 1 0.248337 -0.0917655
2 4 0.5 1 -0.0364294 -0.304234
4 2 0.5 1 -0.136786 -0.345325
4 -2 0.5 1 0.2618 -0.504898
2 -4 0.5 1 1.11086 -0.604556
-2 -4 0.5 1 1.31796 -0.475084
-4 -2 0.5 1 0.962277 -0.381136
-4 2 0.5 1 0.500227 -0.313974
-2 4 0.5 1 0.248012 -0.29627
7 2 3 1 -0.54172 0.0421637
7 -2 3 1 -0.451192 0.257365
7 2 0.5 1 -0.601022 -0.368172
7 -2 0.5 1 -0.572485 -0.652302
4 0 3.3 1 0.024431 0.067728
7 0 3.3 1 -0.504091 0.172025
