0 0 4.5 1 -0.44811 0.294983
2 4 3 1 -1.0436 0.302516
4 2 3 1 -0.275044 0.308912
4 -2 3 1 0.107373 0.179224
2 -4 3 1 0.0177873 0.114146
-2 -4 3 1 -0.252331 0.0614743
-4 -2 3 1 -0.493934 0.0455962
-4 2 3 1 -0.931129 0.0599766
-2 4 3 1 -1.25403 0.122152
2 4 0.5 1 -1.01304 -0.362857
4 2 0.5 1 -0.227369 -0.253271
4 -2 0.5 1 0.140169 -0.137773
2 -4 0.5 1 0.0409715 -0.120899
-2 -4 0.5 1 -0.235616 -0.135429
-4 -2 0.5 1 -0.478783 -0.162613
-4 2 0.5 1 -0.916251 -0.231811
-2 4 0.5 1 -1.239 -0.307552
7 2 3 1 0.449831 0.583949
7 -2 3 1 0.535234 0.274308
7 2 0.5 1 0.555954 -0.277674
7 -2 0.5 1 0.584731 -0.119932
4 0 3.3 1 -0.0356149 0.273715
7 0 3.3 1 0.500421 0.435008
