0 0 4.5 1 0.0858551 0.0522891
2 4 3 1 -0.265339 -0.0561779
4 2 3 1 -0.154978 -0.0181062
4 -2 3 1 0.28314 0.00800356
2 -4 3 1 0.460801 -0.0167508
-2 -4 3 1 0.382501 -0.0633029
-4 -2 3 1 0.231251 -0.0840057
-4 2 3 1 -0.00703327 -0.0949168
-2 4 3 1 -0.156126 -0.0890923
2 4 0.5 1 -0.27003 -0.277842
4 2 0.5 1 -0.154996 -0.293708
4 -2 0.5 1 0.308159 -0.287189
2 -4 0.5 1 0.490227 -0.264903
-2 -4 0.5 1 0.400968 -0.243336
-4 -2 0.5 1 0.242654 -0.239353
-4 2 0.5 1 -0.00283724 -0.244664
-2 4 0.5 1 -0.156172 -0.254764
7 2 3 1 -0.301415 0.0579212
7 -2 3 1 0.337952 0.105197
7 2 0.5 1 -0.312964 -0.344626
7 -2 0.5 1 0.38128 -0.340587
4 0 3.3 1 0.0551184 0.0267138
7 0 3.3 1 0.000430979 0.126792
