0 0 4.5 1 0.434434 0.257602
2 4 3 1 -0.0205156 0.116868
4 2 3 1 -0.0542407 0.163876
4 -2 3 1 0.418386 0.2174
2 -4 3 1 1.00934 0.170465
-2 -4 3 1 1.06289 0.0670698
-4 -2 3 1 0.793648 0.0434715
-4 2 3 1 0.419344 0.0503394
-2 4 3 1 0.20596 0.0700151
2 4 0.5 1 -0.0433036 -0.109786
4 2 0.5 1 -0.0850415 -0.141121
4 -2 0.5 1 0.371884 -0.269241
2 -4 0.5 1 0.96421 -0.338605
-2 -4 0.5 1 1.03365 -0.265476
-4 -2 0.5 1 0.771666 -0.198052
-4 2 0.5 1 0.401567 -0.136082
-2 4 0.5 1 0.18802 -0.113312
7 2 3 1 -0.435768 0.255344
7 -2 3 1 -0.0385288 0.429172
7 2 0.5 1 -0.478036 -0.14519
7 -2 0.5 1 -0.11797 -0.356468
4 0 3.3 1 0.132444 0.229295
7 0 3.3 1 -0.294837 0.377366
