0 0 4.5 1 0.132746 0.513721
2 4 3 1 0.548292 0.366824
4 2 3 1 0.34746 0.323419
4 -2 3 1 0.0531924 0.294829
2 -4 3 1 -0.134017 0.295827
-2 -4 3 1 -0.322147 0.338614
-4 -2 3 1 -0.258232 0.410297
-4 2 3 1 0.353022 0.503191
-2 4 3 1 0.659703 0.464378
2 4 0.5 1 0.540073 0.129132
4 2 0.5 1 0.346926 0.131251
4 -2 0.5 1 0.0609372 0.1203
2 -4 0.5 1 -0.119875 0.105677
-2 -4 0.5 1 -0.294768 0.0748587
-4 -2 0.5 1 -0.225102 0.052431
-4 2 0.5 1 0.351453 0.0623184
-2 4 0.5 1 0.640927 0.099335
7 2 3 1 0.346719 0.299477
7 -2 3 1 0.100353 0.277343
7 2 0.5 1 0.346296 0.140855
7 -2 0.5 1 0.105759 0.130935
4 0 3.3 1 0.192885 0.331144
7 0 3.3 1 0.218368 0.306763
