0 0 4.5 1 -0.163051 0.045849
2 4 3 1 -0.566363 -0.0204448
4 2 3 1 -0.337769 -0.0112465
4 -2 3 1 0.113678 -0.053077
2 -4 3 1 0.194327 -0.0844606
-2 -4 3 1 0.0635404 -0.102925
-4 -2 3 1 -0.0926792 -0.101249
-4 2 3 1 -0.343597 -0.0834483
-2 4 3 1 -0.504297 -0.0608252
2 4 0.5 1 -0.607595 -0.2993
4 2 0.5 1 -0.372569 -0.334941
4 -2 0.5 1 0.106084 -0.332978
2 -4 0.5 1 0.191506 -0.304118
-2 -4 0.5 1 0.0576261 -0.268798
-4 -2 0.5 1 -0.10233 -0.254502
-4 2 0.5 1 -0.361334 -0.248954
-2 4 0.5 1 -0.531138 -0.258356
7 2 3 1 -0.331311 0.068778
7 -2 3 1 0.313171 -0.00650749
7 2 0.5 1 -0.38577 -0.435978
7 -2 0.5 1 0.316458 -0.412192
4 0 3.3 1 -0.0935206 0.000326883
7 0 3.3 1 0.0275129 0.0766303
