0 0 4.5 1 0.225232 0.557686
2 4 3 1 0.686114 0.375634
4 2 3 1 0.462529 0.338777
4 -2 3 1 0.145661 0.326001
2 -4 3 1 -0.0512958 0.338473
-2 -4 3 1 -0.258734 0.393855
-4 -2 3 1 -0.225181 0.466639
-4 2 3 1 0.406228 0.54513
-2 4 3 1 0.794327 0.485039
2 4 0.5 1 0.648113 0.111428
4 2 0.5 1 0.441121 0.131039
4 -2 0.5 1 0.137648 0.143729
2 -4 0.5 1 -0.0526735 0.143547
-2 -4 0.5 1 -0.25036 0.126847
-4 -2 0.5 1 -0.216042 0.09846
-4 2 0.5 1 0.36261 0.0555962
-2 4 0.5 1 0.727371 0.0682503
7 2 3 1 0.469776 0.312216
7 -2 3 1 0.202961 0.30427
7 2 0.5 1 0.451847 0.141346
7 -2 0.5 1 0.194544 0.151011
4 0 3.3 1 0.295295 0.356252
7 0 3.3 1 0.330572 0.328096
