0 0 4.5 1 0.230168 0.231612
2 4 3 1 1.14455 0.176396
4 2 3 1 0.828607 0.0640382
4 -2 3 1 0.387902 -0.0154187
2 -4 3 1 0.130484 -0.0387398
-2 -4 3 1 -0.200661 -0.0376191
-4 -2 3 1 -0.383262 0.00144408
-4 2 3 1 -0.178697 0.189428
-2 4 3 1 0.746774 0.335158
2 4 0.5 1 1.27753 -0.360286
4 2 0.5 1 0.894674 -0.27595
4 -2 0.5 1 0.416945 -0.249179
2 -4 0.5 1 0.149084 -0.259142
-2 -4 0.5 1 -0.191599 -0.306488
-4 -2 0.5 1 -0.381074 -0.377082
-4 2 0.5 1 -0.149236 -0.577743
-2 4 0.5 1 0.928523 -0.623504
7 2 3 1 0.974159 0.0459199
7 -2 3 1 0.547667 -0.0189123
7 2 0.5 1 1.03502 -0.235377
7 -2 0.5 1 0.578069 -0.223355
4 0 3.3 1 0.563036 0.0487547
7 0 3.3 1 0.722526 0.0357015
