0 0 4.5 1 -0.0337021 0.173687
2 4 3 1 -0.384706 0.04681
4 2 3 1 -0.239211 0.0888856
4 -2 3 1 0.198298 0.129053
2 -4 3 1 0.333042 0.113453
-2 -4 3 1 0.237373 0.0707187
-4 -2 3 1 0.0911078 0.045903
-4 2 3 1 -0.141971 0.0238735
-2 4 3 1 -0.290478 0.0210442
2 4 0.5 1 -0.366423 -0.182063
4 2 0.5 1 -0.215096 -0.18883
4 -2 0.5 1 0.227605 -0.143662
2 -4 0.5 1 0.358298 -0.108705
-2 -4 0.5 1 0.255228 -0.0931045
-4 -2 0.5 1 0.105957 -0.0996035
-4 2 0.5 1 -0.128587 -0.123044
-2 4 0.5 1 -0.276384 -0.146401
7 2 3 1 -0.342041 0.157634
7 -2 3 1 0.309916 0.215637
7 2 0.5 1 -0.30773 -0.259273
7 -2 0.5 1 0.355822 -0.1901
4 0 3.3 1 -0.0218621 0.141685
7 0 3.3 1 -0.0168828 0.235289
