0 0 4.5 1 0.162049 0.268796
2 4 3 1 -0.192869 0.117307
4 2 3 1 -0.118515 0.166457
4 -2 3 1 0.336047 0.245513
2 -4 3 1 0.574068 0.239688
-2 -4 3 1 0.512911 0.176158
-4 -2 3 1 0.350461 0.13681
-4 2 3 1 0.0986161 0.102139
-2 4 3 1 -0.0580414 0.0945537
2 4 0.5 1 -0.172259 -0.0937513
4 2 0.5 1 -0.0918863 -0.103266
4 -2 0.5 1 0.369306 -0.0712452
2 -4 0.5 1 0.603823 -0.0352649
-2 -4 0.5 1 0.533756 -0.018111
-4 -2 0.5 1 0.367463 -0.0250541
-4 2 0.5 1 0.113713 -0.0464818
-2 4 0.5 1 -0.042126 -0.0654836
7 2 3 1 -0.330986 0.229394
7 -2 3 1 0.319571 0.369765
7 2 0.5 1 -0.293727 -0.159012
7 -2 0.5 1 0.371423 -0.124282
4 0 3.3 1 0.0869528 0.237615
7 0 3.3 1 -0.0499017 0.343007
