0 0 4.5 1 -0.275775 0.240558
2 4 3 1 -0.101014 -0.00691872
4 2 3 1 -0.342085 -0.0204657
4 -2 3 1 -0.751328 0.000474012
2 -4 3 1 -1.0482 0.0695692
-2 -4 3 1 -0.861616 0.280641
-4 -2 3 1 -0.0424598 0.293749
-4 2 3 1 0.327123 0.125629
-2 4 3 1 0.197547 0.0486538
2 4 0.5 1 -0.0883093 -0.216257
4 2 0.5 1 -0.335998 -0.237164
4 -2 0.5 1 -0.759428 -0.298058
2 -4 0.5 1 -1.07842 -0.375543
-2 -4 0.5 1 -0.895098 -0.485672
-4 -2 0.5 1 0.00625358 -0.387598
-4 2 0.5 1 0.371254 -0.240163
-2 4 0.5 1 0.22407 -0.211993
7 2 3 1 -0.471102 -0.0486313
7 -2 3 1 -0.848803 -0.0398536
7 2 0.5 1 -0.469097 -0.2366
7 -2 0.5 1 -0.858688 -0.286451
4 0 3.3 1 -0.515139 0.017414
7 0 3.3 1 -0.634796 -0.0200172
