0 0 4.5 1 0.171063 0.300537
2 4 3 1 -0.187461 0.14536
4 2 3 1 -0.116641 0.195079
4 -2 3 1 0.342453 0.277497
2 -4 3 1 0.589524 0.272694
-2 -4 3 1 0.529423 0.207288
-4 -2 3 1 0.364201 0.166664
-4 2 3 1 0.109099 0.1309
-2 4 3 1 -0.0492569 0.122881
2 4 0.5 1 -0.165811 -0.0660568
4 2 0.5 1 -0.0891503 -0.0760393
4 -2 0.5 1 0.373147 -0.0448348
2 -4 0.5 1 0.615372 -0.00836869
-2 -4 0.5 1 0.547789 0.00946574
-4 -2 0.5 1 0.379796 0.00263846
-4 2 0.5 1 0.123838 -0.0187419
-2 4 0.5 1 -0.0331011 -0.0377068
7 2 3 1 -0.337469 0.257862
7 -2 3 1 0.317303 0.405674
7 2 0.5 1 -0.296841 -0.131912
7 -2 0.5 1 0.365493 -0.0994898
4 0 3.3 1 0.0896446 0.268237
7 0 3.3 1 -0.0575607 0.375404
