0 0 4.5 1 0.176725 0.554637
2 4 3 1 0.614462 0.390337
4 2 3 1 0.402334 0.349169
4 -2 3 1 0.0965849 0.327244
2 -4 3 1 -0.0958454 0.333413
-2 -4 3 1 -0.294066 0.382255
-4 -2 3 1 -0.244371 0.455041
-4 2 3 1 0.381329 0.542813
-2 4 3 1 0.726044 0.494425
2 4 0.5 1 0.591225 0.138815
4 2 0.5 1 0.391527 0.148529
4 -2 0.5 1 0.0970667 0.148018
2 -4 0.5 1 -0.0884187 0.139873
-2 -4 0.5 1 -0.274188 0.11529
-4 -2 0.5 1 -0.22082 0.0896968
-4 2 0.5 1 0.358794 0.0757809
-2 4 0.5 1 0.682688 0.102936
7 2 3 1 0.405078 0.323875
7 -2 3 1 0.148568 0.307759
7 2 0.5 1 0.396049 0.158577
7 -2 0.5 1 0.147516 0.157274
4 0 3.3 1 0.241418 0.361238
7 0 3.3 1 0.271404 0.334988
