0 0 4.5 1 0.231232 0.676188
2 4 3 1 -0.100067 0.287105
4 2 3 1 -0.366275 0.309997
4 -2 3 1 -0.658645 0.491156
2 -4 3 1 -0.100212 0.911286
-2 -4 3 1 1.76808 0.909279
-4 -2 3 1 1.3009 0.557992
-4 2 3 1 0.630304 0.360315
-2 4 3 1 0.299708 0.308564
2 4 0.5 1 -0.0801023 0.0308987
4 2 0.5 1 -0.328286 -0.0168663
4 -2 0.5 1 -0.555273 -0.177863
2 -4 0.5 1 -0.00765022 -0.383975
-2 -4 0.5 1 1.5703 -0.204935
-4 -2 0.5 1 1.23156 -0.0155526
-4 2 0.5 1 0.621864 0.0579723
-2 4 0.5 1 0.304617 0.0602472
7 2 3 1 -0.789729 0.288616
7 -2 3 1 -1.60719 0.458803
7 2 0.5 1 -0.729691 -0.0484829
7 -2 0.5 1 -1.4005 -0.254641
4 0 3.3 1 -0.467947 0.425167
7 0 3.3 1 -1.05905 0.401364
