0 0 4.5 1 -0.294692 0.487378
2 4 3 1 -0.0386531 0.269184
4 2 3 1 -0.252828 0.254056
4 -2 3 1 -0.606209 0.257047
2 -4 3 1 -0.863343 0.286527
-2 -4 3 1 -0.914604 0.395859
-4 -2 3 1 -0.34796 0.451637
-4 2 3 1 0.240913 0.376741
-2 4 3 1 0.206911 0.317686
2 4 0.5 1 -0.0267181 0.0723243
4 2 0.5 1 -0.234687 0.0629954
4 -2 0.5 1 -0.570998 0.0242643
2 -4 0.5 1 -0.803602 -0.0256463
-2 -4 0.5 1 -0.814336 -0.115437
-4 -2 0.5 1 -0.288693 -0.103501
-4 2 0.5 1 0.246698 0.0118494
-2 4 0.5 1 0.212487 0.0568096
7 2 3 1 -0.334275 0.233818
7 -2 3 1 -0.638761 0.232518
7 2 0.5 1 -0.31672 0.0717111
7 -2 0.5 1 -0.608734 0.0413428
4 0 3.3 1 -0.414713 0.281564
7 0 3.3 1 -0.476452 0.25496
