0 0 4.5 1 -0.106291 0.658604
2 4 3 1 0.683977 0.852297
4 2 3 1 0.843848 0.432308
4 -2 3 1 0.416338 0.274648
2 -4 3 1 0.129588 0.260146
-2 -4 3 1 -0.277985 0.293498
-4 -2 3 1 -0.606398 0.358747
-4 2 3 1 -1.24044 0.607929
-2 4 3 1 -1.48213 1.04407
2 4 0.5 1 0.498148 -0.40637
4 2 0.5 1 0.7359 -0.191332
4 -2 0.5 1 0.376692 -0.0391685
2 -4 0.5 1 0.106117 0.00774349
-2 -4 0.5 1 -0.289464 0.0390641
-4 -2 0.5 1 -0.608567 0.0385776
-4 2 0.5 1 -1.19843 -0.0412142
-2 4 0.5 1 -1.36735 -0.266162
7 2 3 1 1.60257 0.368378
7 -2 3 1 0.794294 0.243568
7 2 0.5 1 1.44154 -0.246095
7 -2 0.5 1 0.740995 -0.0679153
4 0 3.3 1 0.565202 0.379749
7 0 3.3 1 1.07282 0.337383
