0 0 4.5 1 -0.277534 0.243277
2 4 3 1 -0.100218 -0.00275124
4 2 3 1 -0.340544 -0.0169737
4 -2 3 1 -0.748492 0.00236914
2 -4 3 1 -1.04487 0.0694886
-2 -4 3 1 -0.866513 0.2783
-4 -2 3 1 -0.0517175 0.295282
-4 2 3 1 0.324318 0.130332
-2 4 3 1 0.19693 0.0534226
2 4 0.5 1 -0.0869539 -0.21149
4 2 0.5 1 -0.333585 -0.232767
4 -2 0.5 1 -0.754639 -0.294169
2 -4 0.5 1 -1.07125 -0.371679
-2 -4 0.5 1 -0.894929 -0.480997
-4 -2 0.5 1 -0.00242183 -0.383124
-4 2 0.5 1 0.368461 -0.235044
-2 4 0.5 1 0.223717 -0.206845
7 2 3 1 -0.468241 -0.0452663
7 -2 3 1 -0.843993 -0.0377778
7 2 0.5 1 -0.465319 -0.23234
7 -2 0.5 1 -0.852068 -0.282647
4 0 3.3 1 -0.513425 0.0201351
7 0 3.3 1 -0.631427 -0.0173175
