0 0 4.5 1 -0.363956 0.243132
2 4 3 1 -0.744839 0.429215
4 2 3 1 0.0967571 0.238277
4 -2 3 1 0.216336 0.0280585
2 -4 3 1 0.0429244 -0.027137
-2 -4 3 1 -0.289125 -0.0448871
-4 -2 3 1 -0.56863 -0.025178
-4 2 3 1 -1.08119 0.0748257
-2 4 3 1 -1.42968 0.239944
2 4 0.5 1 -0.904827 -0.51069
4 2 0.5 1 0.106962 -0.409522
4 -2 0.5 1 0.229479 -0.305274
2 -4 0.5 1 0.0439477 -0.278575
-2 -4 0.5 1 -0.303104 -0.268273
-4 -2 0.5 1 -0.59842 -0.275233
-4 2 0.5 1 -1.1704 -0.318209
-2 4 0.5 1 -1.62709 -0.398699
7 2 3 1 1.0292 0.367662
7 -2 3 1 0.660708 0.0581959
7 2 0.5 1 1.21782 -0.488933
7 -2 0.5 1 0.710506 -0.322729
4 0 3.3 1 0.17367 0.148337
7 0 3.3 1 0.767716 0.211821
