0 0 4.5 1 -0.0783047 0.696832
2 4 3 1 0.865483 0.863691
4 2 3 1 0.898718 0.460305
4 -2 3 1 0.429824 0.308682
2 -4 3 1 0.135192 0.29269
-2 -4 3 1 -0.278561 0.322084
-4 -2 3 1 -0.610778 0.384438
-4 2 3 1 -1.24555 0.635816
-2 4 3 1 -1.40831 1.09412
2 4 0.5 1 0.6483 -0.377697
4 2 0.5 1 0.78254 -0.151227
4 -2 0.5 1 0.390813 -0.00379068
2 -4 0.5 1 0.114511 0.0387372
-2 -4 0.5 1 -0.283751 0.0622559
-4 -2 0.5 1 -0.601239 0.0535569
-4 2 0.5 1 -1.16498 -0.0504225
-2 4 0.5 1 -1.22425 -0.301814
7 2 3 1 1.60181 0.402756
7 -2 3 1 0.795149 0.282086
7 2 0.5 1 1.42898 -0.184688
7 -2 0.5 1 0.740172 -0.0239861
4 0 3.3 1 0.593792 0.412424
7 0 3.3 1 1.0782 0.374469
