0 0 4.5 1 -0.371883 0.235761
2 4 3 1 -0.779724 0.409198
4 2 3 1 0.0648964 0.23738
4 -2 3 1 0.20825 0.0306006
2 -4 3 1 0.0411782 -0.0266725
-2 -4 3 1 -0.28654 -0.0484549
-4 -2 3 1 -0.563505 -0.0324121
-4 2 3 1 -1.07073 0.0590323
-2 4 3 1 -1.41842 0.214174
2 4 0.5 1 -0.932487 -0.510001
4 2 0.5 1 0.077422 -0.40604
4 -2 0.5 1 0.224179 -0.302339
2 -4 0.5 1 0.0446036 -0.277479
-2 -4 0.5 1 -0.298099 -0.270359
-4 -2 0.5 1 -0.590211 -0.279789
-4 2 0.5 1 -1.15317 -0.326399
-2 4 0.5 1 -1.60138 -0.407113
7 2 3 1 0.988415 0.382417
7 -2 3 1 0.652774 0.0668953
7 2 0.5 1 1.17989 -0.477391
7 -2 0.5 1 0.70611 -0.315682
4 0 3.3 1 0.156902 0.149819
7 0 3.3 1 0.749021 0.222607
