0 0 4.5 1 -0.368641 0.515287
2 4 3 1 -0.918173 0.460712
4 2 3 1 -0.441238 0.46123
4 -2 3 1 0.0742868 0.371526
2 -4 3 1 0.0753407 0.32729
-2 -4 3 1 -0.129177 0.303168
-4 -2 3 1 -0.328376 0.305246
-4 2 3 1 -0.666796 0.333637
-2 4 3 1 -0.90393 0.376792
2 4 0.5 1 -0.852959 0.0299073
4 2 0.5 1 -0.412613 0.0158202
4 -2 0.5 1 0.0649578 0.0644036
2 -4 0.5 1 0.0682421 0.0970004
-2 -4 0.5 1 -0.127815 0.121494
-4 -2 0.5 1 -0.320323 0.126046
-4 2 0.5 1 -0.643172 0.114834
-2 4 0.5 1 -0.860564 0.0897733
7 2 3 1 -0.146946 0.627704
7 -2 3 1 0.435816 0.431036
7 2 0.5 1 -0.1395 -0.101469
7 -2 0.5 1 0.395364 0.0115409
4 0 3.3 1 -0.135309 0.455095
7 0 3.3 1 0.230149 0.57347
