0 0 4.5 1 -0.104096 0.0171176
2 4 3 1 -0.481086 -0.0805538
4 2 3 1 -0.291374 -0.0527451
4 -2 3 1 0.152845 -0.0536589
2 -4 3 1 0.256546 -0.0782224
-2 -4 3 1 0.141975 -0.108581
-4 -2 3 1 -0.00898862 -0.120031
-4 2 3 1 -0.250809 -0.122804
-2 4 3 1 -0.405021 -0.113741
2 4 0.5 1 -0.498253 -0.34021
4 2 0.5 1 -0.300528 -0.359785
4 -2 0.5 1 0.1685 -0.33318
2 -4 0.5 1 0.273392 -0.300822
-2 -4 0.5 1 0.150863 -0.275218
-4 -2 0.5 1 -0.00528448 -0.271658
-4 2 0.5 1 -0.254265 -0.282175
-2 4 0.5 1 -0.414568 -0.300304
7 2 3 1 -0.334968 0.0225431
7 -2 3 1 0.312811 0.0119467
7 2 0.5 1 -0.353233 -0.4482
7 -2 0.5 1 0.348809 -0.397013
4 0 3.3 1 -0.0598791 -0.0201973
7 0 3.3 1 0.00879932 0.064818
