0 0 4.5 1 -0.0564692 0.0806957
2 4 3 1 0.216696 -0.0880367
4 2 3 1 0.0426829 -0.0903026
4 -2 3 1 -0.225844 -0.0736442
2 -4 3 1 -0.401243 -0.048487
-2 -4 3 1 -0.512913 0.00668665
-4 -2 3 1 -0.30299 0.0348226
-4 2 3 1 0.254773 -0.00785338
-2 4 3 1 0.368554 -0.055472
2 4 0.5 1 0.214643 -0.278821
4 2 0.5 1 0.0357482 -0.259673
4 -2 0.5 1 -0.241271 -0.249381
2 -4 0.5 1 -0.425928 -0.256229
-2 -4 0.5 1 -0.555579 -0.298758
-4 -2 0.5 1 -0.342502 -0.348214
-4 2 0.5 1 0.253283 -0.36186
-2 4 0.5 1 0.372792 -0.325603
7 2 3 1 0.0102239 -0.102921
7 -2 3 1 -0.214599 -0.0894541
7 2 0.5 1 0.00364 -0.24459
7 -2 0.5 1 -0.227104 -0.23555
4 0 3.3 1 -0.0877075 -0.0621071
7 0 3.3 1 -0.0992691 -0.0795033
