0 0 4.5 1 -0.381849 0.228729
2 4 3 1 -0.822461 0.384487
4 2 3 1 0.023502 0.237639
4 -2 3 1 0.197548 0.0364916
2 -4 3 1 0.0389904 -0.0232328
-2 -4 3 1 -0.282765 -0.050167
-4 -2 3 1 -0.556206 -0.0388923
-4 2 3 1 -1.05622 0.0414555
-2 4 3 1 -1.40265 0.183756
2 4 0.5 1 -0.962569 -0.506997
4 2 0.5 1 0.0390787 -0.399139
4 -2 0.5 1 0.216932 -0.295517
2 -4 0.5 1 0.0455483 -0.272902
-2 -4 0.5 1 -0.29096 -0.269858
-4 -2 0.5 1 -0.578472 -0.282481
-4 2 0.5 1 -1.12874 -0.333768
-2 4 0.5 1 -1.56461 -0.414881
7 2 3 1 0.933155 0.40292
7 -2 3 1 0.641774 0.0809192
7 2 0.5 1 1.12492 -0.459922
7 -2 0.5 1 0.698964 -0.303416
4 0 3.3 1 0.134908 0.153933
7 0 3.3 1 0.723672 0.23895
