0 0 4.5 1 -0.4612 0.353368
2 4 3 1 -1.07073 0.327955
4 2 3 1 -0.34734 0.353834
4 -2 3 1 0.0829373 0.244071
2 -4 3 1 0.0126071 0.181669
-2 -4 3 1 -0.243747 0.128609
-4 -2 3 1 -0.476723 0.11077
-4 2 3 1 -0.895511 0.117805
-2 4 3 1 -1.20649 0.167408
2 4 0.5 1 -0.99564 -0.278919
4 2 0.5 1 -0.289637 -0.186036
4 -2 0.5 1 0.113541 -0.0709253
2 -4 0.5 1 0.0356557 -0.0512974
-2 -4 0.5 1 -0.223571 -0.0634855
-4 -2 0.5 1 -0.454628 -0.0891788
-4 2 0.5 1 -0.862826 -0.154011
-2 4 0.5 1 -1.15677 -0.223043
7 2 3 1 0.301598 0.633251
7 -2 3 1 0.50422 0.344413
7 2 0.5 1 0.379772 -0.223438
7 -2 0.5 1 0.53923 -0.0572492
4 0 3.3 1 -0.0801989 0.332689
7 0 3.3 1 0.433825 0.502937
