0 0 4.5 1 -0.0673072 0.104193
2 4 3 1 0.198533 -0.0700088
4 2 3 1 0.0240834 -0.0686409
4 -2 3 1 -0.245339 -0.0468511
2 -4 3 1 -0.421722 -0.0183822
-2 -4 3 1 -0.529575 0.038718
-4 -2 3 1 -0.307707 0.0614832
-4 2 3 1 0.250664 0.00656184
-2 4 3 1 0.354978 -0.041852
2 4 0.5 1 0.191971 -0.258553
4 2 0.5 1 0.0137922 -0.236843
4 -2 0.5 1 -0.263332 -0.222816
2 -4 0.5 1 -0.448833 -0.227622
-2 -4 0.5 1 -0.575121 -0.270529
-4 -2 0.5 1 -0.351529 -0.324348
-4 2 0.5 1 0.241121 -0.34379
-2 4 0.5 1 0.351997 -0.307923
7 2 3 1 -0.0106744 -0.0801771
7 -2 3 1 -0.236328 -0.0625042
7 2 0.5 1 -0.0200102 -0.22094
7 -2 0.5 1 -0.251038 -0.208663
4 0 3.3 1 -0.105822 -0.0379485
7 0 3.3 1 -0.11988 -0.0547134
