0 0 4.5 1 -0.464982 0.411353
2 4 3 1 -1.07673 0.365499
4 2 3 1 -0.39872 0.397355
4 -2 3 1 0.0670167 0.300325
2 -4 3 1 0.012877 0.241229
-2 -4 3 1 -0.232599 0.190776
-4 -2 3 1 -0.458802 0.173945
-4 2 3 1 -0.862001 0.179852
-2 4 3 1 -1.16073 0.223222
2 4 0.5 1 -0.97608 -0.197296
4 2 0.5 1 -0.335551 -0.124744
4 -2 0.5 1 0.0929428 -0.0148269
2 -4 0.5 1 0.0332222 0.00824336
-2 -4 0.5 1 -0.211957 0.00111891
-4 -2 0.5 1 -0.433773 -0.020824
-4 2 0.5 1 -0.819909 -0.0780865
-2 4 0.5 1 -1.09247 -0.139387
7 2 3 1 0.177475 0.667869
7 -2 3 1 0.481943 0.400051
7 2 0.5 1 0.237354 -0.179931
7 -2 0.5 1 0.50101 -0.0101806
4 0 3.3 1 -0.11198 0.385627
7 0 3.3 1 0.379852 0.556489
