0 0 4.5 1 -0.374436 0.233701
2 4 3 1 -0.790805 0.402796
4 2 3 1 0.0544307 0.237287
4 -2 3 1 0.205569 0.0318075
2 -4 3 1 0.04062 -0.0261137
-2 -4 3 1 -0.285626 -0.0492108
-4 -2 3 1 -0.561725 -0.0343752
-4 2 3 1 -1.06716 0.0542574
-2 4 3 1 -1.41456 0.206138
2 4 0.5 1 -0.940718 -0.509486
4 2 0.5 1 0.0677195 -0.404556
4 -2 0.5 1 0.222391 -0.300941
2 -4 0.5 1 0.0448379 -0.276667
-2 -4 0.5 1 -0.296357 -0.270587
-4 -2 0.5 1 -0.587352 -0.280829
-4 2 0.5 1 -1.1472 -0.32863
-2 4 0.5 1 -1.59242 -0.409439
7 2 3 1 0.974689 0.387462
7 -2 3 1 0.65007 0.0701479
7 2 0.5 1 1.16661 -0.47323
7 -2 0.5 1 0.704464 -0.312915
4 0 3.3 1 0.151366 0.15062
7 0 3.3 1 0.742728 0.226489
