0 0 4.5 1 -0.285293 0.416958
2 4 3 1 -0.778908 0.376694
4 2 3 1 -0.402909 0.362926
4 -2 3 1 0.0900395 0.271479
2 -4 3 1 0.11593 0.232945
-2 -4 3 1 -0.0628187 0.221339
-4 -2 3 1 -0.244124 0.232354
-4 2 3 1 -0.544519 0.270384
-2 4 3 1 -0.747155 0.3133
2 4 0.5 1 -0.770919 0.0132077
4 2 0.5 1 -0.412369 -0.0279701
4 -2 0.5 1 0.0652946 -0.0170729
2 -4 0.5 1 0.0963483 0.013912
-2 -4 0.5 1 -0.0742852 0.0506341
-4 -2 0.5 1 -0.251467 0.0670858
-4 2 0.5 1 -0.545855 0.0759752
-2 4 0.5 1 -0.742648 0.0660192
7 2 3 1 -0.225772 0.478683
7 -2 3 1 0.400159 0.30779
7 2 0.5 1 -0.254316 -0.151045
7 -2 0.5 1 0.350578 -0.0928681
4 0 3.3 1 -0.116656 0.352047
7 0 3.3 1 0.16376 0.436939
