0 0 4.5 1 -0.0317743 0.181026
2 4 3 1 -0.382532 0.0536074
4 2 3 1 -0.238147 0.0958937
4 -2 3 1 0.199574 0.136748
2 -4 3 1 0.335386 0.121259
-2 -4 3 1 0.240126 0.0782233
-4 -2 3 1 0.093822 0.0531707
-4 2 3 1 -0.139241 0.0308742
-2 4 3 1 -0.287723 0.0279111
2 4 0.5 1 -0.363539 -0.174627
4 2 0.5 1 -0.213436 -0.181293
4 -2 0.5 1 0.22874 -0.13615
2 -4 0.5 1 0.360362 -0.101218
-2 -4 0.5 1 0.257875 -0.0857367
-4 -2 0.5 1 0.108705 -0.0923305
-4 2 0.5 1 -0.125615 -0.115837
-2 4 0.5 1 -0.2732 -0.139155
7 2 3 1 -0.342725 0.164641
7 -2 3 1 0.309919 0.223957
7 2 0.5 1 -0.307295 -0.251249
7 -2 0.5 1 0.355304 -0.182352
4 0 3.3 1 -0.0209735 0.149062
7 0 3.3 1 -0.0178184 0.243032
