0 0 4.5 1 -0.322899 0.476139
2 4 3 1 -0.843026 0.429522
4 2 3 1 -0.421561 0.420732
4 -2 3 1 0.0841964 0.329199
2 -4 3 1 0.098717 0.288336
-2 -4 3 1 -0.092312 0.271701
-4 -2 3 1 -0.282081 0.27921
-4 2 3 1 -0.600042 0.313816
-2 4 3 1 -0.81829 0.357425
2 4 0.5 1 -0.80858 0.034954
4 2 0.5 1 -0.413435 0.00409271
4 -2 0.5 1 0.0654628 0.0314834
2 -4 0.5 1 0.0839489 0.063687
-2 -4 0.5 1 -0.0983669 0.095572
-4 -2 0.5 1 -0.282604 0.107143
-4 2 0.5 1 -0.589923 0.107783
-2 4 0.5 1 -0.795879 0.0915578
7 2 3 1 -0.193124 0.557573
7 -2 3 1 0.419628 0.374978
7 2 0.5 1 -0.204574 -0.118617
7 -2 0.5 1 0.371687 -0.0350812
4 0 3.3 1 -0.124742 0.411727
7 0 3.3 1 0.195734 0.51073
