0 0 4.5 1 0.434757 0.284799
2 4 3 1 -0.0205638 0.145569
4 2 3 1 -0.0479956 0.192605
4 -2 3 1 0.433303 0.2437
2 -4 3 1 1.00576 0.195229
-2 -4 3 1 1.04476 0.094245
-4 -2 3 1 0.780045 0.0714344
-4 2 3 1 0.41174 0.0785794
-2 4 3 1 0.201223 0.0983941
2 4 0.5 1 -0.043031 -0.0802009
4 2 0.5 1 -0.0780557 -0.110948
4 -2 0.5 1 0.382609 -0.233494
2 -4 0.5 1 0.949174 -0.296938
-2 -4 0.5 1 1.00746 -0.228017
-4 -2 0.5 1 0.753671 -0.164524
-4 2 0.5 1 0.392211 -0.105354
-2 4 0.5 1 0.182506 -0.0834071
7 2 3 1 -0.424344 0.285948
7 -2 3 1 0.00583604 0.456071
7 2 0.5 1 -0.461759 -0.115513
7 -2 0.5 1 -0.0711252 -0.31783
4 0 3.3 1 0.143482 0.257257
7 0 3.3 1 -0.271606 0.407951
