0 0 4.5 1 0.0931273 0.061985
2 4 3 1 -0.257075 -0.0506444
4 2 3 1 -0.149921 -0.0111247
4 -2 3 1 0.288549 0.0205511
2 -4 3 1 0.47039 -0.00238563
-2 -4 3 1 0.393913 -0.0505167
-4 -2 3 1 0.242314 -0.0731439
-4 2 3 1 0.00352158 -0.0867268
-2 4 3 1 -0.145902 -0.0824752
2 4 0.5 1 -0.258949 -0.271117
4 2 0.5 1 -0.146805 -0.285762
4 -2 0.5 1 0.316188 -0.275481
2 -4 0.5 1 0.502017 -0.251796
-2 -4 0.5 1 0.414071 -0.231182
-4 -2 0.5 1 0.255264 -0.22868
-4 2 0.5 1 0.0093945 -0.236148
-2 4 0.5 1 -0.143933 -0.247456
7 2 3 1 -0.30146 0.0635388
7 -2 3 1 0.337601 0.119953
7 2 0.5 1 -0.308288 -0.337054
7 -2 0.5 1 0.384387 -0.32787
4 0 3.3 1 0.0592607 0.0363781
7 0 3.3 1 -0.00183433 0.136724
