0 0 4.5 1 -0.288768 0.42367
2 4 3 1 -0.784956 0.382871
4 2 3 1 -0.404672 0.369437
4 -2 3 1 0.0896217 0.277878
2 -4 3 1 0.11441 0.239143
-2 -4 3 1 -0.0655443 0.227126
-4 -2 3 1 -0.247668 0.237863
-4 2 3 1 -0.549736 0.27566
-2 4 3 1 -0.753836 0.318695
2 4 0.5 1 -0.774485 0.0164274
4 2 0.5 1 -0.412485 -0.0239298
4 -2 0.5 1 0.0653505 -0.0115527
2 -4 0.5 1 0.0951992 0.0195755
-2 -4 0.5 1 -0.0765479 0.0558988
-4 -2 0.5 1 -0.254398 0.0719371
-4 2 0.5 1 -0.550006 0.0801275
-2 4 0.5 1 -0.747655 0.0696323
7 2 3 1 -0.222774 0.487026
7 -2 3 1 0.402277 0.314969
7 2 0.5 1 -0.249672 -0.147124
7 -2 0.5 1 0.352647 -0.0865691
4 0 3.3 1 -0.117326 0.358685
7 0 3.3 1 0.166993 0.444793
