0 0 4.5 1 -0.422307 0.239679
2 4 3 1 -0.973749 0.307519
4 2 3 1 -0.155648 0.262576
4 -2 3 1 0.146563 0.0996365
2 -4 3 1 0.0279807 0.0337421
-2 -4 3 1 -0.264057 -0.0121379
-4 -2 3 1 -0.519397 -0.0197098
-4 2 3 1 -0.983966 0.016181
-2 4 3 1 -1.32009 0.106388
2 4 0.5 1 -1.0219 -0.452648
4 2 0.5 1 -0.123546 -0.333868
4 -2 0.5 1 0.177211 -0.223816
2 -4 0.5 1 0.0466752 -0.207481
-2 -4 0.5 1 -0.256431 -0.21879
-4 -2 0.5 1 -0.518988 -0.242984
-4 2 0.5 1 -1.00427 -0.310132
-2 4 0.5 1 -1.37477 -0.391098
7 2 3 1 0.6626 0.505975
7 -2 3 1 0.583378 0.177918
7 2 0.5 1 0.815511 -0.359176
7 -2 0.5 1 0.644584 -0.210948
4 0 3.3 1 0.0354962 0.204682
7 0 3.3 1 0.598599 0.340307
