0 0 4.5 1 0.351118 0.320588
2 4 3 1 -0.0421854 0.0208164
4 2 3 1 -0.230217 0.0424539
4 -2 3 1 -0.162118 0.202415
2 -4 3 1 0.724671 0.441293
-2 -4 3 1 1.52169 0.36409
-4 -2 3 1 1.12771 0.199873
-4 2 3 1 0.585563 0.0782614
-2 4 3 1 0.29888 0.0388738
2 4 0.5 1 -0.0210242 -0.228249
4 2 0.5 1 -0.207849 -0.289178
4 -2 0.5 1 -0.112012 -0.465818
2 -4 0.5 1 0.891917 -0.582257
-2 -4 0.5 1 1.68587 -0.321483
-4 -2 0.5 1 1.20829 -0.206845
-4 2 0.5 1 0.621939 -0.173177
-2 4 0.5 1 0.324944 -0.183554
7 2 3 1 -0.680989 0.0226679
7 -2 3 1 -1.16601 0.204393
7 2 0.5 1 -0.671572 -0.354005
7 -2 0.5 1 -1.18441 -0.676166
4 0 3.3 1 -0.210942 0.146883
7 0 3.3 1 -0.829921 0.138184
