0 0 4.5 1 -0.295527 0.339565
2 4 3 1 -0.42419 0.590178
4 2 3 1 0.337549 0.268578
4 -2 3 1 0.277114 0.055074
2 -4 3 1 0.061671 0.0180895
-2 -4 3 1 -0.297032 0.029125
-4 -2 3 1 -0.592164 0.0739178
-4 2 3 1 -1.14223 0.235244
-2 4 3 1 -1.49381 0.47766
2 4 0.5 1 -0.579601 -0.493352
4 2 0.5 1 0.325187 -0.39372
4 -2 0.5 1 0.268197 -0.273911
2 -4 0.5 1 0.0468605 -0.23298
-2 -4 0.5 1 -0.322951 -0.201244
-4 -2 0.5 1 -0.634104 -0.192347
-4 2 0.5 1 -1.25266 -0.213767
-2 4 0.5 1 -1.73668 -0.30186
7 2 3 1 1.29216 0.290082
7 -2 3 1 0.711206 0.045664
7 2 0.5 1 1.39628 -0.515879
7 -2 0.5 1 0.724825 -0.315188
4 0 3.3 1 0.298593 0.175829
7 0 3.3 1 0.890739 0.177882
