0 0 4.5 1 0.166936 0.388958
2 4 3 1 1.22072 0.399056
4 2 3 1 0.878528 0.241284
4 -2 3 1 0.402755 0.129101
2 -4 3 1 0.130793 0.091676
-2 -4 3 1 -0.228652 0.0741917
-4 -2 3 1 -0.462818 0.0986033
-4 2 3 1 -0.480927 0.291012
-2 4 3 1 0.488566 0.552216
2 4 0.5 1 1.30729 -0.249046
4 2 0.5 1 0.926007 -0.142316
4 -2 0.5 1 0.429934 -0.116628
2 -4 0.5 1 0.153887 -0.132122
-2 -4 0.5 1 -0.20407 -0.188744
-4 -2 0.5 1 -0.430962 -0.26645
-4 2 0.5 1 -0.4126 -0.492309
-2 4 0.5 1 0.618685 -0.587029
7 2 3 1 1.09034 0.233536
7 -2 3 1 0.598343 0.135992
7 2 0.5 1 1.13203 -0.0884503
7 -2 0.5 1 0.623711 -0.0829048
4 0 3.3 1 0.58448 0.208548
7 0 3.3 1 0.793708 0.206502
