0 0 4.5 1 0.410391 0.143045
2 4 3 1 -0.0230696 -0.0854239
4 2 3 1 -0.149271 -0.0471501
4 -2 3 1 0.139313 0.0845207
2 -4 3 1 0.973307 0.168081
-2 -4 3 1 1.35041 0.0486212
-4 -2 3 1 1.01018 -0.035643
-4 2 3 1 0.537116 -0.0891583
-2 4 3 1 0.276745 -0.0994267
2 4 0.5 1 -0.0220753 -0.337114
4 2 0.5 1 -0.156496 -0.386911
4 -2 0.5 1 0.163303 -0.556096
2 -4 0.5 1 1.14903 -0.659136
-2 -4 0.5 1 1.50074 -0.480396
-4 -2 0.5 1 1.08246 -0.377978
-4 2 0.5 1 0.563866 -0.321629
-2 4 0.5 1 0.29035 -0.31438
7 2 3 1 -0.595018 -0.0198695
7 -2 3 1 -0.710408 0.201767
7 2 0.5 1 -0.640642 -0.430786
7 -2 0.5 1 -0.844324 -0.751357
4 0 3.3 1 -0.0471694 0.0478293
7 0 3.3 1 -0.623894 0.110517
