0 0 4.5 1 -0.299606 0.442846
2 4 3 1 -0.803641 0.400286
4 2 3 1 -0.410139 0.388074
4 -2 3 1 0.0881457 0.296324
2 -4 3 1 0.109582 0.256946
-2 -4 3 1 -0.0740274 0.243569
-4 -2 3 1 -0.258653 0.253374
-4 2 3 1 -0.565865 0.290319
-2 4 3 1 -0.774498 0.333647
2 4 0.5 1 -0.785474 0.0247406
4 2 0.5 1 -0.412839 -0.0128767
4 -2 0.5 1 0.0654704 0.00418294
2 -4 0.5 1 0.0916369 0.0357193
-2 -4 0.5 1 -0.0835313 0.070733
-4 -2 0.5 1 -0.263443 0.0854288
-4 2 0.5 1 -0.562817 0.0913488
-2 4 0.5 1 -0.763118 0.0791156
7 2 3 1 -0.213471 0.51153
7 -2 3 1 0.408427 0.33599
7 2 0.5 1 -0.235322 -0.13624
7 -2 0.5 1 0.358928 -0.0683049
4 0 3.3 1 -0.119538 0.377793
7 0 3.3 1 0.176649 0.46782
