0 0 4.5 1 -0.310506 0.362302
2 4 3 1 -0.0799793 0.142163
4 2 3 1 -0.303907 0.119869
4 -2 3 1 -0.680721 0.116234
2 -4 3 1 -0.959377 0.150029
-2 -4 3 1 -0.939072 0.299352
-4 -2 3 1 -0.250758 0.368765
-4 2 3 1 0.261572 0.272203
-2 4 3 1 0.185976 0.202677
2 4 0.5 1 -0.05998 -0.0556043
4 2 0.5 1 -0.282467 -0.077521
4 -2 0.5 1 -0.649985 -0.137564
2 -4 0.5 1 -0.912956 -0.206539
-2 -4 0.5 1 -0.861394 -0.303366
-4 -2 0.5 1 -0.186506 -0.237487
-4 2 0.5 1 0.293797 -0.0880917
-2 4 0.5 1 0.209535 -0.0530024
7 2 3 1 -0.403199 0.0931207
7 -2 3 1 -0.73593 0.0838078
7 2 0.5 1 -0.384296 -0.0756532
7 -2 0.5 1 -0.710286 -0.124563
4 0 3.3 1 -0.471639 0.14515
7 0 3.3 1 -0.554599 0.111492
