0 0 4.5 1 0.277804 0.160182
2 4 3 1 0.984406 -0.00507798
4 2 3 1 0.705586 -0.0573633
4 -2 3 1 0.317448 -0.0758531
2 -4 3 1 0.0861018 -0.0663421
-2 -4 3 1 -0.193085 -0.0221082
-4 -2 3 1 -0.289399 0.0405621
-4 2 3 1 0.159903 0.166774
-2 4 3 1 0.886899 0.146549
2 4 0.5 1 1.0358 -0.408543
4 2 0.5 1 0.727151 -0.337079
4 -2 0.5 1 0.319284 -0.286668
2 -4 0.5 1 0.0794668 -0.27399
-2 -4 0.5 1 -0.214624 -0.285808
-4 -2 0.5 1 -0.326441 -0.330388
-4 2 0.5 1 0.146934 -0.488694
-2 4 0.5 1 0.964728 -0.541653
7 2 3 1 0.779536 -0.0877384
7 -2 3 1 0.429734 -0.0973936
7 2 0.5 1 0.800177 -0.317997
7 -2 0.5 1 0.434872 -0.278842
4 0 3.3 1 0.484014 -0.0403212
7 0 3.3 1 0.583172 -0.0696993
