0 0 4.5 1 0.389491 0.205867
2 4 3 1 -0.0267096 -0.0570853
4 2 3 1 -0.182226 -0.0266006
4 -2 3 1 0.0125331 0.123396
2 -4 3 1 0.890417 0.278368
-2 -4 3 1 1.434 0.173157
-4 -2 3 1 1.07027 0.0551899
-4 2 3 1 0.566173 -0.0300005
-2 4 3 1 0.293196 -0.0548122
2 4 0.5 1 -0.0147208 -0.309179
4 2 0.5 1 -0.175049 -0.365568
4 -2 0.5 1 0.0496175 -0.539266
2 -4 0.5 1 1.08974 -0.643761
-2 -4 0.5 1 1.61762 -0.422034
-4 -2 0.5 1 1.15886 -0.315484
-4 2 0.5 1 0.602246 -0.271697
-2 4 0.5 1 0.315584 -0.274096
7 2 3 1 -0.634484 -0.024546
7 -2 3 1 -0.926901 0.183973
7 2 0.5 1 -0.656958 -0.423766
7 -2 0.5 1 -1.03074 -0.757221
4 0 3.3 1 -0.116734 0.0746115
7 0 3.3 1 -0.720393 0.100508
