0 0 4.5 1 -0.0386616 0.060192
2 4 3 1 0.246388 -0.0993907
4 2 3 1 0.0729436 -0.107768
4 -2 3 1 -0.194521 -0.0996891
2 -4 3 1 -0.368845 -0.0799663
-2 -4 3 1 -0.486651 -0.0280604
-4 -2 3 1 -0.293974 0.00820803
-4 2 3 1 0.263062 -0.0141819
-2 4 3 1 0.391281 -0.0597351
2 4 0.5 1 0.251639 -0.293011
4 2 0.5 1 0.0718244 -0.278471
4 -2 0.5 1 -0.204765 -0.274776
2 -4 0.5 1 -0.38788 -0.285248
-2 -4 0.5 1 -0.52167 -0.327684
-4 -2 0.5 1 -0.324045 -0.370062
-4 2 0.5 1 0.274125 -0.372549
-2 4 0.5 1 0.406619 -0.33514
7 2 3 1 0.0439802 -0.122025
7 -2 3 1 -0.179857 -0.115597
7 2 0.5 1 0.042248 -0.264717
7 -2 0.5 1 -0.187945 -0.261339
4 0 3.3 1 -0.0584032 -0.0837882
7 0 3.3 1 -0.066156 -0.102067
