0 0 4.5 1 -0.239438 0.22461
2 4 3 1 -0.117028 -0.0507467
4 2 3 1 -0.371378 -0.0482346
4 -2 3 1 -0.802826 0.00903911
2 -4 3 1 -1.10462 0.12132
-2 -4 3 1 -0.739013 0.36554
-4 -2 3 1 0.143176 0.285714
-4 2 3 1 0.378522 0.06253
-2 4 3 1 0.207672 -0.0113391
2 4 0.5 1 -0.116936 -0.270369
4 2 0.5 1 -0.382821 -0.280819
4 -2 0.5 1 -0.848006 -0.325915
2 -4 0.5 1 -1.20795 -0.398331
-2 -4 0.5 1 -0.856959 -0.531075
-4 -2 0.5 1 0.183129 -0.443924
-4 2 0.5 1 0.415463 -0.309673
-2 4 0.5 1 0.224815 -0.278217
7 2 3 1 -0.526434 -0.0711372
7 -2 3 1 -0.941608 -0.0315501
7 2 0.5 1 -0.542563 -0.275045
7 -2 0.5 1 -0.986444 -0.310071
4 0 3.3 1 -0.546448 0.00642419
7 0 3.3 1 -0.699522 -0.0274698
