0 0 4.5 1 -0.0938609 0.203982
2 4 3 1 0.156284 0.0164086
4 2 3 1 -0.0206669 0.02515
4 -2 3 1 -0.295228 0.0576007
2 -4 3 1 -0.476849 0.0934522
-2 -4 3 1 -0.575659 0.155375
-4 -2 3 1 -0.315834 0.165217
-4 2 3 1 0.247642 0.0836339
-2 4 3 1 0.326233 0.0349493
2 4 0.5 1 0.140329 -0.166671
4 2 0.5 1 -0.0368261 -0.14072
4 -2 0.5 1 -0.315445 -0.120507
2 -4 0.5 1 -0.503672 -0.122361
-2 -4 0.5 1 -0.617945 -0.168677
-4 -2 0.5 1 -0.361652 -0.231743
-4 2 0.5 1 0.219625 -0.257265
-2 4 0.5 1 0.306458 -0.220516
7 2 3 1 -0.0620354 0.0161328
7 -2 3 1 -0.292334 0.0424867
7 2 0.5 1 -0.0759112 -0.122958
7 -2 0.5 1 -0.309048 -0.105108
4 0 3.3 1 -0.15084 0.0611743
7 0 3.3 1 -0.1719 0.0459402
