0 0 4.5 1 0.132674 0.473934
2 4 3 1 1.25541 0.50518
4 2 3 1 0.901763 0.323346
4 -2 3 1 0.407027 0.20022
2 -4 3 1 0.127111 0.160129
-2 -4 3 1 -0.246276 0.140015
-4 -2 3 1 -0.50355 0.161795
-4 2 3 1 -0.636778 0.353829
-2 4 3 1 0.303753 0.662786
2 4 0.5 1 1.28943 -0.213868
4 2 0.5 1 0.927119 -0.0884504
4 -2 0.5 1 0.427771 -0.0544765
2 -4 0.5 1 0.148237 -0.0678426
-2 -4 0.5 1 -0.218042 -0.122504
-4 -2 0.5 1 -0.461102 -0.198998
-4 2 0.5 1 -0.540993 -0.43129
-2 4 0.5 1 0.407039 -0.566874
7 2 3 1 1.15448 0.318339
7 -2 3 1 0.622588 0.209316
7 2 0.5 1 1.17252 -0.0311422
7 -2 0.5 1 0.639309 -0.0200826
4 0 3.3 1 0.593101 0.285533
7 0 3.3 1 0.831141 0.286159
