0 0 4.5 1 0.430716 0.363314
2 4 3 1 -0.0247753 0.223014
4 2 3 1 -0.0359833 0.270378
4 -2 3 1 0.465981 0.319921
2 -4 3 1 0.990941 0.272352
-2 -4 3 1 0.996602 0.176806
-4 -2 3 1 0.743323 0.153408
-4 2 3 1 0.389509 0.158024
-2 4 3 1 0.185684 0.176495
2 4 0.5 1 -0.0443468 -0.00240907
4 2 0.5 1 -0.061837 -0.0318946
4 -2 0.5 1 0.407841 -0.136916
2 -4 0.5 1 0.91269 -0.18267
-2 -4 0.5 1 0.944466 -0.123094
-4 -2 0.5 1 0.709113 -0.0706929
-4 2 0.5 1 0.367558 -0.021146
-2 4 0.5 1 0.166837 -0.00295542
7 2 3 1 -0.399226 0.366295
7 -2 3 1 0.114182 0.531137
7 2 0.5 1 -0.42142 -0.0408956
7 -2 0.5 1 0.0422854 -0.217269
4 0 3.3 1 0.167416 0.335204
7 0 3.3 1 -0.215515 0.490358
