0 0 4.5 1 -0.191101 0.114243
2 4 3 1 -0.609707 0.0637552
4 2 3 1 -0.355948 0.0622302
4 -2 3 1 0.0995256 0.000290049
2 -4 3 1 0.166747 -0.033366
-2 -4 3 1 0.0266169 -0.0459372
-4 -2 3 1 -0.132821 -0.0381177
-4 2 3 1 -0.389828 -0.0102311
-2 4 3 1 -0.55549 0.019536
2 4 0.5 1 -0.654493 -0.2251
4 2 0.5 1 -0.397013 -0.268495
4 -2 0.5 1 0.0806394 -0.276309
2 -4 0.5 1 0.153846 -0.248645
-2 -4 0.5 1 0.0140779 -0.209525
-4 -2 0.5 1 -0.147456 -0.190766
-4 2 0.5 1 -0.411166 -0.17803
-2 4 0.5 1 -0.585442 -0.183308
7 2 3 1 -0.317459 0.144552
7 -2 3 1 0.322089 0.0370805
7 2 0.5 1 -0.380247 -0.375669
7 -2 0.5 1 0.305539 -0.360653
4 0 3.3 1 -0.10456 0.0632173
7 0 3.3 1 0.0485672 0.134652
