0 0 4.5 1 -0.361221 0.24598
2 4 3 1 -0.732651 0.436138
4 2 3 1 0.10753 0.238779
4 -2 3 1 0.219048 0.027573
2 -4 3 1 0.0435365 -0.0268879
-2 -4 3 1 -0.289928 -0.0432691
-4 -2 3 1 -0.570258 -0.0223269
-4 2 3 1 -1.08459 0.0805649
-2 4 3 1 -1.43331 0.249071
2 4 0.5 1 -0.89459 -0.510655
4 2 0.5 1 0.116943 -0.410358
4 -2 0.5 1 0.23123 -0.305831
2 -4 0.5 1 0.0437544 -0.278493
-2 -4 0.5 1 -0.304686 -0.267115
-4 -2 0.5 1 -0.60102 -0.273244
-4 2 0.5 1 -1.1759 -0.314999
-2 4 0.5 1 -1.63525 -0.395443
7 2 3 1 1.04265 0.362886
7 -2 3 1 0.663296 0.0556584
7 2 0.5 1 1.22979 -0.492441
7 -2 0.5 1 0.711799 -0.324647
4 0 3.3 1 0.179313 0.148151
7 0 3.3 1 0.773886 0.208522
