0 0 4.5 1 0.296071 0.360841
2 4 3 1 0.837583 0.155778
4 2 3 1 0.589726 0.129408
4 -2 3 1 0.247565 0.136429
2 -4 3 1 0.0409171 0.160525
-2 -4 3 1 -0.190394 0.224374
-4 -2 3 1 -0.211271 0.293079
-4 2 3 1 0.365957 0.357699
-2 4 3 1 0.892421 0.277658
2 4 0.5 1 0.798505 -0.145145
4 2 0.5 1 0.56262 -0.0954932
4 -2 0.5 1 0.227692 -0.0485684
2 -4 0.5 1 0.0219457 -0.0302678
-2 -4 0.5 1 -0.213255 -0.0285462
-4 -2 0.5 1 -0.242841 -0.0602114
-4 2 0.5 1 0.306641 -0.176665
-2 4 0.5 1 0.827899 -0.213601
7 2 3 1 0.618639 0.0999107
7 -2 3 1 0.323969 0.110345
7 2 0.5 1 0.59614 -0.0848639
7 -2 0.5 1 0.306633 -0.046615
4 0 3.3 1 0.404622 0.157838
7 0 3.3 1 0.461577 0.126073
