0 0 4.5 1 0.359326 0.296348
2 4 3 1 -0.0383304 0.00331452
4 2 3 1 -0.220326 0.0264265
4 -2 3 1 -0.127179 0.18523
2 -4 3 1 0.762071 0.408655
-2 -4 3 1 1.50521 0.325547
-4 -2 3 1 1.11734 0.170749
-4 2 3 1 0.58281 0.0558121
-2 4 3 1 0.298774 0.0188515
2 4 0.5 1 -0.0185106 -0.24632
4 2 0.5 1 -0.200563 -0.306726
4 -2 0.5 1 -0.0797676 -0.48295
2 -4 0.5 1 0.939149 -0.595809
-2 -4 0.5 1 1.67863 -0.340785
-4 -2 0.5 1 1.20186 -0.228361
-4 2 0.5 1 0.620042 -0.19357
-2 4 0.5 1 0.324731 -0.202881
7 2 3 1 -0.671915 0.00990344
7 -2 3 1 -1.12236 0.196809
7 2 0.5 1 -0.66849 -0.37125
7 -2 0.5 1 -1.1599 -0.697514
4 0 3.3 1 -0.192139 0.130455
7 0 3.3 1 -0.80939 0.12721
