0 0 4.5 1 -0.308065 0.446329
2 4 3 1 -0.0586245 0.22906
4 2 3 1 -0.276221 0.209924
4 -2 3 1 -0.63828 0.208041
2 -4 3 1 -0.904105 0.236962
-2 -4 3 1 -0.934922 0.359084
-4 -2 3 1 -0.322648 0.424416
-4 2 3 1 0.243456 0.346409
-2 4 3 1 0.194226 0.283453
2 4 0.5 1 -0.0421613 0.0323709
4 2 0.5 1 -0.254959 0.0171913
4 -2 0.5 1 -0.601362 -0.0311953
2 -4 0.5 1 -0.843473 -0.0891031
-2 -4 0.5 1 -0.833822 -0.181797
-4 -2 0.5 1 -0.25786 -0.148866
-4 2 0.5 1 0.260323 -0.0167448
-2 4 0.5 1 0.20786 0.0248441
7 2 3 1 -0.363737 0.18694
7 -2 3 1 -0.678144 0.180713
7 2 0.5 1 -0.343859 0.0230462
7 -2 0.5 1 -0.64679 -0.0156333
4 0 3.3 1 -0.440649 0.235471
7 0 3.3 1 -0.509451 0.206089
