0 0 4.5 1 0.327683 0.389711
2 4 3 1 -0.054109 0.0720722
4 2 3 1 -0.258198 0.0905481
4 -2 3 1 -0.259309 0.252767
2 -4 3 1 0.609496 0.531706
-2 -4 3 1 1.56745 0.470896
-4 -2 3 1 1.15608 0.279361
-4 2 3 1 0.591999 0.140498
-2 4 3 1 0.297809 0.0955284
2 4 0.5 1 -0.0303131 -0.176022
4 2 0.5 1 -0.229624 -0.237469
4 -2 0.5 1 -0.200778 -0.41478
2 -4 0.5 1 0.746471 -0.544177
-2 -4 0.5 1 1.69352 -0.273489
-4 -2 0.5 1 1.22053 -0.150633
-4 2 0.5 1 0.624087 -0.117493
-2 4 0.5 1 0.322858 -0.129471
7 2 3 1 -0.70595 0.0642423
7 -2 3 1 -1.27852 0.233618
7 2 0.5 1 -0.681282 -0.300943
7 -2 0.5 1 -1.24233 -0.608351
4 0 3.3 1 -0.263077 0.195943
7 0 3.3 1 -0.884328 0.175596
