0 0 4.5 1 0.129183 0.767849
2 4 3 1 -0.102581 0.355966
4 2 3 1 -0.400808 0.404257
4 -2 3 1 -0.886115 0.620297
2 -4 3 1 -0.924757 1.07824
-2 -4 3 1 1.48066 1.17353
-4 -2 3 1 1.33464 0.617279
-4 2 3 1 0.662475 0.383236
-2 4 3 1 0.318986 0.346142
2 4 0.5 1 -0.106855 0.0979716
4 2 0.5 1 -0.389521 0.0882248
4 -2 0.5 1 -0.814415 0.0031374
2 -4 0.5 1 -0.779729 -0.195055
-2 -4 0.5 1 1.09142 -0.332349
-4 -2 0.5 1 1.14775 -0.106817
-4 2 0.5 1 0.610955 0.0414645
-2 4 0.5 1 0.294749 0.0799702
7 2 3 1 -0.755245 0.411264
7 -2 3 1 -1.54066 0.621186
7 2 0.5 1 -0.725259 0.103917
7 -2 0.5 1 -1.40826 0.0364148
4 0 3.3 1 -0.566896 0.531219
7 0 3.3 1 -1.03109 0.535418
