0 0 4.5 1 0.336686 0.363125
2 4 3 1 -0.0494024 0.052186
4 2 3 1 -0.247472 0.0716978
4 -2 3 1 -0.222246 0.233159
2 -4 3 1 0.655395 0.497286
-2 -4 3 1 1.54989 0.430268
-4 -2 3 1 1.14523 0.249389
-4 2 3 1 0.589669 0.116895
-2 4 3 1 0.298382 0.0738586
2 4 0.5 1 -0.0264313 -0.196154
4 2 0.5 1 -0.22109 -0.257564
4 -2 0.5 1 -0.167109 -0.434714
2 -4 0.5 1 0.804098 -0.558676
-2 -4 0.5 1 1.69257 -0.290665
-4 -2 0.5 1 1.21668 -0.171316
-4 2 0.5 1 0.623699 -0.138432
-2 4 0.5 1 0.32403 -0.150033
7 2 3 1 -0.696484 0.0474554
7 -2 3 1 -1.23709 0.221114
7 2 0.5 1 -0.677373 -0.321909
7 -2 0.5 1 -1.22175 -0.63546
4 0 3.3 1 -0.243235 0.176727
7 0 3.3 1 -0.864024 0.160233
