0 0 4.5 1 0.348301 0.328894
2 4 3 1 -0.043555 0.0268856
4 2 3 1 -0.233596 0.0480623
4 -2 3 1 -0.173962 0.208359
2 -4 3 1 0.71152 0.45234
-2 -4 3 1 1.52724 0.377147
-4 -2 3 1 1.13118 0.209698
-4 2 3 1 0.586424 0.0858852
-2 4 3 1 0.298841 0.0457269
2 4 0.5 1 -0.0219888 -0.222009
4 2 0.5 1 -0.210391 -0.283074
4 -2 0.5 1 -0.122908 -0.459836
2 -4 0.5 1 0.875233 -0.577623
-2 -4 0.5 1 1.68774 -0.315152
-4 -2 0.5 1 1.21019 -0.199679
-4 2 0.5 1 0.622421 -0.166281
-2 4 0.5 1 0.32488 -0.17696
7 2 3 1 -0.684053 0.0272852
7 -2 3 1 -1.18041 0.207327
7 2 0.5 1 -0.672663 -0.347903
7 -2 0.5 1 -1.19221 -0.668513
4 0 3.3 1 -0.217311 0.152615
7 0 3.3 1 -0.836757 0.142224
