0 0 4.5 1 0.274068 0.152876
2 4 3 1 1.0084 -0.000533388
4 2 3 1 0.724601 -0.0596836
4 -2 3 1 0.328924 -0.0855267
2 -4 3 1 0.093492 -0.0801111
-2 -4 3 1 -0.193459 -0.0410622
-4 -2 3 1 -0.301421 0.0195619
-4 2 3 1 0.123136 0.157238
-2 4 3 1 0.880505 0.154533
2 4 0.5 1 1.07617 -0.4219
4 2 0.5 1 0.755011 -0.348545
4 -2 0.5 1 0.335413 -0.300673
2 -4 0.5 1 0.0904913 -0.290814
-2 -4 0.5 1 -0.211804 -0.307301
-4 -2 0.5 1 -0.335337 -0.355308
-4 2 0.5 1 0.117018 -0.518681
-2 4 0.5 1 0.982247 -0.569537
7 2 3 1 0.806709 -0.089296
7 -2 3 1 0.447273 -0.105257
7 2 0.5 1 0.835287 -0.327137
7 -2 0.5 1 0.456972 -0.290772
4 0 3.3 1 0.496912 -0.0463148
7 0 3.3 1 0.603394 -0.0742762
