0 0 4.5 1 -0.351868 0.504684
2 4 3 1 -0.890874 0.452939
4 2 3 1 -0.434613 0.449672
4 -2 3 1 0.0781606 0.359164
2 -4 3 1 0.0842306 0.316244
-2 -4 3 1 -0.115445 0.295028
-4 -2 3 1 -0.31126 0.299232
-4 2 3 1 -0.642212 0.330133
-2 4 3 1 -0.872359 0.373583
2 4 0.5 1 -0.836738 0.0353798
4 2 0.5 1 -0.413381 0.0145552
4 -2 0.5 1 0.0651387 0.055215
2 -4 0.5 1 0.0741162 0.08782
-2 -4 0.5 1 -0.11689 0.11523
-4 -2 0.5 1 -0.306373 0.122499
-4 2 0.5 1 -0.62347 0.115874
-2 4 0.5 1 -0.836554 0.0942222
7 2 3 1 -0.165369 0.60471
7 -2 3 1 0.43058 0.413401
7 2 0.5 1 -0.16465 -0.105399
7 -2 0.5 1 0.386713 -0.00302504
4 0 3.3 1 -0.131528 0.442483
7 0 3.3 1 0.217664 0.553505
