0 0 4.5 1 0.0628985 0.334638
2 4 3 1 0.429753 0.214621
4 2 3 1 0.249912 0.173271
4 -2 3 1 -0.021999 0.139926
2 -4 3 1 -0.197971 0.13533
-2 -4 3 1 -0.361227 0.170011
-4 -2 3 1 -0.264966 0.236827
-4 2 3 1 0.30662 0.322853
-2 4 3 1 0.540621 0.295137
2 4 0.5 1 0.447661 0.00588053
4 2 0.5 1 0.265804 -0.0008875
4 -2 0.5 1 -0.00562124 -0.0247567
2 -4 0.5 1 -0.178763 -0.0481083
-2 -4 0.5 1 -0.333009 -0.0877668
-4 -2 0.5 1 -0.228632 -0.104697
-4 2 0.5 1 0.340945 -0.0621083
-2 4 0.5 1 0.56619 -0.0155635
7 2 3 1 0.241947 0.152262
7 -2 3 1 0.0146902 0.125294
7 2 0.5 1 0.255175 0.00777313
7 -2 0.5 1 0.02826 -0.0126116
4 0 3.3 1 0.108253 0.176569
7 0 3.3 1 0.124087 0.155482
