0 0 4.5 1 -0.0594015 0.717198
2 4 3 1 0.980464 0.864988
4 2 3 1 0.929549 0.477526
4 -2 3 1 0.436414 0.329082
2 -4 3 1 0.137295 0.311237
-2 -4 3 1 -0.279808 0.336679
-4 -2 3 1 -0.613583 0.39596
-4 2 3 1 -1.24249 0.64619
-2 4 3 1 -1.32967 1.11484
2 4 0.5 1 0.745536 -0.354627
4 2 0.5 1 0.811397 -0.123917
4 -2 0.5 1 0.399135 0.017976
2 -4 0.5 1 0.119302 0.0565172
-2 -4 0.5 1 -0.280215 0.0734225
-4 -2 0.5 1 -0.59568 0.0580907
-4 2 0.5 1 -1.13622 -0.0641461
-2 4 0.5 1 -1.1098 -0.330731
7 2 3 1 1.59078 0.426179
7 -2 3 1 0.791806 0.306446
7 2 0.5 1 1.41702 -0.142503
7 -2 0.5 1 0.73767 0.00432497
4 0 3.3 1 0.609538 0.432065
7 0 3.3 1 1.07571 0.398348
