0 0 4.5 1 -0.458372 0.336488
2 4 3 1 -1.06537 0.318986
4 2 3 1 -0.329115 0.340995
4 -2 3 1 0.0890088 0.226361
2 -4 3 1 0.01359 0.163106
-2 -4 3 1 -0.246311 0.109793
-4 -2 3 1 -0.481504 0.0921531
-4 2 3 1 -0.905158 0.100515
-2 4 3 1 -1.21955 0.152908
2 4 0.5 1 -1.00086 -0.302778
4 2 0.5 1 -0.273842 -0.204647
4 -2 0.5 1 0.120521 -0.0889219
2 -4 0.5 1 0.036971 -0.0701881
-2 -4 0.5 1 -0.226781 -0.0833791
-4 -2 0.5 1 -0.460931 -0.10977
-4 2 0.5 1 -0.876572 -0.176239
-2 4 0.5 1 -1.1778 -0.24731
7 2 3 1 0.341025 0.620758
7 -2 3 1 0.512085 0.325885
7 2 0.5 1 0.425992 -0.237631
7 -2 0.5 1 0.551427 -0.0734713
4 0 3.3 1 -0.0689008 0.31636
7 0 3.3 1 0.451324 0.485024
