0 0 4.5 1 0.156178 0.540213
2 4 3 1 0.583923 0.383894
4 2 3 1 0.376923 0.341473
4 -2 3 1 0.0763225 0.316239
2 -4 3 1 -0.113825 0.319927
-2 -4 3 1 -0.307629 0.365946
-4 -2 3 1 -0.251419 0.438349
-4 2 3 1 0.368541 0.528975
-2 4 3 1 0.695664 0.485181
2 4 0.5 1 0.567534 0.138479
4 2 0.5 1 0.370853 0.144516
4 -2 0.5 1 0.0802627 0.138984
2 -4 0.5 1 -0.103095 0.127747
-2 -4 0.5 1 -0.283876 0.100172
-4 -2 0.5 1 -0.222966 0.0759833
-4 2 0.5 1 0.355601 0.0733877
-2 4 0.5 1 0.663459 0.105474
7 2 3 1 0.378027 0.316779
7 -2 3 1 0.126108 0.29769
7 2 0.5 1 0.372968 0.154381
7 -2 0.5 1 0.128111 0.148925
4 0 3.3 1 0.218854 0.351446
7 0 3.3 1 0.246763 0.326048
