0 0 4.5 1 0.257433 0.167771
2 4 3 1 1.08366 0.061683
4 2 3 1 0.783619 -0.0231651
4 -2 3 1 0.364252 -0.0761051
2 -4 3 1 0.116612 -0.0855746
-2 -4 3 1 -0.19437 -0.0658648
-4 -2 3 1 -0.340855 -0.0148946
-4 2 3 1 -0.0150837 0.155179
-2 4 3 1 0.836684 0.222597
2 4 0.5 1 1.19791 -0.417912
4 2 0.5 1 0.838966 -0.339541
4 -2 0.5 1 0.384906 -0.302701
2 -4 0.5 1 0.125904 -0.303414
-2 -4 0.5 1 -0.19927 -0.336635
-4 -2 0.5 1 -0.358909 -0.396874
-4 2 0.5 1 -0.00203146 -0.578391
-2 4 0.5 1 1.00116 -0.621389
7 2 3 1 0.895478 -0.0481422
7 -2 3 1 0.503219 -0.0881688
7 2 0.5 1 0.946617 -0.308967
7 -2 0.5 1 0.526427 -0.284784
4 0 3.3 1 0.536191 -0.0239753
7 0 3.3 1 0.668368 -0.0452752
