0 0 4.5 1 -0.303055 0.327441
2 4 3 1 -0.460958 0.57417
4 2 3 1 0.313462 0.264011
4 -2 3 1 0.27088 0.0492999
2 -4 3 1 0.0592229 0.0104618
-2 -4 3 1 -0.297177 0.0189278
-4 -2 3 1 -0.590921 0.0615314
-4 2 3 1 -1.13726 0.217143
-2 4 3 1 -1.48871 0.451631
2 4 0.5 1 -0.620161 -0.495816
4 2 0.5 1 0.304037 -0.398117
4 -2 0.5 1 0.26412 -0.280525
2 -4 0.5 1 0.0457271 -0.240895
-2 -4 0.5 1 -0.322447 -0.21091
-4 -2 0.5 1 -0.632569 -0.203221
-4 2 0.5 1 -1.24812 -0.225962
-2 4 0.5 1 -1.73281 -0.312153
7 2 3 1 1.2692 0.294888
7 -2 3 1 0.706593 0.0431158
7 2 0.5 1 1.38563 -0.518081
7 -2 0.5 1 0.724204 -0.320189
4 0 3.3 1 0.286108 0.170492
7 0 3.3 1 0.879603 0.177723
