0 0 4.5 1 0.0423202 0.0372328
2 4 3 1 -0.315419 -0.0473265
4 2 3 1 -0.186992 -0.0190405
4 -2 3 1 0.249339 -0.0249173
2 -4 3 1 0.404323 -0.0586144
-2 -4 3 1 0.31551 -0.0954647
-4 -2 3 1 0.165886 -0.105086
-4 2 3 1 -0.0696831 -0.100548
-2 4 3 1 -0.21701 -0.0856771
2 4 0.5 1 -0.335105 -0.273826
4 2 0.5 1 -0.204385 -0.297921
4 -2 0.5 1 0.255874 -0.313522
2 -4 0.5 1 0.416895 -0.298224
-2 -4 0.5 1 0.321646 -0.270568
-4 -2 0.5 1 0.16685 -0.257994
-4 2 0.5 1 -0.0755213 -0.250685
-2 4 0.5 1 -0.228324 -0.253678
7 2 3 1 -0.305323 0.0631778
7 -2 3 1 0.33602 0.0583523
7 2 0.5 1 -0.341022 -0.348006
7 -2 0.5 1 0.353402 -0.374353
4 0 3.3 1 0.0284063 0.0101227
7 0 3.3 1 0.00908721 0.107095
