0 0 4.5 1 0.0236504 0.625664
2 4 3 1 -0.10608 0.252836
4 2 3 1 -0.396482 0.308959
4 -2 3 1 -0.893794 0.512748
2 -4 3 1 -1.13586 0.873787
-2 -4 3 1 0.665685 1.05731
-4 -2 3 1 1.09137 0.513332
-4 2 3 1 0.610439 0.261438
-2 4 3 1 0.296735 0.230098
2 4 0.5 1 -0.126135 0.0109045
4 2 0.5 1 -0.413775 0.024183
4 -2 0.5 1 -0.905612 -0.00100111
2 -4 0.5 1 -1.1408 -0.123304
-2 -4 0.5 1 0.470256 -0.411444
-4 -2 0.5 1 0.961023 -0.253796
-4 2 0.5 1 0.562732 -0.0871063
-2 4 0.5 1 0.266966 -0.0322163
7 2 3 1 -0.68202 0.322435
7 -2 3 1 -1.32689 0.51262
7 2 0.5 1 -0.692474 0.0559454
7 -2 0.5 1 -1.32275 0.0554917
4 0 3.3 1 -0.571477 0.426909
7 0 3.3 1 -0.918619 0.434048
