0 0 4.5 1 0.434721 0.291779
2 4 3 1 -0.0206746 0.152759
4 2 3 1 -0.0465676 0.199807
4 -2 3 1 0.436804 0.250453
2 -4 3 1 1.00475 0.201769
-2 -4 3 1 1.04032 0.101354
-4 -2 3 1 0.776703 0.0786508
-4 2 3 1 0.40983 0.085759
-2 4 3 1 0.19999 0.105554
2 4 0.5 1 -0.043 -0.0728567
4 2 0.5 1 -0.0763765 -0.103472
4 -2 0.5 1 0.385175 -0.22456
2 -4 0.5 1 0.945593 -0.286474
-2 -4 0.5 1 1.00123 -0.218528
-4 -2 0.5 1 0.74936 -0.156026
-4 2 0.5 1 0.389935 -0.0976181
-2 4 0.5 1 0.181141 -0.075925
7 2 3 1 -0.421661 0.293538
7 -2 3 1 0.0165364 0.462876
7 2 0.5 1 -0.457799 -0.108261
7 -2 0.5 1 -0.0598843 -0.308313
4 0 3.3 1 0.146071 0.264338
7 0 3.3 1 -0.266015 0.4156
