0 0 4.5 1 -0.415326 0.520207
2 4 3 1 -0.993456 0.459412
4 2 3 1 -0.452813 0.472853
4 -2 3 1 0.0632563 0.38537
2 -4 3 1 0.0484938 0.336729
-2 -4 3 1 -0.169724 0.303295
-4 -2 3 1 -0.378359 0.298487
-4 2 3 1 -0.738526 0.318363
-2 4 3 1 -0.996554 0.360114
2 4 0.5 1 -0.899385 -0.0105933
4 2 0.5 1 -0.404551 -0.00071522
4 -2 0.5 1 0.0660015 0.0714995
2 -4 0.5 1 0.0511978 0.102849
-2 -4 0.5 1 -0.159998 0.11746
-4 -2 0.5 1 -0.361437 0.113204
-4 2 0.5 1 -0.701988 0.0870829
-2 4 0.5 1 -0.933356 0.0509053
7 2 3 1 -0.0769568 0.676085
7 -2 3 1 0.44826 0.461116
7 2 0.5 1 -0.0513738 -0.104967
7 -2 0.5 1 0.422317 0.0367346
4 0 3.3 1 -0.14295 0.469033
7 0 3.3 1 0.268784 0.60956
