0 0 4.5 1 0.287922 0.446501
2 4 3 1 0.797432 0.243399
4 2 3 1 0.556731 0.215743
4 -2 3 1 0.223158 0.219431
2 -4 3 1 0.0202129 0.241813
-2 -4 3 1 -0.202186 0.30529
-4 -2 3 1 -0.203693 0.375369
-4 2 3 1 0.400845 0.438274
-2 4 3 1 0.878389 0.360022
2 4 0.5 1 0.749416 -0.0419785
4 2 0.5 1 0.52579 -0.00164295
4 -2 0.5 1 0.203801 0.0362293
2 -4 0.5 1 0.00428148 0.0502768
-2 -4 0.5 1 -0.217213 0.048058
-4 -2 0.5 1 -0.224404 0.0171375
-4 2 0.5 1 0.3376 -0.0791554
-2 4 0.5 1 0.797807 -0.100753
7 2 3 1 0.576706 0.187229
7 -2 3 1 0.29217 0.194219
7 2 0.5 1 0.550818 0.00866546
7 -2 0.5 1 0.274589 0.0393854
4 0 3.3 1 0.378353 0.242206
7 0 3.3 1 0.426671 0.211297
