0 0 4.5 1 -0.144598 0.59747
2 4 3 1 0.431896 0.822275
4 2 3 1 0.756396 0.393297
4 -2 3 1 0.392763 0.225166
2 -4 3 1 0.11825 0.210394
-2 -4 3 1 -0.279789 0.24576
-4 -2 3 1 -0.601587 0.312104
-4 2 3 1 -1.22401 0.552291
-2 4 3 1 -1.52782 0.951039
2 4 0.5 1 0.284563 -0.435594
4 2 0.5 1 0.666164 -0.243243
4 -2 0.5 1 0.355175 -0.0902357
2 -4 0.5 1 0.0929562 -0.0399509
-2 -4 0.5 1 -0.298187 -0.00157815
-4 -2 0.5 1 -0.617745 0.00607857
-4 2 0.5 1 -1.2309 -0.0471244
-2 4 0.5 1 -1.51828 -0.234016
7 2 3 1 1.57917 0.327242
7 -2 3 1 0.785078 0.190864
7 2 0.5 1 1.45101 -0.32438
7 -2 0.5 1 0.738631 -0.128196
4 0 3.3 1 0.519022 0.332733
7 0 3.3 1 1.05236 0.288383
