0 0 4.5 1 0.331072 0.523414
2 4 3 1 -0.0971181 0.355862
4 2 3 1 -0.0646112 0.406831
4 -2 3 1 0.456431 0.484875
2 -4 3 1 0.84127 0.465637
-2 -4 3 1 0.792079 0.380483
-4 -2 3 1 0.577963 0.341543
-4 2 3 1 0.267553 0.31915
-2 4 3 1 0.082413 0.32202
2 4 0.5 1 -0.0914148 0.127546
4 2 0.5 1 -0.0589731 0.104833
4 -2 0.5 1 0.424712 0.0758097
2 -4 0.5 1 0.785007 0.0878538
-2 -4 0.5 1 0.755818 0.12526
-4 -2 0.5 1 0.557382 0.141004
-4 2 0.5 1 0.260017 0.148287
-2 4 0.5 1 0.080831 0.145044
7 2 3 1 -0.37892 0.489799
7 -2 3 1 0.299513 0.669939
7 2 0.5 1 -0.346597 0.0656517
7 -2 0.5 1 0.267939 -0.00122908
4 0 3.3 1 0.156955 0.48481
7 0 3.3 1 -0.120312 0.628727
