0 0 4.5 1 0.411304 0.449812
2 4 3 1 -0.040827 0.300791
4 2 3 1 -0.0346567 0.349223
4 -2 3 1 0.484485 0.405426
2 -4 3 1 0.957644 0.365796
-2 -4 3 1 0.934896 0.27452
-4 -2 3 1 0.694502 0.246553
-4 2 3 1 0.35565 0.243275
-2 4 3 1 0.158306 0.257446
2 4 0.5 1 -0.0533942 0.0732463
4 2 0.5 1 -0.0515978 0.0453156
4 -2 0.5 1 0.4268 -0.0347437
2 -4 0.5 1 0.872286 -0.0582912
-2 -4 0.5 1 0.878364 -0.00726309
-4 -2 0.5 1 0.658925 0.0316409
-4 2 0.5 1 0.335376 0.0669398
-2 4 0.5 1 0.143034 0.0783918
7 2 3 1 -0.383009 0.443782
7 -2 3 1 0.212408 0.611245
7 2 0.5 1 -0.384853 0.0266933
7 -2 0.5 1 0.148051 -0.114462
4 0 3.3 1 0.179788 0.417864
7 0 3.3 1 -0.166285 0.573539
