0 0 4.5 1 -0.093879 0.0254912
2 4 3 1 -0.466377 -0.0770775
4 2 3 1 -0.282956 -0.0466118
4 -2 3 1 0.159722 -0.0407461
2 -4 3 1 0.267248 -0.0639042
-2 -4 3 1 0.155454 -0.0961607
-4 -2 3 1 0.00543382 -0.109795
-4 2 3 1 -0.234802 -0.115913
-2 4 3 1 -0.387981 -0.109
2 4 0.5 1 -0.478334 -0.332613
4 2 0.5 1 -0.28696 -0.349682
4 -2 0.5 1 0.178803 -0.319085
2 -4 0.5 1 0.286814 -0.286147
-2 -4 0.5 1 0.166597 -0.26228
-4 -2 0.5 1 0.0113955 -0.26055
-4 2 0.5 1 -0.235476 -0.273635
-2 4 0.5 1 -0.393911 -0.293037
7 2 3 1 -0.334518 0.027595
7 -2 3 1 0.313001 0.027851
7 2 0.5 1 -0.345193 -0.435699
7 -2 0.5 1 0.353015 -0.379999
4 0 3.3 1 -0.0537556 -0.0107118
7 0 3.3 1 0.00633208 0.0754495
