0 0 4.5 1 0.0833852 0.0495068
2 4 3 1 -0.26816 -0.0575589
4 2 3 1 -0.156729 -0.0199919
4 -2 3 1 0.281281 0.0042414
2 -4 3 1 0.457564 -0.0211099
-2 -4 3 1 0.378649 -0.0671251
-4 -2 3 1 0.227509 -0.0871791
-4 2 3 1 -0.0106126 -0.0971869
-2 4 3 1 -0.159597 -0.0908308
2 4 0.5 1 -0.273794 -0.279603
4 2 0.5 1 -0.157802 -0.295898
4 -2 0.5 1 0.305369 -0.290663
2 -4 0.5 1 0.48619 -0.268837
-2 -4 0.5 1 0.396508 -0.246939
-4 -2 0.5 1 0.238366 -0.242453
-4 2 0.5 1 -0.00699178 -0.24703
-2 4 0.5 1 -0.160325 -0.256718
7 2 3 1 -0.301474 0.0564787
7 -2 3 1 0.338007 0.100682
7 2 0.5 1 -0.314587 -0.346701
7 -2 0.5 1 0.38009 -0.344425
4 0 3.3 1 0.0536784 0.0239218
7 0 3.3 1 0.00111644 0.123897
