0 0 4.5 1 -0.340665 0.271161
2 4 3 1 -0.639126 0.487458
4 2 3 1 0.185021 0.245044
4 -2 3 1 0.238416 0.0292548
2 -4 3 1 0.0484334 -0.0195606
-2 -4 3 1 -0.294502 -0.0261666
-4 -2 3 1 -0.580338 0.00343849
-4 2 3 1 -1.10697 0.126845
-2 4 3 1 -1.45707 0.319894
2 4 0.5 1 -0.80816 -0.507396
4 2 0.5 1 0.18839 -0.411662
4 -2 0.5 1 0.243499 -0.303789
2 -4 0.5 1 0.0430479 -0.271738
-2 -4 0.5 1 -0.314237 -0.25278
-4 -2 0.5 1 -0.616954 -0.253134
-4 2 0.5 1 -1.2104 -0.286504
-2 4 0.5 1 -1.68527 -0.367348
7 2 3 1 1.13455 0.331912
7 -2 3 1 0.680737 0.0432017
7 2 0.5 1 1.30384 -0.511468
7 -2 0.5 1 0.718709 -0.331765
4 0 3.3 1 0.219641 0.151129
7 0 3.3 1 0.816188 0.189889
