0 0 4.5 1 0.153655 0.237459
2 4 3 1 -0.198427 0.0899023
4 2 3 1 -0.120447 0.13839
4 -2 3 1 0.330234 0.213499
2 -4 3 1 0.559841 0.206329
-2 -4 3 1 0.49745 0.144635
-4 -2 3 1 0.337385 0.10675
-4 2 3 1 0.0883479 0.0735372
-2 4 3 1 -0.0668315 0.0666368
2 4 0.5 1 -0.179281 -0.121227
4 2 0.5 1 -0.0951711 -0.130494
4 -2 0.5 1 0.365337 -0.098509
2 -4 0.5 1 0.592672 -0.0633303
-2 -4 0.5 1 0.520194 -0.0466049
-4 -2 0.5 1 0.355365 -0.0533431
-4 2 0.5 1 0.103458 -0.0743831
-2 4 0.5 1 -0.0515071 -0.0931819
7 2 3 1 -0.324817 0.201868
7 -2 3 1 0.322153 0.334149
7 2 0.5 1 -0.29147 -0.185947
7 -2 0.5 1 0.376756 -0.150227
4 0 3.3 1 0.0845134 0.207347
7 0 3.3 1 -0.0423325 0.311339
