0 0 4.5 1 0.294297 0.283785
2 4 3 1 0.873312 0.0822039
4 2 3 1 0.618112 0.0533672
4 -2 3 1 0.265761 0.0589423
2 -4 3 1 0.0539854 0.0820611
-2 -4 3 1 -0.188069 0.143735
-4 -2 3 1 -0.228297 0.211451
-4 2 3 1 0.319218 0.285876
-2 4 3 1 0.896083 0.211259
2 4 0.5 1 0.851244 -0.239924
4 2 0.5 1 0.599849 -0.182691
4 -2 0.5 1 0.248761 -0.130561
2 -4 0.5 1 0.0352431 -0.110773
-2 -4 0.5 1 -0.214792 -0.108613
-4 -2 0.5 1 -0.266294 -0.141793
-4 2 0.5 1 0.269759 -0.272743
-2 4 0.5 1 0.859929 -0.320292
7 2 3 1 0.657183 0.0229737
7 -2 3 1 0.350473 0.0327927
7 2 0.5 1 0.642452 -0.171069
7 -2 0.5 1 0.336482 -0.128649
4 0 3.3 1 0.424928 0.0814793
7 0 3.3 1 0.491594 0.0493346
