0 0 4.5 1 -0.1188 0.639439
2 4 3 1 0.601276 0.844133
4 2 3 1 0.816586 0.419481
4 -2 3 1 0.409175 0.258651
2 -4 3 1 0.126279 0.244343
-2 -4 3 1 -0.278259 0.278767
-4 -2 3 1 -0.604621 0.344715
-4 2 3 1 -1.23585 0.591631
-2 4 3 1 -1.50262 1.01615
2 4 0.5 1 0.42925 -0.417104
4 2 0.5 1 0.713808 -0.208752
4 -2 0.5 1 0.369874 -0.0556647
2 -4 0.5 1 0.101979 -0.00733814
-2 -4 0.5 1 -0.292214 0.0267272
-4 -2 0.5 1 -0.611643 0.0292848
-4 2 0.5 1 -1.2105 -0.0409688
-2 4 0.5 1 -1.42196 -0.253445
7 2 3 1 1.59772 0.353962
7 -2 3 1 0.792131 0.226141
7 2 0.5 1 1.4455 -0.272549
7 -2 0.5 1 0.740551 -0.0877466
4 0 3.3 1 0.550856 0.364478
7 0 3.3 1 1.06756 0.320931
