0 0 4.5 1 0.209991 0.281881
2 4 3 1 1.17302 0.252809
4 2 3 1 0.847943 0.124769
4 -2 3 1 0.395418 0.0322176
2 -4 3 1 0.133017 0.00263032
-2 -4 3 1 -0.208266 -0.00470663
-4 -2 3 1 -0.409767 0.0281033
-4 2 3 1 -0.2805 0.21996
-2 4 3 1 0.672901 0.408737
2 4 0.5 1 1.30028 -0.318728
4 2 0.5 1 0.912239 -0.228842
4 -2 0.5 1 0.425838 -0.205078
2 -4 0.5 1 0.154659 -0.218488
-2 -4 0.5 1 -0.192557 -0.271159
-4 -2 0.5 1 -0.396249 -0.345714
-4 2 0.5 1 -0.240071 -0.556501
-2 4 0.5 1 0.843616 -0.612944
7 2 3 1 1.01465 0.110706
7 -2 3 1 0.567202 0.0330954
7 2 0.5 1 1.07361 -0.182957
7 -2 0.5 1 0.598058 -0.175616
4 0 3.3 1 0.57251 0.102323
7 0 3.3 1 0.748367 0.0937447
