0 0 4.5 1 0.156833 0.414037
2 4 3 1 1.23107 0.431102
4 2 3 1 0.885231 0.266419
4 -2 3 1 0.403949 0.150669
2 -4 3 1 0.129703 0.112173
-2 -4 3 1 -0.233834 0.0934635
-4 -2 3 1 -0.47496 0.116738
-4 2 3 1 -0.526893 0.30889
-2 4 3 1 0.438299 0.584796
2 4 0.5 1 1.30382 -0.23675
4 2 0.5 1 0.926902 -0.125004
4 -2 0.5 1 0.429537 -0.0974668
2 -4 0.5 1 0.152462 -0.112653
-2 -4 0.5 1 -0.207902 -0.169123
-4 -2 0.5 1 -0.439647 -0.246788
-4 2 0.5 1 -0.450916 -0.475076
-2 4 0.5 1 0.559147 -0.581075
7 2 3 1 1.10844 0.259706
7 -2 3 1 0.605241 0.15844
7 2 0.5 1 1.14402 -0.0698394
7 -2 0.5 1 0.628411 -0.0633014
4 0 3.3 1 0.586901 0.231947
7 0 3.3 1 0.804284 0.230922
