0 0 4.5 1 0.264403 0.517808
2 4 3 1 0.748255 0.322401
4 2 3 1 0.515215 0.290643
4 -2 3 1 0.189396 0.287119
2 -4 3 1 -0.0107702 0.305365
-2 -4 3 1 -0.225813 0.365897
-4 -2 3 1 -0.209274 0.437555
-4 2 3 1 0.414585 0.50631
-2 4 3 1 0.846785 0.43548
2 4 0.5 1 0.701032 0.0478778
4 2 0.5 1 0.486446 0.0780128
4 -2 0.5 1 0.174243 0.104062
2 -4 0.5 1 -0.0205179 0.111658
-2 -4 0.5 1 -0.229905 0.102871
-4 -2 0.5 1 -0.215836 0.0727822
-4 2 0.5 1 0.356497 0.00146691
-2 4 0.5 1 0.76592 -0.00284673
7 2 3 1 0.528086 0.263058
7 -2 3 1 0.252232 0.263408
7 2 0.5 1 0.503976 0.0883387
7 -2 0.5 1 0.237843 0.109162
4 0 3.3 1 0.342398 0.313224
7 0 3.3 1 0.383651 0.283509
