0 0 4.5 1 -0.00376217 0.0745606
2 4 3 1 0.304245 -0.065803
4 2 3 1 0.131985 -0.0864166
4 -2 3 1 -0.133406 -0.0953405
2 -4 3 1 -0.306155 -0.0862344
-2 -4 3 1 -0.436198 -0.0415146
-4 -2 3 1 -0.274887 0.00834284
-4 2 3 1 0.280003 0.0263831
-2 4 3 1 0.435796 -0.0127659
2 4 0.5 1 0.32215 -0.261909
4 2 0.5 1 0.142013 -0.257097
4 -2 0.5 1 -0.131839 -0.266789
2 -4 0.5 1 -0.310739 -0.284379
-2 -4 0.5 1 -0.449863 -0.327147
-4 -2 0.5 1 -0.281309 -0.3565
-4 2 0.5 1 0.311905 -0.334992
-2 4 0.5 1 0.468764 -0.294175
7 2 3 1 0.109744 -0.103366
7 -2 3 1 -0.11222 -0.110866
7 2 0.5 1 0.1175 -0.245858
7 -2 0.5 1 -0.110353 -0.253893
4 0 3.3 1 -0.0012019 -0.0710539
7 0 3.3 1 -0.00167225 -0.0904758
