0 0 4.5 1 -0.0241101 0.057578
2 4 3 1 0.270457 -0.0942274
4 2 3 1 0.0974916 -0.107653
4 -2 3 1 -0.16915 -0.106626
2 -4 3 1 -0.342787 -0.0913243
-2 -4 3 1 -0.465573 -0.0422655
-4 -2 3 1 -0.28598 1.23965e-05
-4 2 3 1 0.270296 -0.00570886
-2 4 3 1 0.409838 -0.0489536
2 4 0.5 1 0.28134 -0.289325
4 2 0.5 1 0.101141 -0.278762
4 -2 0.5 1 -0.174642 -0.280628
2 -4 0.5 1 -0.356214 -0.29411
-2 -4 0.5 1 -0.492524 -0.336675
-4 -2 0.5 1 -0.306867 -0.373463
-4 2 0.5 1 0.290746 -0.366094
-2 4 0.5 1 0.433301 -0.327424
7 2 3 1 0.0712908 -0.123109
7 -2 3 1 -0.151796 -0.122465
7 2 0.5 1 0.0735895 -0.266072
7 -2 0.5 1 -0.155861 -0.267442
4 0 3.3 1 -0.0346376 -0.0872026
7 0 3.3 1 -0.0393898 -0.106048
