0 0 4.5 1 -0.275295 0.395976
2 4 3 1 -0.761346 0.35714
4 2 3 1 -0.397826 0.342589
4 -2 3 1 0.0910791 0.25164
2 -4 3 1 0.120237 0.213664
-2 -4 3 1 -0.054945 0.203161
-4 -2 3 1 -0.233851 0.214903
-4 2 3 1 -0.529371 0.253489
-2 4 3 1 -0.727759 0.295978
2 4 0.5 1 -0.760528 0.00226838
4 2 0.5 1 -0.412038 -0.0410987
4 -2 0.5 1 0.0650922 -0.0343813
2 -4 0.5 1 0.0996966 -0.00384077
-2 -4 0.5 1 -0.0676841 0.0339652
-4 -2 0.5 1 -0.242926 0.0515525
-4 2 0.5 1 -0.533771 0.0623622
-2 4 0.5 1 -0.728082 0.0538995
7 2 3 1 -0.234495 0.453219
7 -2 3 1 0.39363 0.285847
7 2 0.5 1 -0.267851 -0.163643
7 -2 0.5 1 0.344468 -0.112324
4 0 3.3 1 -0.114858 0.331431
7 0 3.3 1 0.154035 0.412958
