0 0 4.5 1 -0.137989 0.381106
2 4 3 1 0.107575 0.176386
4 2 3 1 -0.0790284 0.186219
4 -2 3 1 -0.372508 0.221429
2 -4 3 1 -0.571514 0.261538
-2 -4 3 1 -0.662062 0.331523
-4 -2 3 1 -0.328746 0.335834
-4 2 3 1 0.256686 0.24016
-2 4 3 1 0.301006 0.192472
2 4 0.5 1 0.0898096 -0.00783034
4 2 0.5 1 -0.0924243 0.015281
4 -2 0.5 1 -0.382055 0.0301776
2 -4 0.5 1 -0.578846 0.0226268
-2 -4 0.5 1 -0.670105 -0.0360285
-4 -2 0.5 1 -0.352033 -0.0991672
-4 2 0.5 1 0.218971 -0.102258
-2 4 0.5 1 0.272013 -0.0598225
7 2 3 1 -0.131235 0.177831
7 -2 3 1 -0.378385 0.206066
7 2 0.5 1 -0.141798 0.0339174
7 -2 0.5 1 -0.386196 0.0480203
4 0 3.3 1 -0.216211 0.224942
7 0 3.3 1 -0.247973 0.209674
