0 0 4.5 1 0.104798 0.542371
2 4 3 1 1.28204 0.586617
4 2 3 1 0.922336 0.383007
4 -2 3 1 0.411811 0.2531
2 -4 3 1 0.125025 0.21277
-2 -4 3 1 -0.259928 0.193627
-4 -2 3 1 -0.535261 0.215877
-4 2 3 1 -0.763904 0.409784
-2 4 3 1 0.117618 0.754571
2 4 0.5 1 1.26226 -0.199499
4 2 0.5 1 0.924907 -0.0554685
4 -2 0.5 1 0.425287 -0.0105712
2 -4 0.5 1 0.142892 -0.0199802
-2 -4 0.5 1 -0.230621 -0.0700594
-4 -2 0.5 1 -0.486644 -0.14327
-4 2 0.5 1 -0.643575 -0.376493
-2 4 0.5 1 0.213939 -0.549395
7 2 3 1 1.21443 0.378369
7 -2 3 1 0.645358 0.26228
7 2 0.5 1 1.20702 0.00227257
7 -2 0.5 1 0.652652 0.0225136
4 0 3.3 1 0.601646 0.342604
7 0 3.3 1 0.86627 0.343611
