0 0 4.5 1 0.252904 0.535345
2 4 3 1 0.728972 0.343785
4 2 3 1 0.498845 0.310344
4 -2 3 1 0.175797 0.303858
2 -4 3 1 -0.0234085 0.320313
-2 -4 3 1 -0.236029 0.379346
-4 -2 3 1 -0.213713 0.451469
-4 2 3 1 0.414124 0.523254
-2 4 3 1 0.831555 0.455749
2 4 0.5 1 0.683995 0.0725709
4 2 0.5 1 0.472026 0.0991937
4 -2 0.5 1 0.162759 0.120884
2 -4 0.5 1 -0.0305369 0.125983
-2 -4 0.5 1 -0.236027 0.114638
-4 -2 0.5 1 -0.215091 0.0849956
-4 2 0.5 1 0.359893 0.0228965
-2 4 0.5 1 0.75391 0.0243875
7 2 3 1 0.509694 0.28308
7 -2 3 1 0.236741 0.280762
7 2 0.5 1 0.487219 0.109532
7 -2 0.5 1 0.224088 0.126709
4 0 3.3 1 0.327837 0.331318
7 0 3.3 1 0.366998 0.302079
