0 0 4.5 1 0.295049 0.297172
2 4 3 1 0.866594 0.0945486
4 2 3 1 0.612823 0.0664545
4 -2 3 1 0.262532 0.0726444
2 -4 3 1 0.0518328 0.0961345
-2 -4 3 1 -0.188056 0.158397
-4 -2 3 1 -0.224632 0.226289
-4 2 3 1 0.328595 0.298334
-2 4 3 1 0.895819 0.222132
2 4 0.5 1 0.840809 -0.22316
4 2 0.5 1 0.592584 -0.167235
4 -2 0.5 1 0.244777 -0.115811
2 -4 0.5 1 0.0328332 -0.0961082
-2 -4 0.5 1 -0.214326 -0.0937732
-4 -2 0.5 1 -0.261727 -0.126579
-4 2 0.5 1 0.276991 -0.255134
-2 4 0.5 1 0.853572 -0.301064
7 2 3 1 0.649892 0.0362133
7 -2 3 1 0.34561 0.0464428
7 2 0.5 1 0.633421 -0.155861
7 -2 0.5 1 0.330793 -0.113982
4 0 3.3 1 0.421269 0.0947911
7 0 3.3 1 0.486026 0.0626758
