0 0 4.5 1 0.2716 0.151211
2 4 3 1 1.02288 0.00566452
4 2 3 1 0.736073 -0.0579089
4 -2 3 1 0.335871 -0.0884861
2 -4 3 1 0.0980223 -0.085698
-2 -4 3 1 -0.193574 -0.0500053
-4 -2 3 1 -0.308651 0.00916328
-4 2 3 1 0.0997321 0.153573
-2 4 3 1 0.875317 0.162474
2 4 0.5 1 1.10037 -0.42657
4 2 0.5 1 0.771705 -0.352181
4 -2 0.5 1 0.345177 -0.306101
2 -4 0.5 1 0.097308 -0.29809
-2 -4 0.5 1 -0.209724 -0.317577
-4 -2 0.5 1 -0.340243 -0.36778
-4 2 0.5 1 0.097545 -0.534318
-2 4 0.5 1 0.990898 -0.583654
7 2 3 1 0.823331 -0.0869085
7 -2 3 1 0.457959 -0.106983
7 2 0.5 1 0.856611 -0.329242
7 -2 0.5 1 0.470394 -0.294833
4 0 3.3 1 0.504675 -0.0469503
7 0 3.3 1 0.61572 -0.0739028
