0 0 4.5 1 0.221417 0.559158
2 4 3 1 0.680405 0.378449
4 2 3 1 0.457705 0.341181
4 -2 3 1 0.14168 0.327609
2 -4 3 1 -0.0549556 0.33956
-2 -4 3 1 -0.261699 0.394435
-4 -2 3 1 -0.226769 0.467267
-4 2 3 1 0.40466 0.546606
-2 4 3 1 0.789109 0.487488
2 4 0.5 1 0.643474 0.115188
4 2 0.5 1 0.437092 0.133936
4 -2 0.5 1 0.13435 0.145494
2 -4 0.5 1 -0.0555877 0.144639
-2 -4 0.5 1 -0.252291 0.127262
-4 -2 0.5 1 -0.216336 0.0990683
-4 2 0.5 1 0.362605 0.0586478
-2 4 0.5 1 0.723832 0.0726309
7 2 3 1 0.464539 0.314716
7 -2 3 1 0.198532 0.30606
7 2 0.5 1 0.447278 0.144231
7 -2 0.5 1 0.1907 0.152953
4 0 3.3 1 0.290965 0.358204
7 0 3.3 1 0.325781 0.330195
