0 0 4.5 1 -0.22513 0.51365
2 4 3 1 0.0315689 0.295107
4 2 3 1 -0.171604 0.293527
4 -2 3 1 -0.49898 0.314451
2 -4 3 1 -0.72971 0.350301
-2 -4 3 1 -0.809173 0.436316
-4 -2 3 1 -0.358018 0.460925
-4 2 3 1 0.251959 0.376461
-2 4 3 1 0.255651 0.325424
2 4 0.5 1 0.0274575 0.101083
4 2 0.5 1 -0.168434 0.109071
4 -2 0.5 1 -0.481991 0.0986373
2 -4 0.5 1 -0.695805 0.0708448
-2 -4 0.5 1 -0.749738 -0.00715518
-4 -2 0.5 1 -0.332455 -0.0423131
-4 2 0.5 1 0.229673 0.0162148
-2 4 0.5 1 0.23917 0.0644282
7 2 3 1 -0.238904 0.280349
7 -2 3 1 -0.517068 0.295655
7 2 0.5 1 -0.23423 0.124418
7 -2 0.5 1 -0.502417 0.117891
4 0 3.3 1 -0.323438 0.328074
7 0 3.3 1 -0.369925 0.30816
