0 0 4.5 1 0.101975 0.458663
2 4 3 1 0.499202 0.324447
4 2 3 1 0.307137 0.280674
4 -2 3 1 0.0221017 0.248564
2 -4 3 1 -0.160609 0.246373
-2 -4 3 1 -0.339754 0.28502
-4 -2 3 1 -0.264382 0.355219
-4 2 3 1 0.331886 0.448787
-2 4 3 1 0.609807 0.415931
2 4 0.5 1 0.502286 0.0983946
4 2 0.5 1 0.314035 0.0958456
4 -2 0.5 1 0.0344664 0.0783119
2 -4 0.5 1 -0.142818 0.059465
-2 -4 0.5 1 -0.309354 0.0245986
-4 -2 0.5 1 -0.227031 0.00470885
-4 2 0.5 1 0.345939 0.0303231
-2 4 0.5 1 0.609851 0.0726948
7 2 3 1 0.303779 0.257866
7 -2 3 1 0.0653805 0.232452
7 2 0.5 1 0.309562 0.105031
7 -2 0.5 1 0.0750035 0.0897218
4 0 3.3 1 0.157713 0.28578
7 0 3.3 1 0.179659 0.262818
