0 0 4.5 1 -0.00745172 0.734157
2 4 3 1 1.22254 0.833445
4 2 3 1 0.977539 0.505205
4 -2 3 1 0.440977 0.362134
2 -4 3 1 0.135395 0.336159
-2 -4 3 1 -0.28425 0.345974
-4 -2 3 1 -0.614482 0.392432
-4 2 3 1 -1.18408 0.627455
-2 4 3 1 -0.957678 1.09371
2 4 0.5 1 0.983681 -0.280651
4 2 0.5 1 0.875059 -0.0569459
4 -2 0.5 1 0.41494 0.0591405
2 -4 0.5 1 0.128197 0.0825924
-2 -4 0.5 1 -0.270471 0.076449
-4 -2 0.5 1 -0.574717 0.0394791
-4 2 0.5 1 -1.02359 -0.135709
-2 4 0.5 1 -0.720841 -0.419791
7 2 3 1 1.51003 0.47509
7 -2 3 1 0.761967 0.352919
7 2 0.5 1 1.36587 -0.0365853
7 -2 0.5 1 0.719734 0.0651958
4 0 3.3 1 0.632198 0.462968
7 0 3.3 1 1.03704 0.444215
