0 0 4.5 1 -0.309261 0.350951
2 4 3 1 -0.0819361 0.129793
4 2 3 1 -0.306858 0.107478
4 -2 3 1 -0.685793 0.10436
2 -4 3 1 -0.966038 0.139512
-2 -4 3 1 -0.936999 0.293014
-4 -2 3 1 -0.238557 0.361404
-4 2 3 1 0.265248 0.261047
-2 4 3 1 0.185989 0.190697
2 4 0.5 1 -0.0618786 -0.068386
4 2 0.5 1 -0.285888 -0.0908468
4 -2 0.5 1 -0.65676 -0.151918
2 -4 0.5 1 -0.923085 -0.222093
-2 -4 0.5 1 -0.864814 -0.319517
-4 -2 0.5 1 -0.17509 -0.249745
-4 2 0.5 1 0.299122 -0.0991151
-2 4 0.5 1 0.210461 -0.064856
7 2 3 1 -0.407939 0.0803446
7 -2 3 1 -0.743418 0.0712407
7 2 0.5 1 -0.389642 -0.0893804
7 -2 0.5 1 -0.719319 -0.139213
4 0 3.3 1 -0.474998 0.133086
7 0 3.3 1 -0.560135 0.0989264
