0 0 4.5 1 0.281326 0.528841
2 4 3 1 -0.0789032 0.177215
4 2 3 1 -0.313055 0.193978
4 -2 3 1 -0.450886 0.361146
2 -4 3 1 0.327191 0.710295
-2 -4 3 1 1.66399 0.679264
-4 -2 3 1 1.21778 0.424759
-4 2 3 1 0.605597 0.256079
-2 4 3 1 0.295095 0.204668
2 4 0.5 1 -0.0539921 -0.0724917
4 2 0.5 1 -0.276448 -0.130939
4 -2 0.5 1 -0.371351 -0.30604
2 -4 0.5 1 0.415739 -0.470677
-2 -4 0.5 1 1.66653 -0.211728
-4 -2 0.5 1 1.23112 -0.0631449
-4 2 0.5 1 0.622537 -0.0195317
-2 4 0.5 1 0.313521 -0.0289776
7 2 3 1 -0.752436 0.164276
7 -2 3 1 -1.46545 0.322469
7 2 0.5 1 -0.704624 -0.184
7 -2 0.5 1 -1.32975 -0.45131
4 0 3.3 1 -0.364082 0.302261
7 0 3.3 1 -0.980282 0.272274
