0 0 4.5 1 0.0442929 0.675215
2 4 3 1 1.30918 0.743256
4 2 3 1 0.967323 0.479797
4 -2 3 1 0.428395 0.340629
2 -4 3 1 0.127571 0.305546
-2 -4 3 1 -0.281027 0.298
-4 -2 3 1 -0.592033 0.329739
-4 2 3 1 -1.0265 0.540391
-2 4 3 1 -0.424887 0.959299
2 4 0.5 1 1.15342 -0.217377
4 2 0.5 1 0.909974 -0.0263029
4 -2 0.5 1 0.420965 0.0541631
2 -4 0.5 1 0.133576 0.0600162
-2 -4 0.5 1 -0.255986 0.0293839
-4 -2 0.5 1 -0.540154 -0.0286172
-4 2 0.5 1 -0.861611 -0.244569
-2 4 0.5 1 -0.271139 -0.495705
7 2 3 1 1.37284 0.467473
7 -2 3 1 0.707626 0.34361
7 2 0.5 1 1.2925 0.0208256
7 -2 0.5 1 0.6883 0.0771884
4 0 3.3 1 0.624138 0.43757
7 0 3.3 1 0.959448 0.432295
