0 0 4.5 1 0.391391 0.200067
2 4 3 1 -0.0261725 -0.0604918
4 2 3 1 -0.179622 -0.0294156
4 -2 3 1 0.0224244 0.119588
2 -4 3 1 0.898139 0.269286
-2 -4 3 1 1.42835 0.162689
-4 -2 3 1 1.06635 0.0473241
-4 2 3 1 0.564493 -0.0355558
-2 4 3 1 0.292372 -0.0593518
2 4 0.5 1 -0.0149039 -0.312707
4 2 0.5 1 -0.173472 -0.368686
4 -2 0.5 1 0.0587094 -0.542136
2 -4 0.5 1 1.09746 -0.64637
-2 -4 0.5 1 1.61092 -0.427585
-4 -2 0.5 1 1.15442 -0.321335
-4 2 0.5 1 0.600155 -0.276673
-2 4 0.5 1 0.314284 -0.278425
7 2 3 1 -0.631691 -0.0256853
7 -2 3 1 -0.911558 0.18424
7 2 0.5 1 -0.656057 -0.426082
7 -2 0.5 1 -1.01907 -0.759322
4 0 3.3 1 -0.111372 0.0714742
7 0 3.3 1 -0.713541 0.0998952
