0 0 4.5 1 0.263148 0.584041
2 4 3 1 -0.0878362 0.218714
4 2 3 1 -0.333785 0.236652
4 -2 3 1 -0.527267 0.407487
2 -4 3 1 0.188446 0.782975
-2 -4 3 1 1.70464 0.762573
-4 -2 3 1 1.24638 0.477261
-4 2 3 1 0.613127 0.297698
-2 4 3 1 0.295456 0.245314
2 4 0.5 1 -0.0639113 -0.0329347
4 2 0.5 1 -0.295605 -0.088535
4 -2 0.5 1 -0.438412 -0.260477
2 -4 0.5 1 0.269632 -0.440887
-2 -4 0.5 1 1.64119 -0.201236
-4 -2 0.5 1 1.23269 -0.0390169
-4 2 0.5 1 0.621846 0.0131721
-2 4 0.5 1 0.309721 0.00684932
7 2 3 1 -0.768601 0.20862
7 -2 3 1 -1.52643 0.36818
7 2 0.5 1 -0.71446 -0.134969
7 -2 0.5 1 -1.35846 -0.382405
4 0 3.3 1 -0.403173 0.346912
7 0 3.3 1 -1.01331 0.31734
