0 0 4.5 1 0.146553 0.439544
2 4 3 1 1.2415 0.463037
4 2 3 1 0.892146 0.291194
4 -2 3 1 0.405188 0.172119
2 -4 3 1 0.128566 0.132782
-2 -4 3 1 -0.239144 0.113217
-4 -2 3 1 -0.487211 0.135644
-4 2 3 1 -0.573621 0.327621
-2 4 3 1 0.383701 0.617903
2 4 0.5 1 1.29872 -0.225874
4 2 0.5 1 0.927283 -0.108599
4 -2 0.5 1 0.428887 -0.078668
2 -4 0.5 1 0.150769 -0.0932638
-2 -4 0.5 1 -0.212076 -0.149209
-4 -2 0.5 1 -0.448669 -0.226561
-4 2 0.5 1 -0.489456 -0.456876
-2 4 0.5 1 0.496109 -0.575054
7 2 3 1 1.12748 0.285346
7 -2 3 1 0.612427 0.180589
7 2 0.5 1 1.1561 -0.0523477
7 -2 0.5 1 0.633053 -0.0442602
4 0 3.3 1 0.589439 0.255167
7 0 3.3 1 0.815387 0.254983
