0 0 4.5 1 -0.265956 0.373905
2 4 3 1 -0.744707 0.336201
4 2 3 1 -0.39309 0.321194
4 -2 3 1 0.0918231 0.230991
2 -4 3 1 0.124192 0.193515
-2 -4 3 1 -0.0475094 0.183913
-4 -2 3 1 -0.224113 0.196225
-4 2 3 1 -0.51499 0.235142
-2 4 3 1 -0.709365 0.277105
2 4 0.5 1 -0.75061 -0.0104818
4 2 0.5 1 -0.41174 -0.0556405
4 -2 0.5 1 0.0648664 -0.052692
2 -4 0.5 1 0.102931 -0.0226057
-2 -4 0.5 1 -0.0613394 0.0161182
-4 -2 0.5 1 -0.234749 0.0346821
-4 2 0.5 1 -0.522238 0.0471417
-2 4 0.5 1 -0.714201 0.0399827
7 2 3 1 -0.24287 0.427237
7 -2 3 1 0.386901 0.263462
7 2 0.5 1 -0.280806 -0.177432
7 -2 0.5 1 0.33855 -0.132504
4 0 3.3 1 -0.113377 0.309919
7 0 3.3 1 0.144292 0.388511
