0 0 4.5 1 -0.0356239 0.166433
2 4 3 1 -0.386918 0.0401187
4 2 3 1 -0.240296 0.0819718
4 -2 3 1 0.197039 0.121411
2 -4 3 1 0.330727 0.105686
-2 -4 3 1 0.234633 0.0632559
-4 -2 3 1 0.0883921 0.0386891
-4 2 3 1 -0.144725 0.0169492
-2 4 3 1 -0.293269 0.0142699
2 4 0.5 1 -0.369376 -0.189424
4 2 0.5 1 -0.21681 -0.196311
4 -2 0.5 1 0.22645 -0.15116
2 -4 0.5 1 0.356228 -0.116186
-2 -4 0.5 1 0.252571 -0.100453
-4 -2 0.5 1 0.103187 -0.106842
-4 2 0.5 1 -0.131603 -0.130194
-2 4 0.5 1 -0.279626 -0.153578
7 2 3 1 -0.341375 0.150741
7 -2 3 1 0.309945 0.207375
7 2 0.5 1 -0.308226 -0.267246
7 -2 0.5 1 0.356324 -0.197854
4 0 3.3 1 -0.0227493 0.134386
7 0 3.3 1 -0.0159384 0.227639
