0 0 4.5 1 -0.18459 0.52906
2 4 3 1 0.180095 0.777024
4 2 3 1 0.65534 0.354859
4 -2 3 1 0.36434 0.173975
2 -4 3 1 0.103654 0.156368
-2 -4 3 1 -0.284171 0.190109
-4 -2 3 1 -0.598654 0.254578
-4 2 3 1 -1.20314 0.47991
-2 4 3 1 -1.53782 0.836894
2 4 0.5 1 0.0553917 -0.456431
4 2 0.5 1 0.587103 -0.292251
4 -2 0.5 1 0.331566 -0.143715
2 -4 0.5 1 0.0785048 -0.092666
-2 -4 0.5 1 -0.307719 -0.0509302
-4 -2 0.5 1 -0.62648 -0.0383235
-4 2 0.5 1 -1.25268 -0.0720472
-2 4 0.5 1 -1.62966 -0.222499
7 2 3 1 1.53127 0.29592
7 -2 3 1 0.769374 0.140073
7 2 0.5 1 1.45319 -0.395914
7 -2 0.5 1 0.734398 -0.18803
4 0 3.3 1 0.465416 0.284832
7 0 3.3 1 1.02 0.243786
