0 0 4.5 1 0.414301 0.133017
2 4 3 1 -0.0231579 -0.0853974
4 2 3 1 -0.140899 -0.0452552
4 -2 3 1 0.170982 0.0796076
2 -4 3 1 0.987903 0.144418
-2 -4 3 1 1.32476 0.0230164
-4 -2 3 1 0.991069 -0.0527315
-4 2 3 1 0.526931 -0.0977541
-2 4 3 1 0.270471 -0.103943
2 4 0.5 1 -0.0254568 -0.335982
4 2 0.5 1 -0.152024 -0.383689
4 -2 0.5 1 0.190199 -0.551069
2 -4 0.5 1 1.14859 -0.65388
-2 -4 0.5 1 1.45996 -0.487455
-4 -2 0.5 1 1.05582 -0.386546
-4 2 0.5 1 0.549867 -0.326948
-2 4 0.5 1 0.280928 -0.31695
7 2 3 1 -0.583203 -0.0104852
7 -2 3 1 -0.648522 0.211853
7 2 0.5 1 -0.63368 -0.422627
7 -2 0.5 1 -0.783179 -0.736074
4 0 3.3 1 -0.0292659 0.0472833
7 0 3.3 1 -0.595969 0.120465
