0 0 4.5 1 0.0474701 0.0354055
2 4 3 1 -0.309477 -0.0518962
4 2 3 1 -0.183153 -0.0223574
4 -2 3 1 0.253403 -0.0245708
2 -4 3 1 0.410976 -0.0573871
-2 -4 3 1 0.323383 -0.0954219
-4 -2 3 1 0.173578 -0.106315
-4 2 3 1 -0.0623124 -0.103545
-2 4 3 1 -0.209837 -0.0897017
2 4 0.5 1 -0.327613 -0.278011
4 2 0.5 1 -0.198671 -0.301075
4 -2 0.5 1 0.26229 -0.314176
2 -4 0.5 1 0.425774 -0.298187
-2 -4 0.5 1 0.331105 -0.271261
-4 -2 0.5 1 0.175827 -0.259656
-4 2 0.5 1 -0.0670098 -0.25378
-2 4 0.5 1 -0.219937 -0.257582
7 2 3 1 -0.304708 0.0593106
7 -2 3 1 0.336429 0.0604518
7 2 0.5 1 -0.337969 -0.351112
7 -2 0.5 1 0.357247 -0.374054
4 0 3.3 1 0.0316362 0.00862436
7 0 3.3 1 0.00824969 0.106122
