0 0 4.5 1 -0.0275108 0.735907
2 4 3 1 1.1457 0.852464
4 2 3 1 0.966217 0.499313
4 -2 3 1 0.441712 0.354645
2 -4 3 1 0.137383 0.332231
-2 -4 3 1 -0.282744 0.348761
-4 -2 3 1 -0.616042 0.400819
-4 2 3 1 -1.21747 0.643697
-2 4 3 1 -1.12932 1.11697
2 4 0.5 1 0.898111 -0.310161
4 2 0.5 1 0.853646 -0.0802766
4 -2 0.5 1 0.410182 0.0475474
2 -4 0.5 1 0.125475 0.0774617
-2 -4 0.5 1 -0.274447 0.0808977
-4 -2 0.5 1 -0.584143 0.0526823
-4 2 0.5 1 -1.07347 -0.102277
-2 4 0.5 1 -0.882977 -0.385013
7 2 3 1 1.55006 0.46071
7 -2 3 1 0.777242 0.339998
7 2 0.5 1 1.38896 -0.0741653
7 -2 0.5 1 0.728716 0.0459024
4 0 3.3 1 0.627431 0.456406
7 0 3.3 1 1.05776 0.431557
