0 0 4.5 1 0.376776 0.244366
2 4 3 1 -0.0309985 -0.0326927
4 2 3 1 -0.198819 -0.00573577
4 -2 3 1 -0.0494502 0.149214
2 -4 3 1 0.837777 0.335933
-2 -4 3 1 1.46718 0.240071
-4 -2 3 1 1.09271 0.105834
-4 2 3 1 0.574975 0.00680009
-2 4 3 1 0.296918 -0.0239008
2 4 0.5 1 -0.0150151 -0.283773
4 2 0.5 1 -0.185616 -0.34234
4 -2 0.5 1 -0.00770729 -0.51735
2 -4 0.5 1 1.03164 -0.624417
-2 -4 0.5 1 1.65185 -0.385964
-4 -2 0.5 1 1.182 -0.277284
-4 2 0.5 1 0.612562 -0.238318
-2 4 0.5 1 0.321571 -0.244306
7 2 3 1 -0.651432 -0.0130684
7 -2 3 1 -1.01817 0.186006
7 2 0.5 1 -0.662131 -0.404441
7 -2 0.5 1 -1.09539 -0.736831
4 0 3.3 1 -0.150241 0.0970576
7 0 3.3 1 -0.761465 0.108537
