0 0 4.5 1 -0.280975 0.249239
2 4 3 1 -0.0986661 0.00603805
4 2 3 1 -0.337512 -0.00945686
4 -2 3 1 -0.742873 0.00684537
2 -4 3 1 -1.03821 0.0701633
-2 -4 3 1 -0.875784 0.274383
-4 -2 3 1 -0.069898 0.298683
-4 2 3 1 0.318745 0.140029
-2 4 3 1 0.195691 0.0633149
2 4 0.5 1 -0.0843409 -0.20152
4 2 0.5 1 -0.328865 -0.22346
4 -2 0.5 1 -0.745201 -0.285748
2 -4 0.5 1 -1.0571 -0.363223
-2 -4 0.5 1 -0.89414 -0.471023
-4 -2 0.5 1 -0.0194062 -0.373819
-4 2 0.5 1 0.362794 -0.224535
-2 4 0.5 1 0.222917 -0.196216
7 2 3 1 -0.462619 -0.0379545
7 -2 3 1 -0.834526 -0.0328999
7 2 0.5 1 -0.457913 -0.22326
7 -2 0.5 1 -0.83907 -0.274358
4 0 3.3 1 -0.510036 0.0261737
7 0 3.3 1 -0.624797 -0.0112735
