0 0 4.5 1 0.313201 0.520799
2 4 3 1 -0.108417 0.351448
4 2 3 1 -0.0718974 0.402707
4 -2 3 1 0.445408 0.484118
2 -4 3 1 0.81516 0.468105
-2 -4 3 1 0.763787 0.384352
-4 -2 3 1 0.554814 0.343927
-4 2 3 1 0.249998 0.318501
-2 4 3 1 0.0673791 0.31941
2 4 0.5 1 -0.099526 0.124186
4 2 0.5 1 -0.0622853 0.102748
4 -2 0.5 1 0.420475 0.0824144
2 -4 0.5 1 0.767454 0.0993572
-2 -4 0.5 1 0.733318 0.134401
-4 -2 0.5 1 0.538235 0.146571
-4 2 0.5 1 0.245342 0.149321
-2 4 0.5 1 0.0685318 0.143622
7 2 3 1 -0.378618 0.482944
7 -2 3 1 0.304988 0.664049
7 2 0.5 1 -0.341812 0.0604291
7 -2 0.5 1 0.28166 0.00678691
4 0 3.3 1 0.149122 0.481758
7 0 3.3 1 -0.115493 0.622159
