0 0 4.5 1 0.408125 0.149445
2 4 3 1 -0.0231595 -0.0840455
4 2 3 1 -0.153587 -0.0467821
4 -2 3 1 0.122737 0.0880621
2 -4 3 1 0.964611 0.181354
-2 -4 3 1 1.36297 0.0632226
-4 -2 3 1 1.01945 -0.0254927
-4 2 3 1 0.541945 -0.0833827
-2 4 3 1 0.279674 -0.0957277
2 4 0.5 1 -0.0205177 -0.336112
4 2 0.5 1 -0.158799 -0.386936
4 -2 0.5 1 0.14892 -0.556926
2 -4 0.5 1 1.14665 -0.660036
-2 -4 0.5 1 1.52014 -0.47507
-4 -2 0.5 1 1.09511 -0.371986
-4 2 0.5 1 0.570446 -0.317369
-2 4 0.5 1 0.294773 -0.311524
7 2 3 1 -0.600792 -0.0232491
7 -2 3 1 -0.741425 0.197495
7 2 0.5 1 -0.64365 -0.433188
7 -2 0.5 1 -0.873775 -0.75682
4 0 3.3 1 -0.0564205 0.049315
7 0 3.3 1 -0.637787 0.106683
