0 0 4.5 1 0.0500569 0.0348495
2 4 3 1 -0.306494 -0.0538391
4 2 3 1 -0.181223 -0.0236804
4 -2 3 1 0.255443 -0.0240411
2 -4 3 1 0.414319 -0.0563967
-2 -4 3 1 0.327341 -0.0950221
-4 -2 3 1 0.177444 -0.106558
-4 2 3 1 -0.0586073 -0.104682
-2 4 3 1 -0.206233 -0.0913609
2 4 0.5 1 -0.323823 -0.279745
4 2 0.5 1 -0.195777 -0.302295
4 -2 0.5 1 0.2655 -0.314124
2 -4 0.5 1 0.430217 -0.297772
-2 -4 0.5 1 0.33585 -0.271213
-4 -2 0.5 1 0.180336 -0.260101
-4 2 0.5 1 -0.0627235 -0.254954
-2 4 0.5 1 -0.215707 -0.259167
7 2 3 1 -0.304401 0.0576927
7 -2 3 1 0.336631 0.0618488
7 2 0.5 1 -0.336389 -0.352326
7 -2 0.5 1 0.359144 -0.373526
4 0 3.3 1 0.0332587 0.00821843
7 0 3.3 1 0.0078281 0.105963
