0 0 4.5 1 -0.1989 0.140898
2 4 3 1 -0.622678 0.0943301
4 2 3 1 -0.360277 0.0898634
4 -2 3 1 0.0969425 0.0226625
2 -4 3 1 0.160058 -0.0114924
-2 -4 3 1 0.0168881 -0.02263
-4 -2 3 1 -0.14377 -0.0133222
-4 2 3 1 -0.403143 0.0171366
-2 4 3 1 -0.570789 0.0488735
2 4 0.5 1 -0.66658 -0.198347
4 2 0.5 1 -0.40162 -0.24358
4 -2 0.5 1 0.0753624 -0.253106
2 -4 0.5 1 0.144684 -0.225578
-2 -4 0.5 1 0.00290937 -0.185673
-4 -2 0.5 1 -0.15927 -0.165972
-4 2 0.5 1 -0.424634 -0.151672
-2 4 0.5 1 -0.600347 -0.156079
7 2 3 1 -0.311161 0.173193
7 -2 3 1 0.326913 0.0570413
7 2 0.5 1 -0.374319 -0.352602
7 -2 0.5 1 0.304831 -0.338323
4 0 3.3 1 -0.106455 0.0881241
7 0 3.3 1 0.0571333 0.158511
