0 0 4.5 1 0.342557 0.345819
2 4 3 1 -0.0464093 0.0393427
4 2 3 1 -0.240466 0.0596493
4 -2 3 1 -0.197929 0.22056
2 -4 3 1 0.684169 0.474668
-2 -4 3 1 1.53847 0.40354
-4 -2 3 1 1.13816 0.229481
-4 2 3 1 0.588078 0.101301
-2 4 3 1 0.298666 0.059662
2 4 0.5 1 -0.0240974 -0.209246
4 2 0.5 1 -0.215637 -0.270524
4 -2 0.5 1 -0.144894 -0.447502
2 -4 0.5 1 0.840521 -0.56822
-2 -4 0.5 1 1.69068 -0.302718
-4 -2 0.5 1 1.21364 -0.185418
-4 2 0.5 1 0.623182 -0.152393
-2 4 0.5 1 0.324568 -0.163592
7 2 3 1 -0.690236 0.0370388
7 -2 3 1 -1.20894 0.213809
7 2 0.5 1 -0.674947 -0.335209
7 -2 0.5 1 -1.2073 -0.652458
4 0 3.3 1 -0.230188 0.164442
7 0 3.3 1 -0.85041 0.150865
