0 0 4.5 1 -0.174424 0.0684108
2 4 3 1 -0.58345 0.00864363
4 2 3 1 -0.345603 0.0135759
4 -2 3 1 0.107208 -0.0364736
2 -4 3 1 0.182688 -0.0688668
-2 -4 3 1 0.0483683 -0.0848859
-4 -2 3 1 -0.108999 -0.0806426
-4 2 3 1 -0.362046 -0.0586934
-2 4 3 1 -0.524444 -0.0332074
2 4 0.5 1 -0.627159 -0.273806
4 2 0.5 1 -0.383743 -0.312692
4 -2 0.5 1 0.0948754 -0.315151
2 -4 0.5 1 0.175683 -0.286872
-2 -4 0.5 1 0.0395964 -0.24988
-4 -2 0.5 1 -0.120925 -0.23364
-4 2 0.5 1 -0.381697 -0.225002
-2 4 0.5 1 -0.553236 -0.232631
7 2 3 1 -0.327214 0.0943944
7 -2 3 1 0.315449 0.00606809
7 2 0.5 1 -0.386157 -0.416138
7 -2 0.5 1 0.310879 -0.396738
4 0 3.3 1 -0.0986883 0.0208174
7 0 3.3 1 0.0344059 0.0950772
