0 0 4.5 1 0.434743 0.277883
2 4 3 1 -0.0204957 0.138378
4 2 3 1 -0.0494799 0.185404
4 -2 3 1 0.429708 0.237012
2 -4 3 1 1.00673 0.188821
-2 -4 3 1 1.04923 0.0872529
-4 -2 3 1 0.783406 0.0642999
-4 2 3 1 0.413642 0.0714399
-2 4 3 1 0.202432 0.0912531
2 4 0.5 1 -0.04308 -0.0875727
4 2 0.5 1 -0.0797647 -0.118458
4 -2 0.5 1 0.379996 -0.242435
2 -4 0.5 1 0.952824 -0.30739
-2 -4 0.5 1 1.01381 -0.237465
-4 -2 0.5 1 0.758054 -0.172984
-4 2 0.5 1 0.394509 -0.113075
-2 4 0.5 1 0.183874 -0.0908941
7 2 3 1 -0.427099 0.278327
7 -2 3 1 -0.00502332 0.449294
7 2 0.5 1 -0.465766 -0.122838
7 -2 0.5 1 -0.0825541 -0.327408
4 0 3.3 1 0.140821 0.250206
7 0 3.3 1 -0.277286 0.400298
