0 0 4.5 1 -0.309922 0.356609
2 4 3 1 -0.0809772 0.135981
4 2 3 1 -0.305396 0.113664
4 -2 3 1 -0.683265 0.110263
2 -4 3 1 -0.962719 0.144713
-2 -4 3 1 -0.938109 0.296111
-4 -2 3 1 -0.244729 0.365066
-4 2 3 1 0.263377 0.266645
-2 4 3 1 0.185955 0.196704
2 4 0.5 1 -0.0609364 -0.0619824
4 2 0.5 1 -0.284177 -0.0841827
4 -2 0.5 1 -0.653354 -0.144757
2 -4 0.5 1 -0.917985 -0.214341
-2 -4 0.5 1 -0.86311 -0.311463
-4 -2 0.5 1 -0.180854 -0.243617
-4 2 0.5 1 0.296439 -0.0935732
-2 4 0.5 1 0.209983 -0.0589022
7 2 3 1 -0.405575 0.0867189
7 -2 3 1 -0.739669 0.0774902
7 2 0.5 1 -0.386961 -0.0825203
7 -2 0.5 1 -0.714775 -0.131906
4 0 3.3 1 -0.473332 0.139097
7 0 3.3 1 -0.557371 0.105185
