0 0 4.5 1 -0.300359 0.302856
2 4 3 1 -0.0892817 0.0749926
4 2 3 1 -0.319262 0.053874
4 -2 3 1 -0.708369 0.0555898
2 -4 3 1 -0.995409 0.0992461
-2 -4 3 1 -0.920528 0.27283
-4 -2 3 1 -0.176844 0.330891
-4 2 3 1 0.284738 0.209923
-2 4 3 1 0.188398 0.136235
2 4 0.5 1 -0.0701825 -0.12601
4 2 0.5 1 -0.301811 -0.149741
4 -2 0.5 1 -0.689497 -0.213651
2 -4 0.5 1 -0.972675 -0.28822
-2 -4 0.5 1 -0.879426 -0.388832
-4 -2 0.5 1 -0.118151 -0.30395
-4 2 0.5 1 0.324648 -0.150777
-2 4 0.5 1 0.21565 -0.119804
7 2 3 1 -0.429177 0.0254765
7 -2 3 1 -0.778171 0.019436
7 2 0.5 1 -0.414964 -0.149554
7 -2 0.5 1 -0.763293 -0.201988
4 0 3.3 1 -0.489231 0.0821517
7 0 3.3 1 -0.585178 0.0460639
