0 0 4.5 1 -0.116567 0.307177
2 4 3 1 0.128338 0.109534
4 2 3 1 -0.0532727 0.120324
4 -2 3 1 -0.337007 0.15626
2 -4 3 1 -0.527167 0.195535
-2 -4 3 1 -0.620684 0.261704
-4 -2 3 1 -0.321595 0.265935
-4 2 3 1 0.252677 0.172766
-2 4 3 1 0.311196 0.124824
2 4 0.5 1 0.109588 -0.0727025
4 2 0.5 1 -0.0694304 -0.0471044
4 -2 0.5 1 -0.352929 -0.0278529
2 -4 0.5 1 -0.545267 -0.0314866
-2 -4 0.5 1 -0.647055 -0.083963
-4 -2 0.5 1 -0.357599 -0.149412
-4 2 0.5 1 0.216391 -0.166342
-2 4 0.5 1 0.283721 -0.126716
7 2 3 1 -0.10065 0.112203
7 -2 3 1 -0.339116 0.141251
7 2 0.5 1 -0.114 -0.0285108
7 -2 0.5 1 -0.352284 -0.0110635
4 0 3.3 1 -0.186511 0.158636
7 0 3.3 1 -0.213596 0.143812
