0 0 4.5 1 -0.130922 0.35948
2 4 3 1 0.114099 0.156857
4 2 3 1 -0.0708769 0.167189
4 -2 3 1 -0.361174 0.202901
2 -4 3 1 -0.557293 0.242904
-2 -4 3 1 -0.648699 0.311651
-4 -2 3 1 -0.326235 0.315533
-4 2 3 1 0.255652 0.22013
-2 4 3 1 0.30425 0.172423
2 4 0.5 1 0.095777 -0.0265639
4 2 0.5 1 -0.0853361 -0.00251123
4 -2 0.5 1 -0.372905 0.0140134
2 -4 0.5 1 -0.568227 0.00787034
-2 -4 0.5 1 -0.662805 -0.048802
-4 -2 0.5 1 -0.353788 -0.113037
-4 2 0.5 1 0.217957 -0.120923
-2 4 0.5 1 0.275351 -0.0793619
7 2 3 1 -0.121583 0.158967
7 -2 3 1 -0.365892 0.18769
7 2 0.5 1 -0.133186 0.0161705
7 -2 0.5 1 -0.375543 0.0315468
4 0 3.3 1 -0.206736 0.205899
7 0 3.3 1 -0.237054 0.190836
