0 0 4.5 1 -0.0940835 0.676213
2 4 3 1 0.764136 0.858518
4 2 3 1 0.868942 0.444724
4 -2 3 1 0.422699 0.289886
2 -4 3 1 0.132365 0.274917
-2 -4 3 1 -0.278035 0.306815
-4 -2 3 1 -0.608271 0.371035
-4 2 3 1 -1.24374 0.621699
-2 4 3 1 -1.45528 1.06829
2 4 0.5 1 0.564405 -0.394673
4 2 0.5 1 0.756753 -0.173984
4 -2 0.5 1 0.383073 -0.0234049
2 -4 0.5 1 0.109945 0.0218093
-2 -4 0.5 1 -0.286895 0.050015
-4 -2 0.5 1 -0.605464 0.0461857
-4 2 0.5 1 -1.18502 -0.0436916
-2 4 0.5 1 -1.30863 -0.280545
7 2 3 1 1.60434 0.383122
7 -2 3 1 0.795415 0.260549
7 2 0.5 1 1.43674 -0.219611
7 -2 0.5 1 0.740991 -0.0486014
4 0 3.3 1 0.578338 0.394353
7 0 3.3 1 1.07635 0.353618
