0 0 4.5 1 -0.464483 0.422747
2 4 3 1 -1.07561 0.373879
4 2 3 1 -0.407099 0.405803
4 -2 3 1 0.0647466 0.310651
2 -4 3 1 0.0137195 0.25228
-2 -4 3 1 -0.229716 0.202647
-4 -2 3 1 -0.454648 0.186302
-4 2 3 1 -0.8548 0.192528
-2 4 3 1 -1.1509 0.235151
2 4 0.5 1 -0.971731 -0.181024
4 2 0.5 1 -0.343442 -0.112934
4 -2 0.5 1 0.08944 -0.00466265
2 -4 0.5 1 0.0332354 0.0191385
-2 -4 0.5 1 -0.209295 0.0133045
-4 -2 0.5 1 -0.429436 -0.00765061
-4 2 0.5 1 -0.811615 -0.0630535
-2 4 0.5 1 -1.0804 -0.12266
7 2 3 1 0.154251 0.673217
7 -2 3 1 0.478253 0.409649
7 2 0.5 1 0.211154 -0.172023
7 -2 0.5 1 0.49393 -0.00233339
4 0 3.3 1 -0.117107 0.395522
7 0 3.3 1 0.369924 0.565655
