0 0 4.5 1 -0.158289 0.0383068
2 4 3 1 -0.559335 -0.0307021
4 2 3 1 -0.334334 -0.0197788
4 -2 3 1 0.116587 -0.058187
2 -4 3 1 0.199297 -0.0891148
-2 -4 3 1 0.0699164 -0.108599
-4 -2 3 1 -0.0858583 -0.108006
-4 2 3 1 -0.335966 -0.0919358
-2 4 3 1 -0.496037 -0.0704874
2 4 0.5 1 -0.599222 -0.308131
4 2 0.5 1 -0.367499 -0.342407
4 -2 0.5 1 0.11099 -0.338497
2 -4 0.5 1 0.198222 -0.309372
-2 -4 0.5 1 0.0652289 -0.274785
-4 -2 0.5 1 -0.0944938 -0.261332
-4 2 0.5 1 -0.352772 -0.257105
-2 4 0.5 1 -0.52186 -0.267261
7 2 3 1 -0.33253 0.0599276
7 -2 3 1 0.312603 -0.0099503
7 2 0.5 1 -0.384772 -0.442453
7 -2 0.5 1 0.319056 -0.416633
4 0 3.3 1 -0.0911463 -0.00640806
7 0 3.3 1 0.0251414 0.0707348
