0 0 4.5 1 -0.429756 0.250884
2 4 3 1 -0.996201 0.301244
4 2 3 1 -0.189535 0.272809
4 -2 3 1 0.135819 0.119015
2 -4 3 1 0.0252663 0.052924
-2 -4 3 1 -0.260639 0.00449545
-4 -2 3 1 -0.512153 -0.00592575
-4 2 3 1 -0.969238 0.0229266
-2 4 3 1 -1.30223 0.104424
2 4 0.5 1 -1.02235 -0.432338
4 2 0.5 1 -0.15336 -0.314304
4 -2 0.5 1 0.16763 -0.202427
2 -4 0.5 1 0.0456623 -0.186393
-2 -4 0.5 1 -0.250165 -0.199314
-4 -2 0.5 1 -0.50733 -0.224886
-4 2 0.5 1 -0.979155 -0.29354
-2 4 0.5 1 -1.33615 -0.373598
7 2 3 1 0.605238 0.527521
7 -2 3 1 0.570322 0.202795
7 2 0.5 1 0.745538 -0.336906
7 -2 0.5 1 0.629517 -0.187057
4 0 3.3 1 0.0157145 0.221107
7 0 3.3 1 0.571983 0.36501
