0 0 4.5 1 -0.0604597 0.483644
2 4 3 1 -0.119191 0.141146
4 2 3 1 -0.399561 0.191915
4 -2 3 1 -0.879058 0.367153
2 -4 3 1 -1.15988 0.64893
-2 -4 3 1 0.110926 0.871125
-4 -2 3 1 0.830507 0.426473
-4 2 3 1 0.545295 0.160874
-2 4 3 1 0.264313 0.12344
2 4 0.5 1 -0.143218 -0.0910676
4 2 0.5 1 -0.4296 -0.0727404
4 -2 0.5 1 -0.937471 -0.0782311
2 -4 0.5 1 -1.27482 -0.157638
-2 -4 0.5 1 -0.0175394 -0.440974
-4 -2 0.5 1 0.775567 -0.348638
-4 2 0.5 1 0.516881 -0.193297
-2 4 0.5 1 0.240816 -0.137732
7 2 3 1 -0.642682 0.199902
7 -2 3 1 -1.2003 0.356006
7 2 0.5 1 -0.672193 -0.0418406
7 -2 0.5 1 -1.25502 -0.0281054
4 0 3.3 1 -0.573585 0.296567
7 0 3.3 1 -0.853433 0.295377
