0 0 4.5 1 -0.146031 0.340858
2 4 3 1 -0.130499 0.0245554
4 2 3 1 -0.401419 0.0601898
4 -2 3 1 -0.861558 0.192696
2 -4 3 1 -1.15605 0.399746
-2 -4 3 1 -0.334846 0.648273
-4 -2 3 1 0.535474 0.347967
-4 2 3 1 0.472425 0.077344
-2 4 3 1 0.232053 0.025154
2 4 0.5 1 -0.150649 -0.202921
4 2 0.5 1 -0.433757 -0.190635
4 -2 0.5 1 -0.940373 -0.200251
2 -4 0.5 1 -1.3232 -0.261863
-2 -4 0.5 1 -0.482119 -0.480974
-4 -2 0.5 1 0.542714 -0.423594
-4 2 0.5 1 0.472317 -0.28766
-2 4 0.5 1 0.222645 -0.239913
7 2 3 1 -0.606388 0.0561661
7 -2 3 1 -1.09523 0.166724
7 2 0.5 1 -0.642083 -0.168327
7 -2 0.5 1 -1.17314 -0.165197
4 0 3.3 1 -0.575374 0.146824
7 0 3.3 1 -0.797741 0.131534
