0 0 4.5 1 -0.169068 0.451838
2 4 3 1 0.0803848 0.240004
4 2 3 1 -0.112847 0.246541
4 -2 3 1 -0.419467 0.277882
2 -4 3 1 -0.630486 0.317319
-2 -4 3 1 -0.717707 0.392681
-4 -2 3 1 -0.340386 0.401746
-4 2 3 1 0.258059 0.308204
-2 4 3 1 0.286368 0.259993
2 4 0.5 1 0.0664884 0.0518763
4 2 0.5 1 -0.120771 0.0701574
4 -2 0.5 1 -0.419291 0.0768394
2 -4 0.5 1 -0.622315 0.0625191
-2 -4 0.5 1 -0.700067 -0.00401648
-4 -2 0.5 1 -0.345318 -0.0598258
-4 2 0.5 1 0.223326 -0.0411439
-2 4 0.5 1 0.259693 0.00438131
7 2 3 1 -0.170906 0.236889
7 -2 3 1 -0.429875 0.261581
7 2 0.5 1 -0.176307 0.0881209
7 -2 0.5 1 -0.429471 0.0956482
4 0 3.3 1 -0.255673 0.284475
7 0 3.3 1 -0.293055 0.267902
