0 0 4.5 1 -0.155865 0.0348703
2 4 3 1 -0.555779 -0.0355123
4 2 3 1 -0.332553 -0.0237259
4 -2 3 1 0.118102 -0.0603989
2 -4 3 1 0.201841 -0.0910875
-2 -4 3 1 0.0731632 -0.111088
-4 -2 3 1 -0.0823903 -0.111046
-4 2 3 1 -0.332099 -0.095854
-2 4 3 1 -0.491864 -0.0749978
2 4 0.5 1 -0.594922 -0.312222
4 2 0.5 1 -0.364844 -0.345806
4 -2 0.5 1 0.113521 -0.34089
2 -4 0.5 1 0.201651 -0.311626
-2 -4 0.5 1 0.0691035 -0.277418
-4 -2 0.5 1 -0.0904986 -0.264399
-4 2 0.5 1 -0.348408 -0.260847
-2 4 0.5 1 -0.517131 -0.271387
7 2 3 1 -0.333054 0.0558183
7 -2 3 1 0.312384 -0.0113208
7 2 0.5 1 -0.384101 -0.445349
7 -2 0.5 1 0.320417 -0.418461
4 0 3.3 1 -0.0898981 -0.00944602
7 0 3.3 1 0.0240319 0.0681174
