0 0 4.5 1 0.135872 0.170815
2 4 3 1 -0.212503 0.0329262
4 2 3 1 -0.125987 0.0795072
4 -2 3 1 0.318286 0.143718
2 -4 3 1 0.530983 0.132522
-2 -4 3 1 0.465132 0.074878
-4 -2 3 1 0.309133 0.0409165
-4 2 3 1 0.0648952 0.0122353
-2 4 3 1 -0.0877072 0.0077403
2 4 0.5 1 -0.198116 -0.179818
4 2 0.5 1 -0.105454 -0.189395
4 -2 0.5 1 0.354904 -0.160441
2 -4 0.5 1 0.567741 -0.128006
-2 -4 0.5 1 0.490062 -0.111326
-4 -2 0.5 1 0.327757 -0.116515
-4 2 0.5 1 0.078803 -0.135191
-2 4 0.5 1 -0.0749462 -0.152707
7 2 3 1 -0.313006 0.145417
7 -2 3 1 0.32839 0.257208
7 2 0.5 1 -0.290232 -0.243751
7 -2 0.5 1 0.385791 -0.210418
4 0 3.3 1 0.0789585 0.142809
7 0 3.3 1 -0.0264345 0.244801
