0 0 4.5 1 -0.0678824 0.0672252
2 4 3 1 -0.429212 -0.047048
4 2 3 1 -0.262142 -0.0105817
4 -2 3 1 0.176667 0.011928
2 -4 3 1 0.294574 -0.00752117
-2 -4 3 1 0.190004 -0.0444586
-4 -2 3 1 0.042304 -0.0634615
-4 2 3 1 -0.193953 -0.0776173
-2 4 3 1 -0.344581 -0.0757934
2 4 0.5 1 -0.427365 -0.290887
4 2 0.5 1 -0.252875 -0.302242
4 -2 0.5 1 0.202904 -0.262706
2 -4 0.5 1 0.31939 -0.228461
-2 -4 0.5 1 0.205897 -0.208848
-4 -2 0.5 1 0.0534387 -0.211493
-4 2 0.5 1 -0.187651 -0.230456
-2 4 0.5 1 -0.341105 -0.25253
7 2 3 1 -0.334623 0.0606743
7 -2 3 1 0.312305 0.0880326
7 2 0.5 1 -0.325105 -0.38174
7 -2 0.5 1 0.359411 -0.316333
4 0 3.3 1 -0.0388361 0.0334383
7 0 3.3 1 -0.00143915 0.122326
