0 0 4.5 1 0.180913 0.332187
2 4 3 1 -0.181982 0.17359
4 2 3 1 -0.114625 0.223797
4 -2 3 1 0.349628 0.308972
2 -4 3 1 0.606427 0.304833
-2 -4 3 1 0.54722 0.237507
-4 -2 3 1 0.378831 0.195806
-4 2 3 1 0.120015 0.159329
-2 4 3 1 -0.0402577 0.151137
2 4 0.5 1 -0.159732 -0.0386077
4 2 0.5 1 -0.0867753 -0.0492616
4 -2 0.5 1 0.377039 -0.0197456
2 -4 0.5 1 0.627536 0.0168482
-2 -4 0.5 1 0.56253 0.0356109
-4 -2 0.5 1 0.392591 0.0292329
-4 2 0.5 1 0.134051 0.00835012
-2 4 0.5 1 -0.0242175 -0.0103305
7 2 3 1 -0.344054 0.286834
7 -2 3 1 0.315449 0.441422
7 2 0.5 1 -0.300644 -0.105058
7 -2 0.5 1 0.359088 -0.0762806
4 0 3.3 1 0.0927748 0.298746
7 0 3.3 1 -0.0651485 0.408084
