0 0 4.5 1 -0.210556 0.503993
2 4 3 1 0.0445247 0.286566
4 2 3 1 -0.156263 0.287286
4 -2 3 1 -0.478493 0.311223
2 -4 3 1 -0.704223 0.348198
-2 -4 3 1 -0.786192 0.431194
-4 -2 3 1 -0.354334 0.451074
-4 2 3 1 0.254244 0.363998
-2 4 3 1 0.264245 0.313909
2 4 0.5 1 0.0376335 0.0938213
4 2 0.5 1 -0.15606 0.104666
4 -2 0.5 1 -0.465756 0.0989453
2 -4 0.5 1 -0.676727 0.0748207
-2 -4 0.5 1 -0.737094 -0.000460379
-4 -2 0.5 1 -0.336401 -0.0418897
-4 2 0.5 1 0.228044 0.00615562
-2 4 0.5 1 0.244568 0.0540159
7 2 3 1 -0.221198 0.275151
7 -2 3 1 -0.494515 0.293176
7 2 0.5 1 -0.219183 0.120855
7 -2 0.5 1 -0.48347 0.118231
4 0 3.3 1 -0.305888 0.322898
7 0 3.3 1 -0.349997 0.30396
