0 0 4.5 1 0.160238 0.543683
2 4 3 1 0.589997 0.385766
4 2 3 1 0.381965 0.343565
4 -2 3 1 0.0803198 0.318958
2 -4 3 1 -0.110299 0.323128
-2 -4 3 1 -0.305012 0.369707
-4 -2 3 1 -0.250096 0.442204
-4 2 3 1 0.371139 0.532324
-2 4 3 1 0.701746 0.487638
2 4 0.5 1 0.572231 0.139099
4 2 0.5 1 0.37495 0.145844
4 -2 0.5 1 0.0835845 0.141283
2 -4 0.5 1 -0.1002 0.130647
-2 -4 0.5 1 -0.281976 0.103651
-4 -2 0.5 1 -0.222556 0.0791743
-4 2 0.5 1 0.356275 0.0743725
-2 4 0.5 1 0.667291 0.105531
7 2 3 1 0.383388 0.318749
7 -2 3 1 0.130544 0.300225
7 2 0.5 1 0.377538 0.155748
7 -2 0.5 1 0.131948 0.151095
4 0 3.3 1 0.22332 0.353943
7 0 3.3 1 0.251639 0.328374
