0 0 4.5 1 0.276355 0.156588
2 4 3 1 0.993953 -0.00412558
4 2 3 1 0.713154 -0.0590766
4 -2 3 1 0.322006 -0.0804202
2 -4 3 1 0.0890209 -0.0725006
-2 -4 3 1 -0.193268 -0.0302752
-4 -2 3 1 -0.294206 0.0316326
-4 2 3 1 0.145518 0.162447
-2 4 3 1 0.884643 0.14895
2 4 0.5 1 1.0519 -0.414708
4 2 0.5 1 0.738261 -0.342461
4 -2 0.5 1 0.325689 -0.292994
2 -4 0.5 1 0.0838071 -0.281399
-2 -4 0.5 1 -0.213604 -0.295028
-4 -2 0.5 1 -0.330112 -0.34094
-4 2 0.5 1 0.135328 -0.501244
-2 4 0.5 1 0.972113 -0.553443
7 2 3 1 0.790303 -0.0891844
7 -2 3 1 0.43669 -0.101275
7 2 0.5 1 0.814119 -0.322483
7 -2 0.5 1 0.443644 -0.28437
4 0 3.3 1 0.489149 -0.0434492
7 0 3.3 1 0.591193 -0.0723003
