0 0 4.5 1 0.283248 0.183138
2 4 3 1 0.947504 0.0023508
4 2 3 1 0.67639 -0.040452
4 -2 3 1 0.300043 -0.0488596
2 -4 3 1 0.075181 -0.0337066
-2 -4 3 1 -0.191831 0.0176039
-4 -2 3 1 -0.270223 0.0826391
-4 2 3 1 0.213543 0.190793
-2 4 3 1 0.892828 0.147481
2 4 0.5 1 0.973474 -0.373608
4 2 0.5 1 0.684165 -0.30566
4 -2 0.5 1 0.294901 -0.252541
2 -4 0.5 1 0.0634443 -0.236212
-2 -4 0.5 1 -0.217104 -0.24172
-4 -2 0.5 1 -0.31028 -0.2816
-4 2 0.5 1 0.18916 -0.432143
-2 4 0.5 1 0.932415 -0.486737
7 2 3 1 0.73841 -0.0714377
7 -2 3 1 0.40316 -0.0726375
7 2 0.5 1 0.746734 -0.289672
7 -2 0.5 1 0.401365 -0.247429
4 0 3.3 1 0.464253 -0.0185402
7 0 3.3 1 0.552492 -0.0495177
