0 0 4.5 1 -0.117194 0.0121857
2 4 3 1 -0.499926 -0.0789756
4 2 3 1 -0.302148 -0.0548067
4 -2 3 1 0.143926 -0.0645423
2 -4 3 1 0.242769 -0.0908239
-2 -4 3 1 0.124677 -0.118687
-4 -2 3 1 -0.0274738 -0.127292
-4 2 3 1 -0.27129 -0.125674
-2 4 3 1 -0.426832 -0.11377
2 4 0.5 1 -0.52346 -0.343485
4 2 0.5 1 -0.317718 -0.366421
4 -2 0.5 1 0.154843 -0.34516
2 -4 0.5 1 0.255748 -0.313574
-2 -4 0.5 1 0.130473 -0.28574
-4 -2 0.5 1 -0.0267518 -0.279794
-4 2 0.5 1 -0.278254 -0.286885
-2 4 0.5 1 -0.440845 -0.303252
7 2 3 1 -0.335484 0.0217497
7 -2 3 1 0.312376 -0.00287218
7 2 0.5 1 -0.363052 -0.457788
7 -2 0.5 1 0.342425 -0.41268
4 0 3.3 1 -0.0677745 -0.0266733
7 0 3.3 1 0.0118739 0.0567378
