0 0 4.5 1 0.420103 0.124384
2 4 3 1 -0.0238529 -0.074273
4 2 3 1 -0.124773 -0.0310937
4 -2 3 1 0.228724 0.0787957
2 -4 3 1 1.00726 0.109637
-2 -4 3 1 1.27206 -0.0129477
-4 -2 3 1 0.951329 -0.0733227
-4 2 3 1 0.505178 -0.102713
-2 4 3 1 0.256924 -0.101256
2 4 0.5 1 -0.032477 -0.321319
4 2 0.5 1 -0.142974 -0.364868
4 -2 0.5 1 0.236893 -0.527806
2 -4 0.5 1 1.13051 -0.629253
-2 -4 0.5 1 1.37325 -0.486299
-4 -2 0.5 1 0.998844 -0.389285
-4 2 0.5 1 0.519641 -0.3244
-2 4 0.5 1 0.260741 -0.309369
7 2 3 1 -0.558261 0.0181895
7 -2 3 1 -0.526119 0.2377
7 2 0.5 1 -0.615466 -0.393724
7 -2 0.5 1 -0.654625 -0.68988
4 0 3.3 1 0.00447665 0.0559071
7 0 3.3 1 -0.539581 0.148945
