0 0 4.5 1 0.14962 0.22209
2 4 3 1 -0.201327 0.0765852
4 2 3 1 -0.121497 0.124702
4 -2 3 1 0.327489 0.197626
2 -4 3 1 0.55311 0.189672
-2 -4 3 1 0.490031 0.128884
-4 -2 3 1 0.33102 0.0917976
-4 2 3 1 0.0832241 0.0594464
-2 4 3 1 -0.0712963 0.0529799
2 4 0.5 1 -0.183068 -0.134737
4 2 0.5 1 -0.0970758 -0.143967
4 -2 0.5 1 0.363242 -0.11231
2 -4 0.5 1 0.587169 -0.0776378
-2 -4 0.5 1 0.51351 -0.0610318
-4 -2 0.5 1 0.349328 -0.0675519
-4 2 0.5 1 0.0982129 -0.0882404
-2 4 0.5 1 -0.0563964 -0.106851
7 2 3 1 -0.32191 0.188585
7 -2 3 1 0.32352 0.316582
7 2 0.5 1 -0.290709 -0.199221
7 -2 0.5 1 0.379153 -0.163491
4 0 3.3 1 0.0833278 0.192487
7 0 3.3 1 -0.0386318 0.295907
