0 0 4.5 1 -0.327749 0.289432
2 4 3 1 -0.578922 0.518463
4 2 3 1 0.230854 0.250699
4 -2 3 1 0.249885 0.0341563
2 -4 3 1 0.0518573 -0.0111271
-2 -4 3 1 -0.296156 -0.0121315
-4 -2 3 1 -0.584948 0.0223448
-4 2 3 1 -1.11864 0.157552
-2 4 3 1 -1.46933 0.365259
2 4 0.5 1 -0.747013 -0.503777
4 2 0.5 1 0.230154 -0.408885
4 -2 0.5 1 0.250708 -0.298047
2 -4 0.5 1 0.0433806 -0.263204
-2 -4 0.5 1 -0.318268 -0.240027
-4 -2 0.5 1 -0.624037 -0.237238
-4 2 0.5 1 -1.22659 -0.266218
-2 4 0.5 1 -1.7074 -0.348155
7 2 3 1 1.18504 0.316561
7 -2 3 1 0.690286 0.0403873
7 2 0.5 1 1.33836 -0.517418
7 -2 0.5 1 0.721273 -0.330758
4 0 3.3 1 0.243366 0.156149
7 0 3.3 1 0.839673 0.182953
