0 0 4.5 1 -0.24921 0.327405
2 4 3 1 -0.714285 0.29096
4 2 3 1 -0.384724 0.275981
4 -2 3 1 0.0926142 0.188066
2 -4 3 1 0.131268 0.151432
-2 -4 3 1 -0.0337853 0.143029
-4 -2 3 1 -0.206131 0.155993
-4 2 3 1 -0.488504 0.194902
-2 4 3 1 -0.675591 0.235523
2 4 0.5 1 -0.732146 -0.0407917
4 2 0.5 1 -0.411197 -0.088406
4 -2 0.5 1 0.0645462 -0.0916768
2 -4 0.5 1 0.109287 -0.0624724
-2 -4 0.5 1 -0.0492261 -0.0223927
-4 -2 0.5 1 -0.219336 -0.00235814
-4 2 0.5 1 -0.500729 0.0125785
-2 4 0.5 1 -0.688413 0.00744789
7 2 3 1 -0.258767 0.374386
7 -2 3 1 0.373171 0.218187
7 2 0.5 1 -0.30501 -0.208176
7 -2 0.5 1 0.327553 -0.174427
4 0 3.3 1 -0.111292 0.265017
7 0 3.3 1 0.124926 0.339025
