0 0 4.5 1 0.424096 0.405263
2 4 3 1 -0.0305162 0.261682
4 2 3 1 -0.0334765 0.309449
4 -2 3 1 0.477558 0.361084
2 -4 3 1 0.978216 0.316482
-2 -4 3 1 0.969396 0.223149
-4 -2 3 1 0.722031 0.19804
-4 2 3 1 0.375257 0.199547
-2 4 3 1 0.174531 0.216346
2 4 0.5 1 -0.047305 0.0354582
4 2 0.5 1 -0.0557208 0.00662466
4 -2 0.5 1 0.418285 -0.0874272
2 -4 0.5 1 0.894242 -0.122987
-2 -4 0.5 1 0.913538 -0.067565
-4 -2 0.5 1 0.686153 -0.0213575
-4 2 0.5 1 0.35348 0.0219306
-2 4 0.5 1 0.156849 0.0372711
7 2 3 1 -0.389933 0.405294
7 -2 3 1 0.163835 0.570312
7 2 0.5 1 -0.402944 -0.00636302
7 -2 0.5 1 0.0948142 -0.167211
4 0 3.3 1 0.175511 0.375644
7 0 3.3 1 -0.190397 0.531667
