0 0 4.5 1 0.0606829 0.64335
2 4 3 1 1.30994 0.704626
4 2 3 1 0.956352 0.45941
4 -2 3 1 0.423273 0.322077
2 -4 3 1 0.125801 0.284819
-2 -4 3 1 -0.276986 0.272898
-4 -2 3 1 -0.57917 0.300952
-4 2 3 1 -0.95984 0.505179
-2 4 3 1 -0.259867 0.904578
2 4 0.5 1 1.19119 -0.205672
4 2 0.5 1 0.915925 -0.0275757
4 -2 0.5 1 0.422019 0.0419093
2 -4 0.5 1 0.135612 0.0427919
-2 -4 0.5 1 -0.249803 0.00562412
-4 -2 0.5 1 -0.526487 -0.057657
-4 2 0.5 1 -0.803862 -0.281445
-2 4 0.5 1 -0.131613 -0.513528
7 2 3 1 1.32686 0.45056
7 -2 3 1 0.689323 0.327683
7 2 0.5 1 1.26812 0.0244145
7 -2 0.5 1 0.677803 0.0687594
4 0 3.3 1 0.618113 0.417265
7 0 3.3 1 0.93251 0.41478
