0 0 4.5 1 0.220628 0.427894
2 4 3 1 -0.161229 0.260547
4 2 3 1 -0.104879 0.311844
4 -2 3 1 0.379464 0.40155
2 -4 3 1 0.672789 0.396796
-2 -4 3 1 0.615747 0.323003
-4 -2 3 1 0.434451 0.279354
-4 2 3 1 0.160654 0.243342
-2 4 3 1 -0.00718504 0.23641
2 4 0.5 1 -0.140159 0.0433912
4 2 0.5 1 -0.0794664 0.0294061
4 -2 0.5 1 0.391494 0.0473539
2 -4 0.5 1 0.672977 0.0813861
-2 -4 0.5 1 0.617307 0.104749
-4 -2 0.5 1 0.439428 0.102237
-4 2 0.5 1 0.170072 0.0861886
-2 4 0.5 1 0.00601894 0.0701933
7 2 3 1 -0.36355 0.378575
7 -2 3 1 0.312544 0.550266
7 2 0.5 1 -0.315685 -0.0243454
7 -2 0.5 1 0.335716 -0.0165105
4 0 3.3 1 0.107698 0.390984
7 0 3.3 1 -0.0876431 0.510062
