0 0 4.5 1 0.115658 0.107813
2 4 3 1 -0.232293 -0.0180599
4 2 3 1 -0.135687 0.0255408
4 -2 3 1 0.304636 0.0746974
2 -4 3 1 0.501073 0.0578807
-2 -4 3 1 0.430328 0.00481399
-4 -2 3 1 0.277121 -0.0238692
-4 2 3 1 0.0362365 -0.0457245
-2 4 3 1 -0.114476 -0.0463219
2 4 0.5 1 -0.225271 -0.234343
4 2 0.5 1 -0.122887 -0.245726
4 -2 0.5 1 0.338772 -0.224397
2 -4 0.5 1 0.537509 -0.196077
-2 -4 0.5 1 0.454419 -0.178043
-4 -2 0.5 1 0.294036 -0.179981
-4 2 0.5 1 0.0469379 -0.193902
-2 4 0.5 1 -0.106379 -0.2088
7 2 3 1 -0.304573 0.0955474
7 -2 3 1 0.334345 0.181119
7 2 0.5 1 -0.29588 -0.298516
7 -2 0.5 1 0.389281 -0.274545
4 0 3.3 1 0.0708265 0.0814587
7 0 3.3 1 -0.0120042 0.182457
