0 0 4.5 1 -0.196973 0.134033
2 4 3 1 -0.619427 0.0865368
4 2 3 1 -0.359237 0.0827831
4 -2 3 1 0.097513 0.0168515
2 -4 3 1 0.161653 -0.0171854
-2 -4 3 1 0.0192543 -0.0286603
-4 -2 3 1 -0.141084 -0.019704
-4 2 3 1 -0.399836 0.0101391
-2 4 3 1 -0.56696 0.0413952
2 4 0.5 1 -0.663641 -0.205134
4 2 0.5 1 -0.400585 -0.249937
4 -2 0.5 1 0.0765667 -0.259101
2 -4 0.5 1 0.146865 -0.23155
-2 -4 0.5 1 0.00560557 -0.191823
-4 -2 0.5 1 -0.1564 -0.172336
-4 2 0.5 1 -0.421334 -0.158394
-2 4 0.5 1 -0.596679 -0.162997
7 2 3 1 -0.312819 0.165838
7 -2 3 1 0.325612 0.0517986
7 2 0.5 1 -0.37598 -0.358497
7 -2 0.5 1 0.304878 -0.344132
4 0 3.3 1 -0.10604 0.0816973
7 0 3.3 1 0.0549007 0.152317
