0 0 4.5 1 -0.376948 0.231841
2 4 3 1 -0.801619 0.39654
4 2 3 1 0.0440428 0.237299
4 -2 3 1 0.202892 0.0331926
2 -4 3 1 0.0400705 -0.0253537
-2 -4 3 1 -0.284691 -0.0497484
-4 -2 3 1 -0.559913 -0.0361107
-4 2 3 1 -1.06355 0.049734
-2 4 3 1 -1.41064 0.198387
2 4 0.5 1 -0.948468 -0.508817
4 2 0.5 1 0.0580932 -0.40291
4 -2 0.5 1 0.220588 -0.299337
2 -4 0.5 1 0.0450754 -0.275633
-2 -4 0.5 1 -0.294584 -0.270579
-4 -2 0.5 1 -0.58444 -0.281625
-4 2 0.5 1 -1.14114 -0.330605
-2 4 0.5 1 -1.5833 -0.411513
7 2 3 1 0.960901 0.392564
7 -2 3 1 0.647336 0.0735717
7 2 0.5 1 1.15301 -0.468926
7 -2 0.5 1 0.702726 -0.309945
4 0 3.3 1 0.145855 0.151572
7 0 3.3 1 0.736405 0.230509
