0 0 4.5 1 -0.0749576 0.459009
2 4 3 1 -0.12164 0.121133
4 2 3 1 -0.400376 0.170085
4 -2 3 1 -0.876534 0.339181
2 -4 3 1 -1.16055 0.60813
-2 -4 3 1 0.028224 0.835578
-4 -2 3 1 0.78273 0.412429
-4 2 3 1 0.533284 0.144886
-2 4 3 1 0.258503 0.105537
2 4 0.5 1 -0.145643 -0.109948
4 2 0.5 1 -0.431669 -0.0918112
4 -2 0.5 1 -0.940563 -0.0962444
2 -4 0.5 1 -1.28929 -0.170717
-2 -4 0.5 1 -0.099378 -0.446182
-4 -2 0.5 1 0.739978 -0.362979
-4 2 0.5 1 0.509089 -0.210781
-2 4 0.5 1 0.236814 -0.155958
7 2 3 1 -0.636891 0.176469
7 -2 3 1 -1.18174 0.325708
7 2 0.5 1 -0.66848 -0.0618637
7 -2 0.5 1 -1.24302 -0.0482385
4 0 3.3 1 -0.574243 0.272073
7 0 3.3 1 -0.843915 0.268851
