0 0 4.5 1 0.0886734 0.724396
2 4 3 1 -0.101553 0.325658
4 2 3 1 -0.398624 0.379325
4 -2 3 1 -0.898659 0.595206
2 -4 3 1 -1.05287 1.02043
-2 -4 3 1 1.17244 1.15671
-4 -2 3 1 1.26058 0.582142
-4 2 3 1 0.6493 0.340933
-2 4 3 1 0.314723 0.307953
2 4 0.5 1 -0.113533 0.0735671
4 2 0.5 1 -0.399907 0.075203
4 -2 0.5 1 -0.860569 0.0180425
2 -4 0.5 1 -0.956044 -0.150601
-2 -4 0.5 1 0.85446 -0.372568
-4 -2 0.5 1 1.08313 -0.166304
-4 2 0.5 1 0.595183 -0.0047517
-2 4 0.5 1 0.285953 0.0426473
7 2 3 1 -0.724191 0.391252
7 -2 3 1 -1.4534 0.598563
7 2 0.5 1 -0.711747 0.100259
7 -2 0.5 1 -1.37703 0.0670249
4 0 3.3 1 -0.571241 0.504456
7 0 3.3 1 -0.985127 0.512373
