0 0 4.5 1 0.234604 0.220641
2 4 3 1 1.13707 0.158651
4 2 3 1 0.823325 0.0501028
4 -2 3 1 0.385483 -0.0259217
2 -4 3 1 0.129309 -0.0475197
-2 -4 3 1 -0.199264 -0.0440684
-4 -2 3 1 -0.3771 -0.00337719
-4 2 3 1 -0.154824 0.183052
-2 4 3 1 0.762188 0.318024
2 4 0.5 1 1.26962 -0.369977
4 2 0.5 1 0.888965 -0.286692
4 -2 0.5 1 0.413821 -0.258829
2 -4 0.5 1 0.146914 -0.267729
-2 -4 0.5 1 -0.191993 -0.313455
-4 -2 0.5 1 -0.377746 -0.382855
-4 2 0.5 1 -0.127734 -0.580929
-2 4 0.5 1 0.944572 -0.625181
7 2 3 1 0.963983 0.0309848
7 -2 3 1 0.542367 -0.0305597
7 2 0.5 1 1.02448 -0.247474
7 -2 0.5 1 0.572261 -0.234004
4 0 3.3 1 0.560176 0.0367056
7 0 3.3 1 0.715802 0.0225109
