0 0 4.5 1 -0.412525 0.229824
2 4 3 1 -0.941436 0.32046
4 2 3 1 -0.111362 0.252176
4 -2 3 1 0.16005 0.0779933
2 -4 3 1 0.0311776 0.0128502
-2 -4 3 1 -0.268696 -0.0290952
-4 -2 3 1 -0.528887 -0.0324958
-4 2 3 1 -1.00288 0.0134478
-2 4 3 1 -1.34245 0.115735
2 4 0.5 1 -1.01685 -0.473778
4 2 0.5 1 -0.0840849 -0.35579
4 -2 0.5 1 0.188636 -0.24805
2 -4 0.5 1 0.0472724 -0.230837
-2 -4 0.5 1 -0.264966 -0.239378
-4 -2 0.5 1 -0.534329 -0.261279
-4 2 0.5 1 -1.03683 -0.325571
-2 4 0.5 1 -1.42471 -0.407177
7 2 3 1 0.73444 0.478663
7 -2 3 1 0.599524 0.148474
7 2 0.5 1 0.902007 -0.387066
7 -2 0.5 1 0.661928 -0.23939
4 0 3.3 1 0.0608453 0.186696
7 0 3.3 1 0.631945 0.310646
