0 0 4.5 1 -0.0140568 0.73604
2 4 3 1 1.19992 0.840725
4 2 3 1 0.974865 0.504108
4 -2 3 1 0.441557 0.360555
2 -4 3 1 0.136193 0.33579
-2 -4 3 1 -0.283846 0.347879
-4 -2 3 1 -0.615358 0.396245
-4 2 3 1 -1.1968 0.634081
-2 4 3 1 -1.01777 1.10351
2 4 0.5 1 0.956571 -0.290333
4 2 0.5 1 0.868496 -0.0641112
4 -2 0.5 1 0.413561 0.0560562
2 -4 0.5 1 0.127383 0.0817038
-2 -4 0.5 1 -0.271844 0.0787744
-4 -2 0.5 1 -0.578048 0.0447073
-4 2 0.5 1 -1.04092 -0.123958
-2 4 0.5 1 -0.775614 -0.408469
7 2 3 1 1.52436 0.471221
7 -2 3 1 0.767495 0.349549
7 2 0.5 1 1.37392 -0.0482696
7 -2 0.5 1 0.722968 0.0595973
4 0 3.3 1 0.631199 0.46172
7 0 3.3 1 1.04464 0.440957
