0 0 4.5 1 0.00558383 0.726527
2 4 3 1 1.25913 0.816115
4 2 3 1 0.979842 0.504634
4 -2 3 1 0.438954 0.36245
2 -4 3 1 0.133522 0.334041
-2 -4 3 1 -0.284639 0.339281
-4 -2 3 1 -0.61153 0.38188
-4 2 3 1 -1.15381 0.610878
-2 4 3 1 -0.830659 1.06854
2 4 0.5 1 1.03378 -0.262084
4 2 0.5 1 0.886562 -0.0446522
4 -2 0.5 1 0.417162 0.0628784
2 -4 0.5 1 0.129627 0.081869
-2 -4 0.5 1 -0.267505 0.0693117
-4 -2 0.5 1 -0.567429 0.0266489
-4 2 0.5 1 -0.986849 -0.160765
-2 4 0.5 1 -0.60968 -0.441375
7 2 3 1 1.47888 0.479785
7 -2 3 1 0.749794 0.3567
7 2 0.5 1 1.34882 -0.0160017
7 -2 0.5 1 0.712648 0.0737512
4 0 3.3 1 0.632596 0.462535
7 0 3.3 1 1.02004 0.447659
