0 0 4.5 1 0.270728 0.151114
2 4 3 1 1.02771 0.00830769
4 2 3 1 0.739884 -0.0567864
4 -2 3 1 0.338179 -0.0889882
2 -4 3 1 0.0995343 -0.0870997
-2 -4 3 1 -0.193603 -0.0525618
-4 -2 3 1 -0.311068 0.00608322
-4 2 3 1 0.0916919 0.152693
-2 4 3 1 0.873326 0.165638
2 4 0.5 1 1.10837 -0.42756
4 2 0.5 1 0.777225 -0.352841
4 -2 0.5 1 0.348419 -0.307398
2 -4 0.5 1 0.0995933 -0.300024
-2 -4 0.5 1 -0.208979 -0.320536
-4 -2 0.5 1 -0.341812 -0.371489
-4 2 0.5 1 0.0907808 -0.539106
-2 4 0.5 1 0.993382 -0.58791
7 2 3 1 0.828903 -0.0855552
7 -2 3 1 0.461528 -0.107051
7 2 0.5 1 0.863724 -0.32937
7 -2 0.5 1 0.474867 -0.295656
4 0 3.3 1 0.507247 -0.0466623
7 0 3.3 1 0.619841 -0.0732523
