0 0 4.5 1 0.29368 0.491364
2 4 3 1 -0.0724075 0.148888
4 2 3 1 -0.298574 0.165483
4 -2 3 1 -0.399363 0.330886
2 -4 3 1 0.411425 0.661919
-2 -4 3 1 1.63699 0.62334
-4 -2 3 1 1.19991 0.38744
-4 2 3 1 0.601363 0.226362
-2 4 3 1 0.295488 0.176119
2 4 0.5 1 -0.0472977 -0.0999038
4 2 0.5 1 -0.26358 -0.159705
4 -2 0.5 1 -0.325953 -0.336055
2 -4 0.5 1 0.509611 -0.490345
-2 -4 0.5 1 1.67875 -0.223549
-4 -2 0.5 1 1.22936 -0.0831182
-4 2 0.5 1 0.623161 -0.0438466
-2 4 0.5 1 0.316238 -0.0547071
7 2 3 1 -0.740551 0.135584
7 -2 3 1 -1.41971 0.294803
7 2 0.5 1 -0.697995 -0.216464
7 -2 0.5 1 -1.30866 -0.49587
4 0 3.3 1 -0.337264 0.272742
7 0 3.3 1 -0.956105 0.243776
