0 0 4.5 1 0.101424 0.740419
2 4 3 1 -0.101556 0.337009
4 2 3 1 -0.399399 0.38935
4 -2 3 1 -0.896866 0.606064
2 -4 3 1 -1.0216 1.04282
-2 -4 3 1 1.27318 1.16715
-4 -2 3 1 1.28746 0.594449
-4 2 3 1 0.65467 0.355368
-2 4 3 1 0.316803 0.321354
2 4 0.5 1 -0.111351 0.0829224
4 2 0.5 1 -0.396917 0.0813479
4 -2 0.5 1 -0.848127 0.0160578
2 -4 0.5 1 -0.906984 -0.162183
-2 -4 0.5 1 0.929593 -0.361499
-4 -2 0.5 1 1.10464 -0.147815
-4 2 0.5 1 0.600668 0.0105692
-2 4 0.5 1 0.289062 0.0555742
7 2 3 1 -0.733736 0.400128
7 -2 3 1 -1.48074 0.609168
7 2 0.5 1 -0.715988 0.103986
7 -2 0.5 1 -1.38742 0.0613146
4 0 3.3 1 -0.570598 0.515356
7 0 3.3 1 -0.999566 0.522542
