0 0 4.5 1 0.0429841 0.656948
2 4 3 1 -0.104012 0.276393
4 2 3 1 -0.396674 0.33246
4 -2 3 1 -0.896648 0.540972
2 -4 3 1 -1.12075 0.921304
-2 -4 3 1 0.811501 1.09292
-4 -2 3 1 1.14595 0.534158
-4 2 3 1 0.623546 0.285486
-2 4 3 1 0.303102 0.254272
2 4 0.5 1 -0.122162 0.0315714
4 2 0.5 1 -0.409772 0.0421565
4 -2 0.5 1 -0.894685 0.00907469
2 -4 0.5 1 -1.09532 -0.126143
-2 -4 0.5 1 0.584297 -0.40237
-4 -2 0.5 1 0.999288 -0.229083
-4 2 0.5 1 0.572934 -0.0622775
-2 4 0.5 1 0.272994 -0.00887994
7 2 3 1 -0.693331 0.34612
7 -2 3 1 -1.36182 0.542523
7 2 0.5 1 -0.69773 0.0727583
7 -2 0.5 1 -1.33877 0.0649161
4 0 3.3 1 -0.571523 0.452914
7 0 3.3 1 -0.936875 0.460939
