0 0 4.5 1 -0.0744513 0.701414
2 4 3 1 0.889617 0.864415
4 2 3 1 0.905466 0.463975
4 -2 3 1 0.431352 0.313061
2 -4 3 1 0.135739 0.296747
-2 -4 3 1 -0.278765 0.325419
-4 -2 3 1 -0.611382 0.387222
-4 2 3 1 -1.24545 0.638551
-2 4 3 1 -1.39441 1.09933
2 4 0.5 1 0.66844 -0.373232
4 2 0.5 1 0.788616 -0.145644
4 -2 0.5 1 0.392601 0.000825106
2 -4 0.5 1 0.115551 0.0426093
-2 -4 0.5 1 -0.283011 0.0648682
-4 -2 0.5 1 -0.600158 0.0548864
-4 2 0.5 1 -1.15956 -0.0527048
-2 4 0.5 1 -1.20212 -0.307429
7 2 3 1 1.6003 0.407581
7 -2 3 1 0.794753 0.287215
7 2 0.5 1 1.4268 -0.176089
7 -2 0.5 1 0.739808 -0.0180823
4 0 3.3 1 0.597266 0.41664
7 0 3.3 1 1.07813 0.379473
