0 0 4.5 1 0.220553 0.255536
2 4 3 1 1.15903 0.213628
4 2 3 1 0.838595 0.093522
4 -2 3 1 0.392071 0.00737711
2 -4 3 1 0.132175 -0.0192135
-2 -4 3 1 -0.204056 -0.022514
-4 -2 3 1 -0.396137 0.01335
-4 2 3 1 -0.228348 0.203714
-2 4 3 1 0.712373 0.37101
2 4 0.5 1 1.29069 -0.33988
4 2 0.5 1 0.904483 -0.253067
4 -2 0.5 1 0.422096 -0.228101
2 -4 0.5 1 0.152489 -0.239962
-2 -4 0.5 1 -0.191555 -0.290216
-4 -2 0.5 1 -0.388263 -0.362963
-4 2 0.5 1 -0.19375 -0.568752
-2 4 0.5 1 0.890213 -0.618883
7 2 3 1 0.994388 0.077432
7 -2 3 1 0.557736 0.00612175
7 2 0.5 1 1.05498 -0.209806
7 -2 0.5 1 0.588686 -0.200376
4 0 3.3 1 0.568137 0.074569
7 0 3.3 1 0.735615 0.0637835
