0 0 4.5 1 -0.308527 0.345337
2 4 3 1 -0.0828587 0.123606
4 2 3 1 -0.308295 0.101318
4 -2 3 1 -0.688308 0.0985333
2 -4 3 1 -0.969339 0.134433
-2 -4 3 1 -0.935743 0.290068
-4 -2 3 1 -0.232242 0.357784
-4 2 3 1 0.267183 0.255417
-2 4 3 1 0.186077 0.184664
2 4 0.5 1 -0.0628093 -0.0748079
4 2 0.5 1 -0.287604 -0.0975063
4 -2 0.5 1 -0.660204 -0.15904
2 -4 0.5 1 -0.92826 -0.229786
-2 -4 0.5 1 -0.866506 -0.32752
-4 -2 0.5 1 -0.169214 -0.255865
-4 2 0.5 1 0.301842 -0.104712
-2 4 0.5 1 0.210966 -0.0708573
7 2 3 1 -0.410293 0.0740055
7 -2 3 1 -0.74718 0.0650679
7 2 0.5 1 -0.392341 -0.0962259
7 -2 0.5 1 -0.723922 -0.146475
4 0 3.3 1 -0.476638 0.127126
7 0 3.3 1 -0.562893 0.0927236
