0 0 4.5 1 0.432142 0.348967
2 4 3 1 -0.0234544 0.20938
4 2 3 1 -0.037502 0.256648
4 -2 3 1 0.461067 0.305931
2 -4 3 1 0.994344 0.257714
-2 -4 3 1 1.00539 0.161317
-4 -2 3 1 0.750109 0.138295
-4 2 3 1 0.393842 0.143698
-2 4 3 1 0.188913 0.162588
2 4 0.5 1 -0.0437687 -0.015904
4 2 0.5 1 -0.0643553 -0.0456003
4 -2 0.5 1 0.403789 -0.154056
2 -4 0.5 1 0.918952 -0.203146
-2 -4 0.5 1 0.955164 -0.142065
-4 -2 0.5 1 0.716861 -0.0876196
-4 2 0.5 1 0.372067 -0.0361321
-2 4 0.5 1 0.16987 -0.0171083
7 2 3 1 -0.403034 0.352365
7 -2 3 1 0.096082 0.517613
7 2 0.5 1 -0.428171 -0.0534933
7 -2 0.5 1 0.0233278 -0.234793
4 0 3.3 1 0.163878 0.321204
7 0 3.3 1 -0.224781 0.475828
