0 0 4.5 1 -0.196207 0.265891
2 4 3 1 -0.12875 -0.0325998
4 2 3 1 -0.392859 -0.0121217
4 -2 3 1 -0.840493 0.085015
2 -4 3 1 -1.14024 0.244937
-2 -4 3 1 -0.560978 0.499912
-4 -2 3 1 0.339289 0.308331
-4 2 3 1 0.425997 0.0504325
-2 4 3 1 0.217463 -0.0136581
2 4 0.5 1 -0.140869 -0.257787
4 2 0.5 1 -0.418428 -0.255466
4 -2 0.5 1 -0.91181 -0.280224
2 -4 0.5 1 -1.29498 -0.344374
-2 -4 0.5 1 -0.715972 -0.515245
-4 -2 0.5 1 0.36875 -0.450305
-4 2 0.5 1 0.445997 -0.321048
-2 4 0.5 1 0.220914 -0.281596
7 2 3 1 -0.573604 -0.0259292
7 -2 3 1 -1.02526 0.0500409
7 2 0.5 1 -0.603693 -0.241411
7 -2 0.5 1 -1.09563 -0.25581
4 0 3.3 1 -0.567697 0.0597754
7 0 3.3 1 -0.755495 0.0342808
