0 0 4.5 1 0.396707 0.183804
2 4 3 1 -0.0248491 -0.0694986
4 2 3 1 -0.172069 -0.036662
4 -2 3 1 0.0513293 0.109065
2 -4 3 1 0.919568 0.243034
-2 -4 3 1 1.41113 0.132601
-4 -2 3 1 1.05427 0.024862
-4 2 3 1 0.559073 -0.0511036
-2 4 3 1 0.289552 -0.0718118
2 4 0.5 1 -0.0158195 -0.321961
4 2 0.5 1 -0.169024 -0.376643
4 -2 0.5 1 0.0851286 -0.549292
2 -4 0.5 1 1.11729 -0.652957
-2 -4 0.5 1 1.58916 -0.44319
-4 -2 0.5 1 1.14013 -0.337793
-4 2 0.5 1 0.593248 -0.290437
-2 4 0.5 1 0.309881 -0.290185
7 2 3 1 -0.623328 -0.0277486
7 -2 3 1 -0.865359 0.186026
7 2 0.5 1 -0.653199 -0.431398
7 -2 0.5 1 -0.982461 -0.763315
4 0 3.3 1 -0.095662 0.0631507
7 0 3.3 1 -0.692965 0.0992981
