0 0 4.5 1 -0.284311 0.255875
2 4 3 1 -0.0971617 0.0153974
4 2 3 1 -0.33455 -0.00126341
4 -2 3 1 -0.737334 0.0122061
2 -4 3 1 -1.03156 0.0719257
-2 -4 3 1 -0.884381 0.271479
-4 -2 3 1 -0.0876291 0.302524
-4 2 3 1 0.313233 0.150081
-2 4 3 1 0.194454 0.0736443
2 4 0.5 1 -0.0818573 -0.191011
4 2 0.5 1 -0.324295 -0.213511
4 -2 0.5 1 -0.73597 -0.276515
2 -4 0.5 1 -1.0432 -0.353839
-2 -4 0.5 1 -0.892824 -0.460251
-4 -2 0.5 1 -0.0359047 -0.364065
-4 2 0.5 1 0.357036 -0.213709
-2 4 0.5 1 0.222004 -0.185186
7 2 3 1 -0.457133 -0.0299028
7 -2 3 1 -0.825272 -0.0270882
7 2 0.5 1 -0.450718 -0.213475
7 -2 0.5 1 -0.826411 -0.265204
4 0 3.3 1 -0.506703 0.0329767
7 0 3.3 1 -0.618315 -0.00440398
