0 0 4.5 1 -0.0427448 0.0631219
2 4 3 1 0.239608 -0.0985882
4 2 3 1 0.0660354 -0.105557
4 -2 3 1 -0.201656 -0.095505
2 -4 3 1 -0.376194 -0.0745393
-2 -4 3 1 -0.492604 -0.0218666
-4 -2 3 1 -0.296143 0.0126159
-4 2 3 1 0.261067 -0.0144319
-2 4 3 1 0.386062 -0.0605356
2 4 0.5 1 0.243215 -0.29166
4 2 0.5 1 0.0635708 -0.276033
4 -2 0.5 1 -0.213165 -0.270797
2 -4 0.5 1 -0.396662 -0.280425
-2 -4 0.5 1 -0.529625 -0.322848
-4 -2 0.5 1 -0.328579 -0.366828
-4 2 0.5 1 0.269347 -0.371989
-2 4 0.5 1 0.398958 -0.334888
7 2 3 1 0.0362891 -0.119455
7 -2 3 1 -0.187758 -0.111409
7 2 0.5 1 0.0334275 -0.261976
7 -2 0.5 1 -0.19692 -0.25728
4 0 3.3 1 -0.0650879 -0.0806009
7 0 3.3 1 -0.0736932 -0.0986954
