0 0 4.5 1 -0.125116 0.0122442
2 4 3 1 -0.511315 -0.0748501
4 2 3 1 -0.308599 -0.0530131
4 -2 3 1 0.138515 -0.0681546
2 -4 3 1 0.234399 -0.0954238
-2 -4 3 1 0.114183 -0.121738
-4 -2 3 1 -0.0386707 -0.128601
-4 2 3 1 -0.283676 -0.124274
-2 4 3 1 -0.44003 -0.110607
2 4 0.5 1 -0.53849 -0.342079
4 2 0.5 1 -0.327911 -0.367115
4 -2 0.5 1 0.146413 -0.349171
2 -4 0.5 1 0.244867 -0.318063
-2 -4 0.5 1 0.118026 -0.288889
-4 -2 0.5 1 -0.0397771 -0.281489
-4 2 0.5 1 -0.292707 -0.28645
-2 4 0.5 1 -0.456623 -0.301689
7 2 3 1 -0.335619 0.0242419
7 -2 3 1 0.312099 -0.00893645
7 2 0.5 1 -0.368539 -0.460211
7 -2 0.5 1 0.338156 -0.418872
4 0 3.3 1 -0.072517 -0.0276156
7 0 3.3 1 0.013828 0.0547377
