0 0 4.5 1 0.00751451 0.0959084
2 4 3 1 0.323419 -0.0379269
4 2 3 1 0.151457 -0.0626307
4 -2 3 1 -0.113277 -0.0771163
2 -4 3 1 -0.285591 -0.0714417
-2 -4 3 1 -0.420039 -0.0293039
-4 -2 3 1 -0.269394 0.0243841
-4 2 3 1 0.284823 0.0559772
-2 4 3 1 0.450484 0.0195016
2 4 0.5 1 0.34454 -0.234293
4 2 0.5 1 0.164696 -0.232696
4 -2 0.5 1 -0.107732 -0.246644
2 -4 0.5 1 -0.284917 -0.266381
-2 -4 0.5 1 -0.425505 -0.309184
-4 -2 0.5 1 -0.267127 -0.334688
-4 2 0.5 1 0.321916 -0.305508
-2 4 0.5 1 0.487409 -0.263324
7 2 3 1 0.131555 -0.0803307
7 -2 3 1 -0.0898188 -0.0923679
7 2 0.5 1 0.142088 -0.222226
7 -2 0.5 1 -0.0846398 -0.233888
4 0 3.3 1 0.0176389 -0.0501558
7 0 3.3 1 0.0196984 -0.0698037
