0 0 4.5 1 -0.150937 0.0286852
2 4 3 1 -0.548585 -0.044469
4 2 3 1 -0.328874 -0.03096
4 -2 3 1 0.121245 -0.0641209
2 -4 3 1 0.207035 -0.0943088
-2 -4 3 1 0.079763 -0.115352
-4 -2 3 1 -0.0753488 -0.116429
-4 2 3 1 -0.324268 -0.103014
-2 4 3 1 -0.483435 -0.0833502
2 4 0.5 1 -0.586106 -0.319721
4 2 0.5 1 -0.359302 -0.351901
4 -2 0.5 1 0.11872 -0.34492
2 -4 0.5 1 0.208629 -0.315369
-2 -4 0.5 1 0.0769835 -0.281942
-4 -2 0.5 1 -0.0823675 -0.269811
-4 2 0.5 1 -0.339521 -0.267636
-2 4 0.5 1 -0.507499 -0.278953
7 2 3 1 -0.333939 0.0482508
7 -2 3 1 0.312064 -0.0133493
7 2 0.5 1 -0.38243 -0.450424
7 -2 0.5 1 0.323241 -0.421311
4 0 3.3 1 -0.0872878 -0.0148451
7 0 3.3 1 0.0219554 0.0635567
