0 0 4.5 1 0.290772 0.24041
2 4 3 1 0.898269 0.0440727
4 2 3 1 0.637688 0.0115511
4 -2 3 1 0.277378 0.0136904
2 -4 3 1 0.0613362 0.0348094
-2 -4 3 1 -0.189043 0.0936999
-4 -2 3 1 -0.242586 0.160722
-4 2 3 1 0.283692 0.245425
-2 4 3 1 0.896072 0.178749
2 4 0.5 1 0.891336 -0.295511
4 2 0.5 1 0.627577 -0.233964
4 -2 0.5 1 0.263804 -0.180247
2 -4 0.5 1 0.0442367 -0.160834
-2 -4 0.5 1 -0.216455 -0.160225
-4 -2 0.5 1 -0.282755 -0.195166
-4 2 0.5 1 0.242682 -0.333855
-2 4 0.5 1 0.88432 -0.385817
7 2 3 1 0.684364 -0.0192862
7 -2 3 1 0.368269 -0.0120113
7 2 0.5 1 0.676821 -0.221184
7 -2 0.5 1 0.357899 -0.177678
4 0 3.3 1 0.438223 0.0382532
7 0 3.3 1 0.512106 0.00619395
