0 0 4.5 1 -0.249973 0.520159
2 4 3 1 0.00864077 0.300657
4 2 3 1 -0.198387 0.294835
4 -2 3 1 -0.534402 0.310135
2 -4 3 1 -0.773717 0.343835
-2 -4 3 1 -0.847432 0.435781
-4 -2 3 1 -0.361659 0.469615
-4 2 3 1 0.247483 0.389586
-2 4 3 1 0.239922 0.33653
2 4 0.5 1 0.0096341 0.10495
4 2 0.5 1 -0.190043 0.107669
4 -2 0.5 1 -0.510391 0.088597
2 -4 0.5 1 -0.729408 0.0541108
-2 -4 0.5 1 -0.771327 -0.0282212
-4 -2 0.5 1 -0.323517 -0.0507917
-4 2 0.5 1 0.233029 0.0261719
-2 4 0.5 1 0.229766 0.0743602
7 2 3 1 -0.269885 0.279641
7 -2 3 1 -0.556384 0.289841
7 2 0.5 1 -0.260637 0.121268
7 -2 0.5 1 -0.535783 0.107537
4 0 3.3 1 -0.353828 0.327279
7 0 3.3 1 -0.404647 0.305482
