0 0 4.5 1 0.0656121 0.0365767
2 4 3 1 -0.28857 -0.0605722
4 2 3 1 -0.169659 -0.0268201
4 -2 3 1 0.267643 -0.0158701
2 -4 3 1 0.434444 -0.0452016
-2 -4 3 1 0.351183 -0.08732
-4 -2 3 1 0.200734 -0.102777
-4 2 3 1 -0.0362746 -0.106371
-2 4 3 1 -0.18452 -0.0962463
2 4 0.5 1 -0.300712 -0.284963
4 2 0.5 1 -0.178134 -0.304499
4 -2 0.5 1 0.28453 -0.308475
2 -4 0.5 1 0.456663 -0.289749
-2 -4 0.5 1 0.364275 -0.265392
-4 -2 0.5 1 0.207448 -0.257321
-4 2 0.5 1 -0.0368139 -0.25665
-2 4 0.5 1 -0.190044 -0.263388
7 2 3 1 -0.302688 0.0525186
7 -2 3 1 0.337655 0.0750681
7 2 0.5 1 -0.32641 -0.354704
7 -2 0.5 1 0.369873 -0.365112
4 0 3.3 1 0.0429534 0.0106394
7 0 3.3 1 0.00512196 0.109634
