0 0 4.5 1 0.288992 0.223836
2 4 3 1 0.909785 0.0305664
4 2 3 1 0.646717 -0.00405881
4 -2 3 1 0.282653 -0.00400956
2 -4 3 1 0.0645628 0.0159161
-2 -4 3 1 -0.189721 0.0732525
-4 -2 3 1 -0.249234 0.139903
-4 2 3 1 0.267242 0.229863
-2 4 3 1 0.895677 0.167818
2 4 0.5 1 0.910311 -0.317407
4 2 0.5 1 0.640653 -0.254138
4 -2 0.5 1 0.270905 -0.200174
2 -4 0.5 1 0.0485131 -0.181245
-2 -4 0.5 1 -0.216995 -0.181759
-4 -2 0.5 1 -0.289846 -0.217695
-4 2 0.5 1 0.230208 -0.35946
-2 4 0.5 1 0.895752 -0.412679
7 2 3 1 0.696948 -0.0350231
7 -2 3 1 0.376412 -0.0293778
7 2 0.5 1 0.692984 -0.24071
7 -2 0.5 1 0.367925 -0.197142
4 0 3.3 1 0.444294 0.0217314
7 0 3.3 1 0.52153 -0.010183
