0 0 4.5 1 -0.0472095 0.125064
2 4 3 1 -0.401141 0.00258437
4 2 3 1 -0.247375 0.0428416
4 -2 3 1 0.189646 0.0770741
2 -4 3 1 0.317207 0.0602984
-2 -4 3 1 0.218293 0.0197758
-4 -2 3 1 0.0718801 -0.00304859
-4 2 3 1 -0.161894 -0.0225832
-2 4 3 1 -0.310914 -0.0240278
2 4 0.5 1 -0.388677 -0.231614
4 2 0.5 1 -0.228338 -0.239611
4 -2 0.5 1 0.218932 -0.195409
2 -4 0.5 1 0.343467 -0.160504
-2 -4 0.5 1 0.236196 -0.143697
-4 -2 0.5 1 0.0859061 -0.149106
-4 2 0.5 1 -0.150769 -0.171457
-2 4 0.5 1 -0.300459 -0.194728
7 2 3 1 -0.337893 0.112121
7 -2 3 1 0.310611 0.159373
7 2 0.5 1 -0.312545 -0.313598
7 -2 0.5 1 0.358788 -0.24409
4 0 3.3 1 -0.0282073 0.0926013
7 0 3.3 1 -0.0102299 0.183995
