0 0 4.5 1 0.0345824 0.19396
2 4 3 1 0.373213 0.0736405
4 2 3 1 0.200224 0.0390982
4 -2 3 1 -0.0647159 0.0120695
2 -4 3 1 -0.237013 0.010292
-2 -4 3 1 -0.384482 0.0465251
-4 -2 3 1 -0.262091 0.108159
-4 2 3 1 0.294315 0.172282
-2 4 3 1 0.489756 0.142482
2 4 0.5 1 0.397794 -0.124949
4 2 0.5 1 0.21853 -0.130112
4 -2 0.5 1 -0.0507698 -0.152614
2 -4 0.5 1 -0.224037 -0.176262
-2 -4 0.5 1 -0.369433 -0.218436
-4 -2 0.5 1 -0.238662 -0.236705
-4 2 0.5 1 0.337367 -0.193045
-2 4 0.5 1 0.52886 -0.147434
7 2 3 1 0.186535 0.0197215
7 -2 3 1 -0.0349139 -0.00243919
7 2 0.5 1 0.201579 -0.121135
7 -2 0.5 1 -0.0229076 -0.140145
4 0 3.3 1 0.0639322 0.0450938
7 0 3.3 1 0.0728697 0.0249927
