0 0 4.5 1 -0.12039 0.322275
2 4 3 1 0.124373 0.123203
4 2 3 1 -0.0581325 0.133964
4 -2 3 1 -0.343611 0.169972
2 -4 3 1 -0.53536 0.209523
-2 -4 3 1 -0.628249 0.276388
-4 -2 3 1 -0.322756 0.280334
-4 2 3 1 0.253571 0.186292
-2 4 3 1 0.309259 0.138438
2 4 0.5 1 0.10562 -0.0592674
4 2 0.5 1 -0.0739189 -0.0340173
4 -2 0.5 1 -0.35847 -0.0153908
2 -4 0.5 1 -0.551595 -0.0196298
-2 -4 0.5 1 -0.651396 -0.0732368
-4 -2 0.5 1 -0.35657 -0.138521
-4 2 0.5 1 0.21669 -0.153183
-2 4 0.5 1 0.281206 -0.113026
7 2 3 1 -0.106437 0.125855
7 -2 3 1 -0.346455 0.154926
7 2 0.5 1 -0.119387 -0.0153729
7 -2 0.5 1 -0.358732 0.00161177
4 0 3.3 1 -0.192048 0.172441
7 0 3.3 1 -0.220039 0.157583
