0 0 4.5 1 0.278253 0.48506
2 4 3 1 0.77437 0.285084
4 2 3 1 0.537341 0.255622
4 -2 3 1 0.207612 0.256085
2 -4 3 1 0.00608513 0.276661
-2 -4 3 1 -0.212554 0.338971
-4 -2 3 1 -0.204896 0.409846
-4 2 3 1 0.41055 0.474927
-2 4 3 1 0.865153 0.399828
2 4 0.5 1 0.725583 0.00545777
4 2 0.5 1 0.506762 0.0407785
4 -2 0.5 1 0.189923 0.0730211
2 -4 0.5 1 -0.00710733 0.0840711
-2 -4 0.5 1 -0.222429 0.0788216
-4 -2 0.5 1 -0.218865 0.0482469
-4 2 0.5 1 0.348673 -0.0361182
-2 4 0.5 1 0.782495 -0.0491786
7 2 3 1 0.553558 0.227573
7 -2 3 1 0.273421 0.231555
7 2 0.5 1 0.52794 0.05108
7 -2 0.5 1 0.257031 0.0770881
4 0 3.3 1 0.361811 0.280346
7 0 3.3 1 0.406431 0.249991
