0 0 4.5 1 -0.346798 0.263055
2 4 3 1 -0.66735 0.472349
4 2 3 1 0.162517 0.242772
4 -2 3 1 0.232802 0.0278701
2 -4 3 1 0.0469075 -0.0226386
-2 -4 3 1 -0.293399 -0.0320567
-4 -2 3 1 -0.577709 -0.00492049
-4 2 3 1 -1.10083 0.11259
-2 4 3 1 -1.45058 0.298482
2 4 0.5 1 -0.835525 -0.508795
4 2 0.5 1 0.167728 -0.412097
4 -2 0.5 1 0.23997 -0.305427
2 -4 0.5 1 0.0431071 -0.274755
-2 -4 0.5 1 -0.31181 -0.257955
-4 -2 0.5 1 -0.612838 -0.259937
-4 2 0.5 1 -1.20131 -0.295643
-2 4 0.5 1 -1.67234 -0.376212
7 2 3 1 1.10873 0.340275
7 -2 3 1 0.675863 0.0457948
7 2 0.5 1 1.28446 -0.507089
7 -2 0.5 1 0.717085 -0.330877
4 0 3.3 1 0.207967 0.149516
7 0 3.3 1 0.804259 0.194391
