0 0 4.5 1 -0.0557284 0.720469
2 4 3 1 1.00163 0.864545
4 2 3 1 0.934827 0.480591
4 -2 3 1 0.437416 0.33268
2 -4 3 1 0.137528 0.314397
-2 -4 3 1 -0.280113 0.33895
-4 -2 3 1 -0.614058 0.397527
-4 2 3 1 -1.24104 0.647261
-2 4 3 1 -1.31114 1.11734
2 4 0.5 1 0.763928 -0.34982
4 2 0.5 1 0.816708 -0.118668
4 -2 0.5 1 0.400612 0.0219098
2 -4 0.5 1 0.120138 0.0595772
-2 -4 0.5 1 -0.279549 0.0750725
-4 -2 0.5 1 -0.594513 0.0583562
-4 2 0.5 1 -1.12996 -0.0675664
-2 4 0.5 1 -1.08582 -0.336709
7 2 3 1 1.58755 0.430593
7 -2 3 1 0.790726 0.310891
7 2 0.5 1 1.41431 -0.134355
7 -2 0.5 1 0.73696 0.00959115
4 0 3.3 1 0.612192 0.435524
7 0 3.3 1 1.07456 0.402733
