0 0 4.5 1 0.253052 0.176934
2 4 3 1 1.09676 0.0808433
4 2 3 1 0.793614 -0.00929782
4 -2 3 1 0.369953 -0.067611
2 -4 3 1 0.120244 -0.079968
-2 -4 3 1 -0.194958 -0.0640961
-4 -2 3 1 -0.348722 -0.0153824
-4 2 3 1 -0.0449984 0.159412
-2 4 3 1 0.823126 0.24186
2 4 0.5 1 1.21732 -0.409765
4 2 0.5 1 0.852379 -0.330452
4 -2 0.5 1 0.392804 -0.295854
2 -4 0.5 1 0.13169 -0.29859
-2 -4 0.5 1 -0.197035 -0.334924
-4 -2 0.5 1 -0.362999 -0.397438
-4 2 0.5 1 -0.0287484 -0.582681
-2 4 0.5 1 0.994995 -0.624919
7 2 3 1 0.911706 -0.0330553
7 -2 3 1 0.512953 -0.0780033
7 2 0.5 1 0.965961 -0.297939
7 -2 0.5 1 0.538168 -0.276317
4 0 3.3 1 0.542537 -0.0130102
7 0 3.3 1 0.679901 -0.0327583
