0 0 4.5 1 0.113526 0.102372
2 4 3 1 -0.234553 -0.0222281
4 2 3 1 -0.136908 0.0210162
4 -2 3 1 0.303159 0.0685193
2 -4 3 1 0.498076 0.0511004
-2 -4 3 1 0.42679 -0.00149295
-4 -2 3 1 0.273786 -0.0296014
-4 2 3 1 0.0331528 -0.0506855
-2 4 3 1 -0.117411 -0.0508339
2 4 0.5 1 -0.228366 -0.238922
4 2 0.5 1 -0.125004 -0.25057
4 -2 0.5 1 0.336816 -0.230213
2 -4 0.5 1 0.534223 -0.202344
-2 -4 0.5 1 0.450619 -0.184102
-4 -2 0.5 1 0.290398 -0.18564
-4 2 0.5 1 0.0434363 -0.198982
-2 4 0.5 1 -0.109872 -0.213559
7 2 3 1 -0.304031 0.0914794
7 -2 3 1 0.334811 0.174251
7 2 0.5 1 -0.296846 -0.3032
7 -2 0.5 1 0.389181 -0.280498
4 0 3.3 1 0.0698339 0.0761355
7 0 3.3 1 -0.010793 0.17707
