0 0 4.5 1 -0.0690225 0.1088
2 4 3 1 0.195667 -0.0662662
4 2 3 1 0.0211316 -0.0643371
4 -2 3 1 -0.24847 -0.0417516
2 -4 3 1 -0.425048 -0.012762
-2 -4 3 1 -0.532293 0.0446424
-4 -2 3 1 -0.308382 0.066535
-4 2 3 1 0.250123 0.00969882
-2 4 3 1 0.352876 -0.0388053
2 4 0.5 1 0.188401 -0.25443
4 2 0.5 1 0.0103367 -0.232341
4 -2 0.5 1 -0.266808 -0.217759
2 -4 0.5 1 -0.452443 -0.222266
-2 -4 0.5 1 -0.578125 -0.265269
-4 -2 0.5 1 -0.352748 -0.319772
-4 2 0.5 1 0.239294 -0.340019
-2 4 0.5 1 0.348737 -0.304183
7 2 3 1 -0.0140083 -0.0756983
7 -2 3 1 -0.239826 -0.0573739
7 2 0.5 1 -0.0237524 -0.216309
7 -2 0.5 1 -0.254835 -0.203547
4 0 3.3 1 -0.108713 -0.0332575
7 0 3.3 1 -0.123185 -0.0499176
