0 0 4.5 1 0.2279 0.440795
2 4 3 1 -0.157395 0.272507
4 2 3 1 -0.102745 0.323905
4 -2 3 1 0.384949 0.413681
2 -4 3 1 0.684547 0.408431
-2 -4 3 1 0.627805 0.333637
-4 -2 3 1 0.44421 0.289924
-4 2 3 1 0.167775 0.254374
-2 4 3 1 -0.00136849 0.24788
2 4 0.5 1 -0.136934 0.054366
4 2 0.5 1 -0.0781981 0.0397502
4 -2 0.5 1 0.394033 0.055111
2 -4 0.5 1 0.680837 0.0882878
-2 -4 0.5 1 0.62678 0.112549
-4 -2 0.5 1 0.447487 0.110964
-4 2 0.5 1 0.176186 0.0960982
-2 4 0.5 1 0.0110753 0.0807558
7 2 3 1 -0.365999 0.391568
7 -2 3 1 0.312406 0.565173
7 2 0.5 1 -0.318137 -0.013398
7 -2 0.5 1 0.331757 -0.00995922
4 0 3.3 1 0.110752 0.403439
7 0 3.3 1 -0.0906681 0.524329
