0 0 4.5 1 -0.268489 0.231502
2 4 3 1 -0.104329 -0.0219567
4 2 3 1 -0.348411 -0.0325483
4 -2 3 1 -0.762813 -0.00472743
2 -4 3 1 -1.06145 0.0727555
-2 -4 3 1 -0.840206 0.292562
-4 -2 3 1 -0.00431981 0.288752
-4 2 3 1 0.338433 0.107887
-2 4 3 1 0.199971 0.0308813
2 4 0.5 1 -0.094047 -0.233719
4 2 0.5 1 -0.345972 -0.252903
4 -2 0.5 1 -0.778961 -0.311345
2 -4 0.5 1 -1.10748 -0.388441
-2 -4 0.5 1 -0.893989 -0.502201
-4 -2 0.5 1 0.0421823 -0.404218
-4 2 0.5 1 0.382122 -0.259593
-2 4 0.5 1 0.225153 -0.231314
7 2 3 1 -0.482856 -0.0600374
7 -2 3 1 -0.868523 -0.0456292
7 2 0.5 1 -0.484675 -0.251628
7 -2 0.5 1 -0.885897 -0.299251
4 0 3.3 1 -0.522103 0.00861484
7 0 3.3 1 -0.648605 -0.0285611
