0 0 4.5 1 -0.464791 0.417075
2 4 3 1 -1.07627 0.369671
4 2 3 1 -0.402993 0.401602
4 -2 3 1 0.0658408 0.305539
2 -4 3 1 0.0132621 0.246804
-2 -4 3 1 -0.231189 0.196749
-4 -2 3 1 -0.456754 0.18015
-4 2 3 1 -0.858429 0.186196
-2 4 3 1 -1.15585 0.229174
2 4 0.5 1 -0.973927 -0.189144
4 2 0.5 1 -0.339552 -0.118811
4 -2 0.5 1 0.0911626 -0.00969066
2 -4 0.5 1 0.0332044 0.0137446
-2 -4 0.5 1 -0.210645 0.00725515
-4 -2 0.5 1 -0.431617 -0.014203
-4 2 0.5 1 -0.815758 -0.0705486
-2 4 0.5 1 -1.08641 -0.131007
7 2 3 1 0.165789 0.670618
7 -2 3 1 0.480066 0.404926
7 2 0.5 1 0.224157 -0.175941
7 -2 0.5 1 0.497444 -0.0061839
4 0 3.3 1 -0.114599 0.390617
7 0 3.3 1 0.374851 0.561149
