0 0 4.5 1 0.00881677 0.723831
2 4 3 1 1.26655 0.811216
4 2 3 1 0.979829 0.503899
4 -2 3 1 0.438292 0.36193
2 -4 3 1 0.133016 0.332918
-2 -4 3 1 -0.284632 0.337021
-4 -2 3 1 -0.610527 0.378655
-4 2 3 1 -1.14525 0.606095
-2 4 3 1 -0.797772 1.06119
2 4 0.5 1 1.04546 -0.257657
4 2 0.5 1 0.889117 -0.0420296
4 -2 0.5 1 0.417619 0.0632973
2 -4 0.5 1 0.129956 0.0811663
-2 -4 0.5 1 -0.266708 0.0670194
-4 -2 0.5 1 -0.56547 0.0229662
-4 2 0.5 1 -0.977245 -0.167315
-2 4 0.5 1 -0.581635 -0.446523
7 2 3 1 1.47064 0.480295
7 -2 3 1 0.746549 0.357014
7 2 0.5 1 1.34438 -0.0114686
7 -2 0.5 1 0.710765 0.0753235
4 0 3.3 1 0.632391 0.461808
7 0 3.3 1 1.01547 0.447861
