0 0 4.5 1 -0.277981 0.509241
2 4 3 1 -0.0194364 0.290097
4 2 3 1 -0.23074 0.278829
4 -2 3 1 -0.576927 0.286871
2 -4 3 1 -0.826639 0.317895
-2 -4 3 1 -0.88961 0.418878
-4 -2 3 1 -0.358464 0.46534
-4 2 3 1 0.242542 0.389497
-2 4 3 1 0.220207 0.333261
2 4 0.5 1 -0.0119801 0.0933509
4 2 0.5 1 -0.216354 0.0891595
4 -2 0.5 1 -0.545523 0.0588166
2 -4 0.5 1 -0.771797 0.015561
-2 -4 0.5 1 -0.796851 -0.0713862
-4 -2 0.5 1 -0.306807 -0.0752836
-4 2 0.5 1 0.239324 0.0243112
-2 4 0.5 1 0.218914 0.0711994
7 2 3 1 -0.30775 0.260821
7 -2 3 1 -0.604527 0.264324
7 2 0.5 1 -0.293295 0.100109
7 -2 0.5 1 -0.577681 0.0768818
4 0 3.3 1 -0.390137 0.308398
7 0 3.3 1 -0.446892 0.28395
