0 0 4.5 1 -0.22037 0.466903
2 4 3 1 -0.0296144 0.726389
4 2 3 1 0.55894 0.323545
4 -2 3 1 0.337123 0.130724
2 -4 3 1 0.0896084 0.108611
-2 -4 3 1 -0.289165 0.137955
-4 -2 3 1 -0.597285 0.198424
-4 2 3 1 -1.18421 0.406744
-2 4 3 1 -1.53079 0.726473
2 4 0.5 1 -0.152172 -0.46979
4 2 0.5 1 0.510622 -0.331049
4 -2 0.5 1 0.310454 -0.189918
2 -4 0.5 1 0.0661562 -0.140253
-2 -4 0.5 1 -0.315534 -0.0986584
-4 -2 0.5 1 -0.63284 -0.0844714
-4 2 0.5 1 -1.26326 -0.107679
-2 4 0.5 1 -1.6955 -0.231137
7 2 3 1 1.47148 0.27999
7 -2 3 1 0.75237 0.100639
7 2 0.5 1 1.44797 -0.44908
7 -2 0.5 1 0.730645 -0.236889
4 0 3.3 1 0.414408 0.244937
7 0 3.3 1 0.984326 0.211868
