0 0 4.5 1 0.243342 0.464443
2 4 3 1 -0.149101 0.294675
4 2 3 1 -0.0978864 0.346216
4 -2 3 1 0.396504 0.43562
2 -4 3 1 0.70913 0.429046
-2 -4 3 1 0.653034 0.352277
-4 -2 3 1 0.464644 0.308643
-4 2 3 1 0.182744 0.274334
-2 4 3 1 0.0109229 0.268901
2 4 0.5 1 -0.130191 0.0744968
4 2 0.5 1 -0.0754546 0.0585593
4 -2 0.5 1 0.399322 0.0681396
2 -4 0.5 1 0.697186 0.099199
-2 -4 0.5 1 0.646535 0.125383
-4 -2 0.5 1 0.464293 0.125912
-4 2 0.5 1 0.188929 0.113755
-2 4 0.5 1 0.0216071 0.0999047
7 2 3 1 -0.370277 0.415988
7 -2 3 1 0.312154 0.592805
7 2 0.5 1 -0.323015 0.00687572
7 -2 0.5 1 0.32345 0.000673671
4 0 3.3 1 0.11745 0.426311
7 0 3.3 1 -0.0963314 0.551002
