0 0 4.5 1 -0.196152 0.490244
2 4 3 1 0.0570903 0.274335
4 2 3 1 -0.141217 0.277203
4 -2 3 1 -0.458222 0.303917
2 -4 3 1 -0.678958 0.341885
-2 -4 3 1 -0.762993 0.422111
-4 -2 3 1 -0.349942 0.437778
-4 2 3 1 0.256099 0.348231
-2 4 3 1 0.272309 0.298929
2 4 0.5 1 0.0476039 0.0830443
4 2 0.5 1 -0.143896 0.0965805
4 -2 0.5 1 -0.449773 0.0953231
2 -4 0.5 1 -0.657991 0.0746945
-2 -4 0.5 1 -0.724472 0.00226252
-4 -2 0.5 1 -0.339744 -0.0447121
-4 2 0.5 1 0.226485 -0.00690409
-2 4 0.5 1 0.249831 0.0403664
7 2 3 1 -0.203818 0.266011
7 -2 3 1 -0.472281 0.286536
7 2 0.5 1 -0.204409 0.113488
7 -2 0.5 1 -0.46487 0.114538
4 0 3.3 1 -0.288574 0.313746
7 0 3.3 1 -0.330373 0.295696
