0 0 4.5 1 -0.388921 0.225592
2 4 3 1 -0.851816 0.367638
4 2 3 1 -0.00671797 0.23895
4 -2 3 1 0.189544 0.042738
2 -4 3 1 0.0373914 -0.0185687
-2 -4 3 1 -0.279773 -0.0491539
-4 -2 3 1 -0.550475 -0.0413257
-4 2 3 1 -1.04501 0.0310022
-2 4 3 1 -1.3903 0.164047
2 4 0.5 1 -0.98039 -0.502989
4 2 0.5 1 0.0111825 -0.3923
4 -2 0.5 1 0.211297 -0.288296
2 -4 0.5 1 0.0462126 -0.267181
-2 -4 0.5 1 -0.285385 -0.267018
-4 -2 0.5 1 -0.569234 -0.281917
-4 2 0.5 1 -1.10959 -0.336503
-2 4 0.5 1 -1.53562 -0.417908
7 2 3 1 0.891151 0.418773
7 -2 3 1 0.633196 0.0931355
7 2 0.5 1 1.0807 -0.445546
7 -2 0.5 1 0.692598 -0.29223
4 0 3.3 1 0.118666 0.158598
7 0 3.3 1 0.704367 0.252558
