0 0 4.5 1 0.118718 0.508367
2 4 3 1 1.26908 0.546492
4 2 3 1 0.911849 0.354093
4 -2 3 1 0.409204 0.227357
2 -4 3 1 0.125883 0.186935
-2 -4 3 1 -0.253273 0.166961
-4 -2 3 1 -0.519657 0.188675
-4 2 3 1 -0.700416 0.381292
-2 4 3 1 0.215177 0.708399
2 4 0.5 1 1.2773 -0.205002
4 2 0.5 1 0.926304 -0.0706282
4 -2 0.5 1 0.426527 -0.031652
2 -4 0.5 1 0.145557 -0.0432854
-2 -4 0.5 1 -0.224287 -0.0959903
-4 -2 0.5 1 -0.473827 -0.171109
-4 2 0.5 1 -0.592457 -0.404418
-2 4 0.5 1 0.312783 -0.558388
7 2 3 1 1.18345 0.349511
7 -2 3 1 0.633538 0.236699
7 2 0.5 1 1.18946 -0.012792
7 -2 0.5 1 0.6458 0.00231138
4 0 3.3 1 0.597161 0.314824
7 0 3.3 1 0.848089 0.31586
