0 0 4.5 1 0.0432709 0.238377
2 4 3 1 0.390624 0.120045
4 2 3 1 0.21615 0.0827912
4 -2 3 1 -0.0501736 0.0527875
2 -4 3 1 -0.223194 0.0494312
-2 -4 3 1 -0.375637 0.0844834
-4 -2 3 1 -0.262377 0.148099
-4 2 3 1 0.297357 0.221066
-2 4 3 1 0.504576 0.192734
2 4 0.5 1 0.414193 -0.0807858
4 2 0.5 1 0.234578 -0.0871961
4 -2 0.5 1 -0.0346137 -0.111118
2 -4 0.5 1 -0.207265 -0.135212
-2 -4 0.5 1 -0.355049 -0.17681
-4 -2 0.5 1 -0.233395 -0.193947
-4 2 0.5 1 0.339221 -0.148576
-2 4 0.5 1 0.541008 -0.1022
7 2 3 1 0.204464 0.0628929
7 -2 3 1 -0.018121 0.038391
7 2 0.5 1 0.21969 -0.0784635
7 -2 0.5 1 -0.00489323 -0.0987345
4 0 3.3 1 0.0784693 0.0873487
7 0 3.3 1 0.0897341 0.0670256
