0 0 4.5 1 0.425498 0.137434
2 4 3 1 -0.0242618 -0.0364891
4 2 3 1 -0.102787 0.00926514
4 -2 3 1 0.297475 0.0977477
2 -4 3 1 1.01777 0.0913596
-2 -4 3 1 1.20009 -0.0280256
-4 -2 3 1 0.89674 -0.0713075
-4 2 3 1 0.475042 -0.0831549
-2 4 3 1 0.238462 -0.0729556
2 4 0.5 1 -0.0402028 -0.276652
4 2 0.5 1 -0.128477 -0.315055
4 -2 0.5 1 0.288132 -0.469988
2 -4 0.5 1 1.08247 -0.566347
-2 -4 0.5 1 1.25305 -0.451517
-4 -2 0.5 1 0.919136 -0.361837
-4 2 0.5 1 0.477466 -0.293112
-2 4 0.5 1 0.233427 -0.272817
7 2 3 1 -0.521039 0.0761618
7 -2 3 1 -0.36358 0.284235
7 2 0.5 1 -0.580778 -0.331435
7 -2 0.5 1 -0.474809 -0.600753
4 0 3.3 1 0.0474616 0.0880644
7 0 3.3 1 -0.461521 0.204403
