0 0 4.5 1 0.244597 0.196361
2 4 3 1 1.11755 0.117276
4 2 3 1 0.809176 0.0180687
4 -2 3 1 0.378424 -0.049181
2 -4 3 1 0.125414 -0.0662634
-2 -4 3 1 -0.196596 -0.056721
-4 -2 3 1 -0.362443 -0.0119589
-4 2 3 1 -0.0979367 0.169461
-2 4 3 1 0.795864 0.277814
2 4 0.5 1 1.24602 -0.391986
4 2 0.5 1 0.872317 -0.310902
4 -2 0.5 1 0.404405 -0.279879
2 -4 0.5 1 0.140165 -0.285844
-2 -4 0.5 1 -0.193947 -0.327108
-4 -2 0.5 1 -0.370058 -0.393231
-4 2 0.5 1 -0.0763892 -0.584838
-2 4 0.5 1 0.97582 -0.627054
7 2 3 1 0.938182 -0.00346181
7 -2 3 1 0.528271 -0.0567095
7 2 0.5 1 0.996426 -0.275066
7 -2 0.5 1 0.556246 -0.257655
4 0 3.3 1 0.552056 0.00948626
7 0 3.3 1 0.698348 -0.00753732
