0 0 4.5 1 -0.445065 0.285686
2 4 3 1 -1.03649 0.300333
4 2 3 1 -0.260395 0.301564
4 -2 3 1 0.112344 0.167717
2 -4 3 1 0.0190745 0.102308
-2 -4 3 1 -0.253773 0.0501111
-4 -2 3 1 -0.497091 0.0349618
-4 2 3 1 -0.937803 0.0514335
-2 4 3 1 -1.26269 0.11661
2 4 0.5 1 -1.01554 -0.376792
4 2 0.5 1 -0.21478 -0.265
4 -2 0.5 1 0.1452 -0.149926
2 -4 0.5 1 0.0419655 -0.133369
-2 -4 0.5 1 -0.237999 -0.147912
-4 -2 0.5 1 -0.483589 -0.175041
-4 2 0.5 1 -0.926954 -0.244523
-2 4 0.5 1 -1.25555 -0.32124
7 2 3 1 0.477698 0.574101
7 -2 3 1 0.541414 0.261183
7 2 0.5 1 0.589721 -0.288131
7 -2 0.5 1 0.59308 -0.132037
4 0 3.3 1 -0.0266906 0.263492
7 0 3.3 1 0.513156 0.422235
