0 0 4.5 1 -0.442156 0.498675
2 4 3 1 -1.03709 0.437312
4 2 3 1 -0.448829 0.460183
4 -2 3 1 0.0585396 0.372744
2 -4 3 1 0.0312319 0.320559
-2 -4 3 1 -0.196356 0.280338
-4 -2 3 1 -0.411222 0.270521
-4 2 3 1 -0.786529 0.284077
-2 4 3 1 -1.05937 0.324937
2 4 0.5 1 -0.929676 -0.0616904
4 2 0.5 1 -0.390375 -0.0312257
4 -2 0.5 1 0.0702629 0.0568633
2 -4 0.5 1 0.0410728 0.0860882
-2 -4 0.5 1 -0.181296 0.0928266
-4 -2 0.5 1 -0.389263 0.0819176
-4 2 0.5 1 -0.743653 0.0444018
-2 4 0.5 1 -0.98682 -0.000471027
7 2 3 1 -0.00727491 0.69045
7 -2 3 1 0.45672 0.45939
7 2 0.5 1 0.0297076 -0.121154
7 -2 0.5 1 0.444852 0.0364399
4 0 3.3 1 -0.141557 0.456284
7 0 3.3 1 0.300856 0.611223
