0 0 4.5 1 -0.135567 0.373975
2 4 3 1 0.109786 0.16995
4 2 3 1 -0.0762643 0.179969
4 -2 3 1 -0.36866 0.215373
2 -4 3 1 -0.566683 0.255461
-2 -4 3 1 -0.657516 0.325023
-4 -2 3 1 -0.327874 0.329151
-4 2 3 1 0.256365 0.233523
-2 4 3 1 0.302114 0.185835
2 4 0.5 1 0.09181 -0.0139846
4 2 0.5 1 -0.0900365 0.00945893
4 -2 0.5 1 -0.37896 0.0249285
2 -4 0.5 1 -0.575249 0.0178687
-2 -4 0.5 1 -0.667631 -0.0401149
-4 -2 0.5 1 -0.352623 -0.10366
-4 2 0.5 1 0.218617 -0.108408
-2 4 0.5 1 0.273118 -0.0662649
7 2 3 1 -0.127966 0.171645
7 -2 3 1 -0.374148 0.200065
7 2 0.5 1 -0.138894 0.0281164
7 -2 0.5 1 -0.382594 0.0426693
4 0 3.3 1 -0.212993 0.218698
7 0 3.3 1 -0.24427 0.203506
