0 0 4.5 1 -0.310432 0.430419
2 4 3 1 -0.0640165 0.213145
4 2 3 1 -0.282767 0.192988
4 -2 3 1 -0.647679 0.190036
2 -4 3 1 -0.916214 0.219269
-2 -4 3 1 -0.938657 0.346227
-4 -2 3 1 -0.311179 0.413783
-4 2 3 1 0.24567 0.333462
-2 4 3 1 0.191289 0.269173
2 4 0.5 1 -0.046421 0.0164553
4 2 0.5 1 -0.26095 -0.000411003
4 -2 0.5 1 -0.611071 -0.0516282
2 -4 0.5 1 -0.856795 -0.112007
-2 -4 0.5 1 -0.839708 -0.205545
-4 -2 0.5 1 -0.245602 -0.165675
-4 2 0.5 1 0.265979 -0.0289822
-2 4 0.5 1 0.207306 0.0113375
7 2 3 1 -0.37244 0.16915
7 -2 3 1 -0.690262 0.161722
7 2 0.5 1 -0.352258 0.00453988
7 -2 0.5 1 -0.659232 -0.0365991
4 0 3.3 1 -0.447919 0.218136
7 0 3.3 1 -0.519282 0.187849
