0 0 4.5 1 -0.137872 0.354029
2 4 3 1 -0.129951 0.0352126
4 2 3 1 -0.401798 0.072801
4 -2 3 1 -0.863776 0.210171
2 -4 3 1 -1.15731 0.424422
-2 -4 3 1 -0.296123 0.671011
-4 -2 3 1 0.565252 0.354973
-4 2 3 1 0.4796 0.0838519
-2 4 3 1 0.234811 0.0334122
2 4 0.5 1 -0.150918 -0.192564
4 2 0.5 1 -0.434534 -0.179154
4 -2 0.5 1 -0.942153 -0.187252
2 -4 0.5 1 -1.32289 -0.249361
-2 -4 0.5 1 -0.440344 -0.476002
-4 -2 0.5 1 0.567758 -0.417624
-4 2 0.5 1 0.476442 -0.279974
-2 4 0.5 1 0.22367 -0.231124
7 2 3 1 -0.61043 0.0701852
7 -2 3 1 -1.10531 0.185697
7 2 0.5 1 -0.646253 -0.155723
7 -2 0.5 1 -1.18275 -0.150544
4 0 3.3 1 -0.575661 0.161452
7 0 3.3 1 -0.8034 0.147712
