0 0 4.5 1 -0.21401 0.244405
2 4 3 1 -0.125238 -0.0458378
4 2 3 1 -0.385994 -0.0322288
4 -2 3 1 -0.827965 0.0495835
2 -4 3 1 -1.12909 0.190842
-2 -4 3 1 -0.636688 0.444169
-4 -2 3 1 0.262214 0.296805
-4 2 3 1 0.407756 0.0495738
-2 4 3 1 0.213277 -0.0188621
2 4 0.5 1 -0.132969 -0.269438
4 2 0.5 1 -0.406838 -0.271987
4 -2 0.5 1 -0.891155 -0.304512
2 -4 0.5 1 -1.26799 -0.371654
-2 -4 0.5 1 -0.783818 -0.525893
-4 -2 0.5 1 0.296721 -0.452813
-4 2 0.5 1 0.435103 -0.323128
-2 4 0.5 1 0.222202 -0.28706
7 2 3 1 -0.556892 -0.0498413
7 -2 3 1 -0.994417 0.0118369
7 2 0.5 1 -0.582432 -0.261321
7 -2 0.5 1 -1.05673 -0.283841
4 0 3.3 1 -0.561107 0.0331508
7 0 3.3 1 -0.735362 0.00397827
