0 0 4.5 1 -0.0821948 0.692011
2 4 3 1 0.840837 0.862738
4 2 3 1 0.891686 0.456537
4 -2 3 1 0.428194 0.304168
2 -4 3 1 0.134581 0.288473
-2 -4 3 1 -0.278384 0.31855
-4 -2 3 1 -0.610161 0.381422
-4 2 3 1 -1.24541 0.632758
-2 4 3 1 -1.42132 1.0884
2 4 0.5 1 0.627821 -0.382079
4 2 0.5 1 0.776315 -0.156859
4 -2 0.5 1 0.388965 -0.00852705
2 -4 0.5 1 0.11343 0.0347162
-2 -4 0.5 1 -0.284508 0.0594607
-4 -2 0.5 1 -0.602309 0.0520197
-4 2 0.5 1 -1.17023 -0.0483777
-2 4 0.5 1 -1.24597 -0.296307
7 2 3 1 1.60297 0.397886
7 -2 3 1 0.795411 0.276847
7 2 0.5 1 1.43107 -0.193349
7 -2 0.5 1 0.74047 -0.0299969
4 0 3.3 1 0.590159 0.40808
7 0 3.3 1 1.07805 0.369372
