0 0 4.5 1 0.0978501 0.0695407
2 4 3 1 -0.251754 -0.0458218
4 2 3 1 -0.146732 -0.00539358
4 -2 3 1 0.292008 0.0299265
2 -4 3 1 0.476677 0.00821657
-2 -4 3 1 0.401396 -0.0409407
-4 -2 3 1 0.249537 -0.0648281
-4 2 3 1 0.0103857 -0.0801529
-2 4 3 1 -0.139269 -0.0769263
2 4 0.5 1 -0.251772 -0.265468
4 2 0.5 1 -0.14157 -0.279356
4 -2 0.5 1 0.321235 -0.266659
2 -4 0.5 1 0.509591 -0.242035
-2 -4 0.5 1 0.42256 -0.222017
-4 -2 0.5 1 0.263437 -0.220473
-4 2 0.5 1 0.0173277 -0.229333
-2 4 0.5 1 -0.13599 -0.241419
7 2 3 1 -0.301695 0.0683402
7 -2 3 1 0.337208 0.130767
7 2 0.5 1 -0.30537 -0.330922
7 -2 0.5 1 0.386052 -0.318453
4 0 3.3 1 0.0618605 0.0438625
7 0 3.3 1 -0.00353301 0.144357
