0 0 4.5 1 -0.0491767 0.11859
2 4 3 1 -0.40369 -0.00317265
4 2 3 1 -0.24867 0.036772
4 -2 3 1 0.188412 0.0699992
2 -4 3 1 0.314982 0.0530028
-2 -4 3 1 0.215553 0.0128139
-4 -2 3 1 0.0690631 -0.0096791
-4 2 3 1 -0.164888 -0.0287694
-2 4 3 1 -0.314026 -0.0299534
2 4 0.5 1 -0.392174 -0.238243
4 2 0.5 1 -0.230484 -0.246491
4 -2 0.5 1 0.217551 -0.202587
2 -4 0.5 1 0.341249 -0.16772
-2 -4 0.5 1 0.233363 -0.150687
-4 -2 0.5 1 0.0828886 -0.155881
-4 2 0.5 1 -0.154164 -0.177988
-2 4 0.5 1 -0.30418 -0.201195
7 2 3 1 -0.337414 0.106194
7 -2 3 1 0.310776 0.15169
7 2 0.5 1 -0.313499 -0.321005
7 -2 0.5 1 0.359076 -0.251673
4 0 3.3 1 -0.0291636 0.0860318
7 0 3.3 1 -0.00929261 0.17715
