0 0 4.5 1 -0.318889 0.47111
2 4 3 1 -0.836312 0.425206
4 2 3 1 -0.419639 0.415757
4 -2 3 1 0.0849431 0.324139
2 -4 3 1 0.100637 0.283541
-2 -4 3 1 -0.0891507 0.267496
-4 -2 3 1 -0.278055 0.275425
-4 2 3 1 -0.59419 0.310478
-2 4 3 1 -0.810792 0.354068
2 4 0.5 1 -0.804642 0.0338681
4 2 0.5 1 -0.413359 0.00176173
4 -2 0.5 1 0.0654866 0.0273516
2 -4 0.5 1 0.0852827 0.0594614
-2 -4 0.5 1 -0.0958179 0.0919146
-4 -2 0.5 1 -0.27932 0.104045
-4 2 0.5 1 -0.585281 0.10563
-2 4 0.5 1 -0.790264 0.0901156
7 2 3 1 -0.196704 0.550218
7 -2 3 1 0.417873 0.368817
7 2 0.5 1 -0.209903 -0.121158
7 -2 0.5 1 0.369549 -0.0402799
4 0 3.3 1 -0.123816 0.406514
7 0 3.3 1 0.192575 0.503924
