0 0 4.5 1 -0.293609 0.279492
2 4 3 1 -0.092848 0.0464425
4 2 3 1 -0.326048 0.0269373
4 -2 3 1 -0.721235 0.0331871
2 -4 3 1 -1.01173 0.0833581
-2 -4 3 1 -0.906349 0.268704
-4 -2 3 1 -0.138073 0.316562
-4 2 3 1 0.29722 0.181973
-2 4 3 1 0.190906 0.106807
2 4 0.5 1 -0.0751283 -0.156788
4 2 0.5 1 -0.311499 -0.180349
4 -2 0.5 1 -0.709684 -0.244472
2 -4 0.5 1 -1.00339 -0.320683
-2 -4 0.5 1 -0.88649 -0.423596
-4 -2 0.5 1 -0.0825257 -0.33245
-4 2 0.5 1 0.339411 -0.179839
-2 4 0.5 1 0.218726 -0.150238
7 2 3 1 -0.441461 -0.00177149
7 -2 3 1 -0.79881 -0.00450858
7 2 0.5 1 -0.430436 -0.180442
7 -2 0.5 1 -0.790606 -0.23312
4 0 3.3 1 -0.497028 0.0575618
7 0 3.3 1 -0.599749 0.0207104
