0 0 4.5 1 0.176617 0.773
2 4 3 1 -0.105751 0.35811
4 2 3 1 -0.397269 0.395525
4 -2 3 1 -0.827325 0.600429
2 -4 3 1 -0.627871 1.06893
-2 -4 3 1 1.73598 1.11107
-4 -2 3 1 1.36313 0.628919
-4 2 3 1 0.659109 0.406968
-2 4 3 1 0.313821 0.36248
2 4 0.5 1 -0.0984055 0.0968699
4 2 0.5 1 -0.370403 0.0695863
4 -2 0.5 1 -0.72468 -0.0540724
2 -4 0.5 1 -0.478024 -0.274927
-2 -4 0.5 1 1.35114 -0.267768
-4 -2 0.5 1 1.20449 -0.0420886
-4 2 0.5 1 0.621212 0.0769893
-2 4 0.5 1 0.300473 0.0999514
7 2 3 1 -0.787558 0.391297
7 -2 3 1 -1.62386 0.590069
7 2 0.5 1 -0.737098 0.0668487
7 -2 0.5 1 -1.42877 -0.0584461
4 0 3.3 1 -0.544028 0.519886
7 0 3.3 1 -1.0734 0.513462
