0 0 4.5 1 -0.29504 0.283921
2 4 3 1 -0.092142 0.0519868
4 2 3 1 -0.324676 0.0321038
4 -2 3 1 -0.718626 0.037339
2 -4 3 1 -1.00845 0.0861022
-2 -4 3 1 -0.909477 0.269078
-4 -2 3 1 -0.14607 0.319248
-4 2 3 1 0.29465 0.187488
-2 4 3 1 0.190361 0.112591
2 4 0.5 1 -0.0740993 -0.150764
4 2 0.5 1 -0.309496 -0.17441
4 -2 0.5 1 -0.705521 -0.238573
2 -4 0.5 1 -0.997062 -0.314506
-2 -4 0.5 1 -0.885175 -0.416919
-4 -2 0.5 1 -0.0898827 -0.326885
-4 2 0.5 1 0.33645 -0.174058
-2 4 0.5 1 0.218125 -0.144215
7 2 3 1 -0.438955 0.00343204
7 -2 3 1 -0.794585 -6.08797e-05
7 2 0.5 1 -0.427243 -0.174474
7 -2 0.5 1 -0.784962 -0.227177
4 0 3.3 1 -0.495456 0.0622097
7 0 3.3 1 -0.596776 0.0254898
