0 0 4.5 1 -0.180106 0.536828
2 4 3 1 0.207461 0.782718
4 2 3 1 0.66705 0.358999
4 -2 3 1 0.367655 0.1796
2 -4 3 1 0.105375 0.162431
-2 -4 3 1 -0.283591 0.19653
-4 -2 3 1 -0.598889 0.26135
-4 2 3 1 -1.20552 0.488579
-2 4 3 1 -1.53788 0.850265
2 4 0.5 1 0.0812955 -0.45447
4 2 0.5 1 0.596287 -0.287044
4 -2 0.5 1 0.334229 -0.137784
2 -4 0.5 1 0.0801152 -0.0866935
-2 -4 0.5 1 -0.306666 -0.0451454
-4 -2 0.5 1 -0.625562 -0.032923
-4 2 0.5 1 -1.25077 -0.0684181
-2 4 0.5 1 -1.61925 -0.222664
7 2 3 1 1.53768 0.298753
7 -2 3 1 0.771344 0.145456
7 2 0.5 1 1.45333 -0.388488
7 -2 0.5 1 0.734895 -0.181558
4 0 3.3 1 0.471626 0.290058
7 0 3.3 1 1.02406 0.248356
