0 0 4.5 1 -0.0433171 0.138399
2 4 3 1 -0.396204 0.0145525
4 2 3 1 -0.244891 0.0553936
4 -2 3 1 0.192101 0.0915199
2 -4 3 1 0.321667 0.0751486
-2 -4 3 1 0.223745 0.0339731
-4 -2 3 1 0.0774468 0.0105207
-4 2 3 1 -0.156029 -0.00983735
-2 4 3 1 -0.304845 -0.0117566
2 4 0.5 1 -0.38193 -0.217979
4 2 0.5 1 -0.224245 -0.225532
4 -2 0.5 1 0.221572 -0.180853
2 -4 0.5 1 0.347811 -0.145894
-2 -4 0.5 1 0.241759 -0.129498
-4 -2 0.5 1 0.0918122 -0.135294
-4 2 0.5 1 -0.144159 -0.158067
-2 4 0.5 1 -0.293237 -0.181427
7 2 3 1 -0.338943 0.124435
7 -2 3 1 0.310316 0.175035
7 2 0.5 1 -0.31084 -0.29848
7 -2 0.5 1 0.358093 -0.228786
4 0 3.3 1 -0.0263443 0.106104
7 0 3.3 1 -0.012125 0.198074
