0 0 4.5 1 0.203823 0.393087
2 4 3 1 -0.16997 0.228611
4 2 3 1 -0.109399 0.279576
4 -2 3 1 0.36676 0.368364
2 -4 3 1 0.645147 0.364374
-2 -4 3 1 0.587356 0.293092
-4 -2 3 1 0.411469 0.249891
-4 2 3 1 0.143917 0.213183
-2 4 3 1 -0.0207999 0.205437
2 4 0.5 1 -0.147874 0.0137208
4 2 0.5 1 -0.0823906 0.00119467
4 -2 0.5 1 0.385517 0.0246844
2 -4 0.5 1 0.654335 0.0602906
-2 -4 0.5 1 0.594863 0.0816156
-4 -2 0.5 1 0.420311 0.0771751
-4 2 0.5 1 0.155521 0.0586795
-2 4 0.5 1 -0.006065 0.0413302
7 2 3 1 -0.356656 0.344381
7 -2 3 1 0.313151 0.510422
7 2 0.5 1 -0.309618 -0.0537086
7 -2 0.5 1 0.345153 -0.0362106
4 0 3.3 1 0.100973 0.357422
7 0 3.3 1 -0.0795238 0.472299
