0 0 4.5 1 -0.0506685 0.500314
2 4 3 1 -0.117511 0.154604
4 2 3 1 -0.399005 0.206447
4 -2 3 1 -0.880761 0.385624
2 -4 3 1 -1.15907 0.676182
-2 -4 3 1 0.168771 0.894647
-4 -2 3 1 0.86235 0.436125
-4 2 3 1 0.553318 0.171963
-2 4 3 1 0.268253 0.135683
2 4 0.5 1 -0.141432 -0.0784669
4 2 0.5 1 -0.428032 -0.0601889
4 -2 0.5 1 -0.934954 -0.0667816
2 -4 0.5 1 -1.26371 -0.149949
-2 -4 0.5 1 0.0382119 -0.437649
-4 -2 0.5 1 0.798915 -0.338621
-4 2 0.5 1 0.522191 -0.181292
-2 4 0.5 1 0.243656 -0.125363
7 2 3 1 -0.646674 0.215415
7 -2 3 1 -1.21325 0.375991
7 2 0.5 1 -0.674575 -0.0287677
7 -2 0.5 1 -1.26296 -0.0153562
4 0 3.3 1 -0.573158 0.312832
7 0 3.3 1 -0.860058 0.312925
