0 0 4.5 1 0.117635 0.757927
2 4 3 1 -0.101997 0.349201
4 2 3 1 -0.400326 0.399381
4 -2 3 1 -0.891984 0.616156
2 -4 3 1 -0.970535 1.06613
-2 -4 3 1 1.39721 1.17396
-4 -2 3 1 1.31716 0.60863
-4 2 3 1 0.659951 0.372395
-2 4 3 1 0.318502 0.336718
2 4 0.5 1 -0.108697 0.0927309
4 2 0.5 1 -0.39279 0.086585
4 -2 0.5 1 -0.829706 0.0100712
2 -4 0.5 1 -0.836411 -0.180086
-2 -4 0.5 1 1.02451 -0.345347
-4 -2 0.5 1 1.1305 -0.123923
-4 2 0.5 1 0.606987 0.0291344
-2 4 0.5 1 0.29258 0.0705694
7 2 3 1 -0.746246 0.408185
7 -2 3 1 -1.51588 0.618282
7 2 0.5 1 -0.721441 0.10547
7 -2 0.5 1 -1.4 0.049055
4 0 3.3 1 -0.568938 0.526124
7 0 3.3 1 -1.01809 0.53182
