0 0 4.5 1 -0.0449133 0.728547
2 4 3 1 1.06106 0.861798
4 2 3 1 0.948852 0.488893
4 -2 3 1 0.439791 0.342395
2 -4 3 1 0.137876 0.322681
-2 -4 3 1 -0.281092 0.3444
-4 -2 3 1 -0.615226 0.400703
-4 2 3 1 -1.23479 0.648444
-2 4 3 1 -1.24987 1.12145
2 4 0.5 1 0.816954 -0.335124
4 2 0.5 1 0.831713 -0.103459
4 -2 0.5 1 0.404664 0.0327837
2 -4 0.5 1 0.12241 0.0676919
-2 -4 0.5 1 -0.277607 0.0788106
-4 -2 0.5 1 -0.590861 0.0578531
-4 2 0.5 1 -1.11011 -0.0791026
-2 4 0.5 1 -1.01192 -0.354829
7 2 3 1 1.57585 0.443081
7 -2 3 1 0.786665 0.323224
7 2 0.5 1 1.40557 -0.110657
7 -2 0.5 1 0.7344 0.0244802
4 0 3.3 1 0.61915 0.444834
7 0 3.3 1 1.06982 0.414933
