0 0 4.5 1 -0.456143 0.325565
2 4 3 1 -1.06094 0.31379
4 2 3 1 -0.316316 0.332635
4 -2 3 1 0.0933296 0.214503
2 -4 3 1 0.0144525 0.150726
-2 -4 3 1 -0.247898 0.09739
-4 -2 3 1 -0.484625 0.0800207
-4 2 3 1 -0.911585 0.0895424
-2 4 3 1 -1.22819 0.144055
2 4 0.5 1 -1.00417 -0.318347
4 2 0.5 1 -0.262812 -0.216987
4 -2 0.5 1 0.125319 -0.101076
2 -4 0.5 1 0.0379318 -0.0828851
-2 -4 0.5 1 -0.228924 -0.0965978
-4 -2 0.5 1 -0.465224 -0.123336
-4 2 0.5 1 -0.886051 -0.190716
-2 4 0.5 1 -1.19238 -0.263063
7 2 3 1 0.367766 0.611996
7 -2 3 1 0.517597 0.313225
7 2 0.5 1 0.457618 -0.247354
7 -2 0.5 1 0.55968 -0.0847028
4 0 3.3 1 -0.0609828 0.30552
7 0 3.3 1 0.463286 0.472768
