0 0 4.5 1 0.434255 0.251021
2 4 3 1 -0.0205864 0.109743
4 2 3 1 -0.0559205 0.156747
4 -2 3 1 0.41444 0.211033
2 -4 3 1 1.01012 0.164664
-2 -4 3 1 1.06754 0.0606359
-4 -2 3 1 0.797128 0.0367475
-4 2 3 1 0.421254 0.0434369
-2 4 3 1 0.207113 0.0630217
2 4 0.5 1 -0.0433929 -0.117201
4 2 0.5 1 -0.0868403 -0.148699
4 -2 0.5 1 0.369092 -0.278151
2 -4 0.5 1 0.96816 -0.348941
-2 -4 0.5 1 1.04054 -0.274675
-4 -2 0.5 1 0.776372 -0.206279
-4 2 0.5 1 0.403986 -0.143673
-2 4 0.5 1 0.189427 -0.120746
7 2 3 1 -0.438783 0.247662
7 -2 3 1 -0.0499978 0.42255
7 2 0.5 1 -0.482198 -0.152747
7 -2 0.5 1 -0.130152 -0.366251
4 0 3.3 1 0.129529 0.222427
7 0 3.3 1 -0.300849 0.369751
