0 0 4.5 1 0.0944355 0.567282
2 4 3 1 1.29091 0.615721
4 2 3 1 0.930364 0.403238
4 -2 3 1 0.414072 0.271237
2 -4 3 1 0.124691 0.231248
-2 -4 3 1 -0.264575 0.213175
-4 -2 3 1 -0.546465 0.236224
-4 2 3 1 -0.810984 0.431648
-2 4 3 1 0.0384838 0.78942
2 4 0.5 1 1.249 -0.197657
4 2 0.5 1 0.923481 -0.0460172
4 -2 0.5 1 0.424416 0.00388452
2 -4 0.5 1 0.14098 -0.00354611
-2 -4 0.5 1 -0.235322 -0.0512246
-4 -2 0.5 1 -0.496192 -0.12265
-4 2 0.5 1 -0.681516 -0.355003
-2 4 0.5 1 0.13716 -0.542167
7 2 3 1 1.23893 0.398203
7 -2 3 1 0.654802 0.280012
7 2 0.5 1 1.22062 0.011186
7 -2 0.5 1 0.658071 0.0359997
4 0 3.3 1 0.605266 0.362185
7 0 3.3 1 0.880686 0.36286
