0 0 4.5 1 0.260088 0.162745
2 4 3 1 1.0747 0.0501284
4 2 3 1 0.776705 -0.0312597
4 -2 3 1 0.360226 -0.0806357
2 -4 3 1 0.114005 -0.0881745
-2 -4 3 1 -0.194105 -0.0659131
-4 -2 3 1 -0.335733 -0.0135021
-4 2 3 1 0.0041123 0.153134
-2 4 3 1 0.844648 0.210799
2 4 0.5 1 1.18416 -0.42216
4 2 0.5 1 0.829484 -0.344391
4 -2 0.5 1 0.379301 -0.306049
2 -4 0.5 1 0.121807 -0.305395
-2 -4 0.5 1 -0.200863 -0.336502
-4 -2 0.5 1 -0.356189 -0.395195
-4 2 0.5 1 0.0149891 -0.574278
-2 4 0.5 1 1.00324 -0.618013
7 2 3 1 0.88453 -0.0569942
7 -2 3 1 0.496532 -0.0937841
7 2 0.5 1 0.933333 -0.315081
7 -2 0.5 1 0.518276 -0.289204
4 0 3.3 1 0.531722 -0.0301584
7 0 3.3 1 0.660508 -0.0524489
