0 0 4.5 1 0.266141 0.574988
2 4 3 1 -0.0864362 0.211932
4 2 3 1 -0.330441 0.229596
4 -2 3 1 -0.514675 0.399726
2 -4 3 1 0.212582 0.770899
-2 -4 3 1 1.69795 0.748779
-4 -2 3 1 1.24149 0.468854
-4 2 3 1 0.611771 0.29106
-2 4 3 1 0.295305 0.238773
2 4 0.5 1 -0.0622892 -0.0393528
4 2 0.5 1 -0.292448 -0.095497
4 -2 0.5 1 -0.427354 -0.268087
2 -4 0.5 1 0.294342 -0.445891
-2 -4 0.5 1 1.64602 -0.202366
-4 -2 0.5 1 1.23252 -0.0425166
-4 2 0.5 1 0.621929 0.00807759
-2 4 0.5 1 0.310316 0.00115263
7 2 3 1 -0.766084 0.201178
7 -2 3 1 -1.51699 0.360272
7 2 0.5 1 -0.712857 -0.143118
7 -2 0.5 1 -1.35393 -0.394005
4 0 3.3 1 -0.39679 0.339489
7 0 3.3 1 -1.00813 0.309696
