0 0 4.5 1 -0.267692 0.385726
2 4 3 1 -0.284394 0.645497
4 2 3 1 0.423105 0.287094
4 -2 3 1 0.29974 0.0798561
2 -4 3 1 0.0714131 0.0491825
-2 -4 3 1 -0.295152 0.0685021
-4 -2 3 1 -0.595166 0.120339
-4 2 3 1 -1.15885 0.301038
-2 4 3 1 -1.51026 0.572238
2 4 0.5 1 -0.424704 -0.484526
4 2 0.5 1 0.398741 -0.374029
4 -2 0.5 1 0.283462 -0.24588
2 -4 0.5 1 0.0525141 -0.200808
-2 -4 0.5 1 -0.322401 -0.163853
-4 -2 0.5 1 -0.636538 -0.151598
-4 2 0.5 1 -1.26301 -0.170508
-2 4 0.5 1 -1.73742 -0.268211
7 2 3 1 1.36816 0.278764
7 -2 3 1 0.727318 0.0605135
7 2 0.5 1 1.42484 -0.499698
7 -2 0.5 1 0.726793 -0.291312
4 0 3.3 1 0.343105 0.198498
7 0 3.3 1 0.928703 0.184262
