0 0 4.5 1 -0.427926 0.247818
2 4 3 1 -0.99086 0.30247
4 2 3 1 -0.181195 0.270095
4 -2 3 1 0.138496 0.114016
2 -4 3 1 0.0259546 0.0479423
-2 -4 3 1 -0.261469 0.000100329
-4 -2 3 1 -0.513931 -0.00965067
-4 2 3 1 -0.97288 0.0208747
-2 4 3 1 -1.30669 0.104467
2 4 0.5 1 -1.02249 -0.437688
4 2 0.5 1 -0.146052 -0.319349
4 -2 0.5 1 0.170057 -0.207917
2 -4 0.5 1 0.0459582 -0.19184
-2 -4 0.5 1 -0.251681 -0.20441
-4 -2 0.5 1 -0.510185 -0.229676
-4 2 0.5 1 -0.985336 -0.298019
-2 4 0.5 1 -1.34566 -0.378339
7 2 3 1 0.619556 0.52217
7 -2 3 1 0.573588 0.196486
7 2 0.5 1 0.763045 -0.342454
7 -2 0.5 1 0.633369 -0.193096
4 0 3.3 1 0.0206139 0.216843
7 0 3.3 1 0.578623 0.35877
