0 0 4.5 1 -0.289102 0.267021
2 4 3 1 -0.0949777 0.0304076
4 2 3 1 -0.330233 0.0122011
4 -2 3 1 -0.729187 0.0218191
2 -4 3 1 -1.02161 0.0765289
-2 -4 3 1 -0.896063 0.268997
-4 -2 3 1 -0.113373 0.309084
-4 2 3 1 0.305113 0.165739
-2 4 3 1 0.192635 0.0898611
2 4 0.5 1 -0.0783652 -0.174353
4 2 0.5 1 -0.317727 -0.197501
4 -2 0.5 1 -0.722551 -0.261255
2 -4 0.5 1 -1.02292 -0.338145
-2 -4 0.5 1 -0.890036 -0.442692
-4 -2 0.5 1 -0.0597499 -0.348666
-4 2 0.5 1 0.34827 -0.196987
-2 4 0.5 1 0.220451 -0.168009
7 2 3 1 -0.449154 -0.0165373
7 -2 3 1 -0.811798 -0.0167173
7 2 0.5 1 -0.440333 -0.197595
7 -2 0.5 1 -0.808094 -0.249974
4 0 3.3 1 -0.501808 0.0445269
7 0 3.3 1 -0.60887 0.00735255
