0 0 4.5 1 -0.391209 0.224956
2 4 3 1 -0.861107 0.362371
4 2 3 1 -0.0166327 0.239603
4 -2 3 1 0.186875 0.0451584
2 -4 3 1 0.0368575 -0.0166252
-2 -4 3 1 -0.278758 -0.0483808
-4 -2 3 1 -0.548532 -0.041671
-4 2 3 1 -1.04123 0.0280509
-2 4 3 1 -1.3861 0.158086
2 4 0.5 1 -0.985492 -0.501295
4 2 0.5 1 0.00205789 -0.389711
4 -2 0.5 1 0.209373 -0.285505
2 -4 0.5 1 0.0464119 -0.264851
-2 -4 0.5 1 -0.283504 -0.265607
-4 -2 0.5 1 -0.566097 -0.281236
-4 2 0.5 1 -1.10309 -0.33687
-2 4 0.5 1 -1.52575 -0.41836
7 2 3 1 0.877059 0.424127
7 -2 3 1 0.630275 0.0975106
7 2 0.5 1 1.06545 -0.440555
7 -2 0.5 1 0.690281 -0.288152
4 0 3.3 1 0.113298 0.160449
7 0 3.3 1 0.69788 0.257332
