0 0 4.5 1 -0.101514 0.018848
2 4 3 1 -0.477369 -0.0800761
4 2 3 1 -0.289244 -0.0515808
4 -2 3 1 0.154592 -0.0507722
2 -4 3 1 0.259254 -0.0749854
-2 -4 3 1 0.145381 -0.105827
-4 -2 3 1 -0.00534464 -0.117832
-4 2 3 1 -0.246767 -0.121458
-2 4 3 1 -0.400718 -0.112945
2 4 0.5 1 -0.493237 -0.338718
4 2 0.5 1 -0.297106 -0.35765
4 -2 0.5 1 0.171138 -0.330019
2 -4 0.5 1 0.276814 -0.297512
-2 -4 0.5 1 0.154854 -0.272348
-4 -2 0.5 1 -0.00106268 -0.269254
-4 2 0.5 1 -0.249521 -0.280429
-2 4 0.5 1 -0.409359 -0.29889
7 2 3 1 -0.334849 0.0234412
7 -2 3 1 0.312876 0.0155949
7 2 0.5 1 -0.351221 -0.445468
7 -2 0.5 1 0.349944 -0.393116
4 0 3.3 1 -0.058325 -0.0181781
7 0 3.3 1 0.0081897 0.0671345
