0 0 4.5 1 0.293671 0.404372
2 4 3 1 0.818169 0.199573
4 2 3 1 0.573925 0.173011
4 -2 3 1 0.236296 0.178944
2 -4 3 1 0.0316966 0.202522
-2 -4 3 1 -0.194859 0.266523
-4 -2 3 1 -0.205858 0.335866
-4 2 3 1 0.385796 0.398518
-2 4 3 1 0.887167 0.318519
2 4 0.5 1 0.773373 -0.0927442
4 2 0.5 1 0.544136 -0.0476207
4 -2 0.5 1 0.216203 -0.00481916
2 -4 0.5 1 0.0138229 0.0116711
-2 -4 0.5 1 -0.214248 0.0118215
-4 -2 0.5 1 -0.232471 -0.0194185
-4 2 0.5 1 0.323483 -0.126408
-2 4 0.5 1 0.812632 -0.156052
7 2 3 1 0.598115 0.144015
7 -2 3 1 0.308815 0.153207
7 2 0.5 1 0.573258 -0.0372223
7 -2 0.5 1 0.290911 -0.00238823
4 0 3.3 1 0.392405 0.200732
7 0 3.3 1 0.444814 0.16935
