0 0 4.5 1 -0.234725 0.226919
2 4 3 1 -0.118821 -0.0515139
4 2 3 1 -0.374532 -0.0468579
4 -2 3 1 -0.808206 0.0151597
2 -4 3 1 -1.11006 0.133001
-2 -4 3 1 -0.72075 0.379663
-4 -2 3 1 0.166054 0.287081
-4 2 3 1 0.3843 0.0585406
-2 4 3 1 0.208727 -0.0144467
2 4 0.5 1 -0.120302 -0.272067
4 2 0.5 1 -0.387954 -0.281004
4 -2 0.5 1 -0.857314 -0.323712
2 -4 0.5 1 -1.22115 -0.395133
-2 -4 0.5 1 -0.845983 -0.53158
-4 -2 0.5 1 0.20508 -0.447031
-4 2 0.5 1 0.419621 -0.314004
-2 4 0.5 1 0.224356 -0.28176
7 2 3 1 -0.532695 -0.0688262
7 -2 3 1 -0.95225 -0.0250437
7 2 0.5 1 -0.55083 -0.274349
7 -2 0.5 1 -1.00086 -0.307049
4 0 3.3 1 -0.549671 0.00990539
7 0 3.3 1 -0.706843 -0.0231991
