0 0 4.5 1 0.275211 0.547442
2 4 3 1 -0.0820121 0.191235
4 2 3 1 -0.320128 0.208266
4 -2 3 1 -0.476532 0.376509
2 -4 3 1 0.282579 0.734554
-2 -4 3 1 1.67762 0.707155
-4 -2 3 1 1.2271 0.44278
-4 2 3 1 0.607945 0.270402
-2 4 3 1 0.295075 0.218562
2 4 0.5 1 -0.0573376 -0.0590501
4 2 0.5 1 -0.282879 -0.116659
4 -2 0.5 1 -0.393877 -0.290894
2 -4 0.5 1 0.367655 -0.460801
-2 -4 0.5 1 1.65904 -0.207246
-4 -2 0.5 1 1.23179 -0.0542851
-4 2 0.5 1 0.62226 -0.00808235
-2 4 0.5 1 0.3122 -0.0166191
7 2 3 1 -0.758086 0.178943
7 -2 3 1 -1.48688 0.337207
7 2 0.5 1 -0.707946 -0.167648
7 -2 0.5 1 -1.33972 -0.428557
4 0 3.3 1 -0.377304 0.317147
7 0 3.3 1 -0.99178 0.28705
