0 0 4.5 1 0.14763 0.214505
2 4 3 1 -0.202818 0.0700471
4 2 3 1 -0.122053 0.117968
4 -2 3 1 0.326145 0.189747
2 -4 3 1 0.549825 0.181376
-2 -4 3 1 0.486386 0.121039
-4 -2 3 1 0.327867 0.0843679
-4 2 3 1 0.0806529 0.0524795
-2 4 3 1 -0.0735574 0.0462521
2 4 0.5 1 -0.18504 -0.141409
4 2 0.5 1 -0.0981029 -0.150643
4 -2 0.5 1 0.362157 -0.119226
2 -4 0.5 1 0.584422 -0.084831
-2 -4 0.5 1 0.510178 -0.068261
-4 -2 0.5 1 0.3463 -0.0746443
-4 2 0.5 1 0.0955494 -0.0951187
-2 4 0.5 1 -0.0589015 -0.113613
7 2 3 1 -0.32051 0.182085
7 -2 3 1 0.324215 0.307882
7 2 0.5 1 -0.290429 -0.205787
7 -2 0.5 1 0.380276 -0.170169
4 0 3.3 1 0.082733 0.185148
7 0 3.3 1 -0.0368108 0.288312
