0 0 4.5 1 0.3855 0.218014
2 4 3 1 -0.0279338 -0.0496897
4 2 3 1 -0.18757 -0.0203892
4 -2 3 1 -0.00763011 0.131446
2 -4 3 1 0.874084 0.296993
-2 -4 3 1 1.44519 0.194708
-4 -2 3 1 1.07794 0.0714448
-4 2 3 1 0.569347 -0.0183682
-2 4 3 1 0.294669 -0.0451854
2 4 0.5 1 -0.0145487 -0.301495
4 2 0.5 1 -0.178354 -0.358664
4 -2 0.5 1 0.0310235 -0.532831
2 -4 0.5 1 1.07261 -0.63798
-2 -4 0.5 1 1.63018 -0.410483
-4 -2 0.5 1 1.16723 -0.303297
-4 2 0.5 1 0.606107 -0.261208
-2 4 0.5 1 0.317926 -0.264864
7 2 3 1 -0.64009 -0.0215975
7 -2 3 1 -0.957486 0.183947
7 2 0.5 1 -0.65871 -0.418341
7 -2 0.5 1 -1.05332 -0.751887
4 0 3.3 1 -0.127649 0.0814147
7 0 3.3 1 -0.734087 0.102356
