0 0 4.5 1 -0.287535 0.263152
2 4 3 1 -0.0956976 0.0252824
4 2 3 1 -0.331656 0.00756384
4 -2 3 1 -0.731881 0.0184122
2 -4 3 1 -1.02492 0.0747399
-2 -4 3 1 -0.892327 0.269577
-4 -2 3 1 -0.104906 0.306793
-4 2 3 1 0.307797 0.160449
-2 4 3 1 0.193234 0.0843667
2 4 0.5 1 -0.0794992 -0.180016
4 2 0.5 1 -0.319878 -0.202974
4 -2 0.5 1 -0.726965 -0.26652
2 -4 0.5 1 -1.0296 -0.343583
-2 -4 0.5 1 -0.891061 -0.448724
-4 -2 0.5 1 -0.0519211 -0.353895
-4 2 0.5 1 0.351206 -0.202617
-2 4 0.5 1 0.220991 -0.17381
7 2 3 1 -0.45178 -0.0211564
7 -2 3 1 -0.816235 -0.0203868
7 2 0.5 1 -0.44374 -0.20304
7 -2 0.5 1 -0.814109 -0.255241
4 0 3.3 1 -0.503426 0.0405044
7 0 3.3 1 -0.611981 0.0032477
