0 0 4.5 1 0.015264 0.717521
2 4 3 1 1.27944 0.800751
4 2 3 1 0.979156 0.501702
4 -2 3 1 0.436809 0.36017
2 -4 3 1 0.13198 0.329966
-2 -4 3 1 -0.284475 0.331816
-4 -2 3 1 -0.608189 0.37154
-4 2 3 1 -1.12693 0.595833
-2 4 3 1 -0.731009 1.04535
2 4 0.5 1 1.06785 -0.249119
4 2 0.5 1 0.893864 -0.0373536
4 -2 0.5 1 0.418435 0.0635096
2 -4 0.5 1 0.130596 0.0791374
-2 -4 0.5 1 -0.265034 0.0618416
-4 -2 0.5 1 -0.561382 0.0150571
-4 2 0.5 1 -0.957553 -0.180709
-2 4 0.5 1 -0.525336 -0.456495
7 2 3 1 1.45373 0.480491
7 -2 3 1 0.739858 0.356873
7 2 0.5 1 1.33533 -0.00317124
7 -2 0.5 1 0.706888 0.0777737
4 0 3.3 1 0.631655 0.459605
7 0 3.3 1 1.00598 0.447457
