0 0 4.5 1 0.111747 0.525454
2 4 3 1 1.27568 0.566725
4 2 3 1 0.917051 0.368805
4 -2 3 1 0.41045 0.24043
2 -4 3 1 0.1254 0.2
-2 -4 3 1 -0.256657 0.180357
-4 -2 3 1 -0.52754 0.202263
-4 2 3 1 -0.732222 0.395427
-2 4 3 1 0.167534 0.731428
2 4 0.5 1 1.27015 -0.20182
4 2 0.5 1 0.925676 -0.0626967
4 -2 0.5 1 0.4259 -0.0208712
2 -4 0.5 1 0.144214 -0.0314527
-2 -4 0.5 1 -0.227455 -0.0829278
-4 -2 0.5 1 -0.480237 -0.15716
-4 2 0.5 1 -0.618076 -0.390572
-2 4 0.5 1 0.263897 -0.55397
7 2 3 1 1.19869 0.364259
7 -2 3 1 0.639337 0.249743
7 2 0.5 1 1.19816 -0.00482414
7 -2 0.5 1 0.649175 0.0127108
4 0 3.3 1 0.599351 0.32893
7 0 3.3 1 0.857026 0.330009
