0 0 4.5 1 -0.176606 0.0735213
2 4 3 1 -0.586792 0.0150024
4 2 3 1 -0.347038 0.0190966
4 -2 3 1 0.106063 -0.0325304
2 -4 3 1 0.180509 -0.0651039
-2 -4 3 1 0.045476 -0.0806567
-4 -2 3 1 -0.11213 -0.0759275
-4 2 3 1 -0.365629 -0.0531848
-2 4 3 1 -0.528393 -0.0271416
2 4 0.5 1 -0.630836 -0.268187
4 2 0.5 1 -0.385712 -0.307689
4 -2 0.5 1 0.0928352 -0.310942
2 -4 0.5 1 0.172707 -0.282763
-2 -4 0.5 1 0.0361746 -0.245467
-4 -2 0.5 1 -0.124462 -0.22887
-4 2 0.5 1 -0.385587 -0.219657
-2 4 0.5 1 -0.557466 -0.226955
7 2 3 1 -0.32621 0.10008
7 -2 3 1 0.316068 0.00923829
7 2 0.5 1 -0.38586 -0.411607
7 -2 0.5 1 0.309949 -0.392946
4 0 3.3 1 -0.0995839 0.0255057
7 0 3.3 1 0.0359602 0.0993745
