0 0 4.5 1 0.236251 0.551455
2 4 3 1 0.702807 0.365569
4 2 3 1 0.476654 0.329976
4 -2 3 1 0.157355 0.319588
2 -4 3 1 -0.040508 0.333601
-2 -4 3 1 -0.249961 0.390444
-4 -2 3 1 -0.220574 0.463031
-4 2 3 1 0.410202 0.538966
-2 4 3 1 0.809275 0.476006
2 4 0.5 1 0.661841 0.0986342
4 2 0.5 1 0.453007 0.12086
4 -2 0.5 1 0.147355 0.136946
2 -4 0.5 1 -0.0440984 0.138774
-2 -4 0.5 1 -0.244721 0.124102
-4 -2 0.5 1 -0.215363 0.095184
-4 2 0.5 1 0.362189 0.0450221
-2 4 0.5 1 0.737707 0.0535886
7 2 3 1 0.485187 0.30314
7 -2 3 1 0.216006 0.297327
7 2 0.5 1 0.465376 0.13119
7 -2 0.5 1 0.2059 0.143687
4 0 3.3 1 0.30797 0.348796
7 0 3.3 1 0.344663 0.320214
