0 0 4.5 1 0.00199006 0.0842412
2 4 3 1 0.313958 -0.0527946
4 2 3 1 0.14187 -0.0754838
4 -2 3 1 -0.123172 -0.0872433
2 -4 3 1 -0.295689 -0.0798909
-2 -4 3 1 -0.427928 -0.0364754
-4 -2 3 1 -0.271985 0.0153682
-4 2 3 1 0.282527 0.0402834
-2 4 3 1 0.443235 0.00246587
2 4 0.5 1 0.333583 -0.24904
4 2 0.5 1 0.153578 -0.245872
4 -2 0.5 1 -0.119572 -0.257751
2 -4 0.5 1 -0.297614 -0.276455
-2 -4 0.5 1 -0.437477 -0.319252
-4 -2 0.5 1 -0.274026 -0.346609
-4 2 0.5 1 0.317206 -0.321148
-2 4 0.5 1 0.478368 -0.279648
7 2 3 1 0.120804 -0.0928216
7 -2 3 1 -0.100846 -0.102637
7 2 0.5 1 0.13001 -0.23503
7 -2 0.5 1 -0.0972834 -0.244928
4 0 3.3 1 0.00837121 -0.0615906
7 0 3.3 1 0.00917121 -0.0811348
