0 0 4.5 1 -0.0819037 0.151879
2 4 3 1 0.174508 -0.0296977
4 2 3 1 -0.000937282 -0.0238194
4 -2 3 1 -0.272439 0.00441531
2 -4 3 1 -0.451027 0.0372004
-2 -4 3 1 -0.553731 0.0969118
-4 -2 3 1 -0.312751 0.112237
-4 2 3 1 0.247446 0.0415715
-2 4 3 1 0.337921 -0.00727778
2 4 0.5 1 0.162238 -0.214969
4 2 0.5 1 -0.015086 -0.190411
4 -2 0.5 1 -0.2926 -0.172197
2 -4 0.5 1 -0.47937 -0.17483
-2 -4 0.5 1 -0.599735 -0.219038
-4 -2 0.5 1 -0.359568 -0.278448
-4 2 0.5 1 0.227131 -0.303218
-2 4 0.5 1 0.32519 -0.267265
7 2 3 1 -0.039148 -0.033879
7 -2 3 1 -0.266698 -0.0109399
7 2 0.5 1 -0.0515538 -0.173427
7 -2 0.5 1 -0.283305 -0.157451
4 0 3.3 1 -0.130597 0.0100346
7 0 3.3 1 -0.148358 -0.00583213
