0 0 4.5 1 0.242723 0.200843
2 4 3 1 1.12156 0.125182
4 2 3 1 0.812118 0.0241277
4 -2 3 1 0.379952 -0.0448947
2 -4 3 1 0.1263 -0.0629005
-2 -4 3 1 -0.197041 -0.0546011
-4 -2 3 1 -0.365293 -0.0106483
-4 2 3 1 -0.108996 0.171904
-2 4 3 1 0.789663 0.285536
2 4 0.5 1 1.25117 -0.387881
4 2 0.5 1 0.875916 -0.306399
4 -2 0.5 1 0.406469 -0.276049
2 -4 0.5 1 0.141661 -0.282628
-2 -4 0.5 1 -0.193455 -0.324828
-4 -2 0.5 1 -0.371534 -0.391637
-4 2 0.5 1 -0.0863709 -0.584532
-2 4 0.5 1 0.970565 -0.626973
7 2 3 1 0.943391 0.00306723
7 -2 3 1 0.531189 -0.0518445
7 2 0.5 1 1.00223 -0.269889
7 -2 0.5 1 0.559619 -0.253296
4 0 3.3 1 0.553793 0.0145744
7 0 3.3 1 0.701917 -0.00188905
