0 0 4.5 1 0.188615 0.761678
2 4 3 1 -0.10598 0.349694
4 2 3 1 -0.393595 0.383746
4 -2 3 1 -0.799972 0.583816
2 -4 3 1 -0.522507 1.04712
-2 -4 3 1 1.76776 1.0773
-4 -2 3 1 1.35719 0.622337
-4 2 3 1 0.65443 0.404681
-2 4 3 1 0.310865 0.358191
2 4 0.5 1 -0.0955062 0.088767
4 2 0.5 1 -0.36326 0.0566274
4 -2 0.5 1 -0.693313 -0.0767365
2 -4 0.5 1 -0.382842 -0.298749
-2 -4 0.5 1 1.40929 -0.250447
-4 -2 0.5 1 1.21415 -0.0298026
-4 2 0.5 1 0.622103 0.0796112
-2 4 0.5 1 0.301268 0.0979165
7 2 3 1 -0.792478 0.375778
7 -2 3 1 -1.63408 0.568921
7 2 0.5 1 -0.737959 0.0478874
7 -2 0.5 1 -1.42825 -0.0948198
4 0 3.3 1 -0.532484 0.506465
7 0 3.3 1 -1.07789 0.496269
