0 0 4.5 1 0.055244 0.0344587
2 4 3 1 -0.300515 -0.0570288
4 2 3 1 -0.177356 -0.025646
4 -2 3 1 0.259528 -0.0222672
2 -4 3 1 0.421026 -0.0536625
-2 -4 3 1 0.335281 -0.0934633
-4 -2 3 1 0.185201 -0.106296
-4 2 3 1 -0.0511711 -0.106228
-2 4 3 1 -0.199001 -0.0939612
2 4 0.5 1 -0.316176 -0.282481
4 2 0.5 1 -0.189934 -0.304011
4 -2 0.5 1 0.271905 -0.313255
2 -4 0.5 1 0.439091 -0.296149
-2 -4 0.5 1 0.34535 -0.270325
-4 -2 0.5 1 0.18938 -0.260214
-4 2 0.5 1 -0.0541083 -0.256543
-2 4 0.5 1 -0.207191 -0.261588
7 2 3 1 -0.303796 0.0550985
7 -2 3 1 0.337017 0.0653367
7 2 0.5 1 -0.333142 -0.35406
7 -2 0.5 1 0.362863 -0.371716
4 0 3.3 1 0.0365075 0.00809849
7 0 3.3 1 0.00696854 0.106304
