0 0 4.5 1 -0.0900844 0.681693
2 4 3 1 0.790132 0.86015
4 2 3 1 0.876793 0.448739
4 -2 3 1 0.424629 0.294763
2 -4 3 1 0.133167 0.279579
-2 -4 3 1 -0.27812 0.31091
-4 -2 3 1 -0.608904 0.374716
-4 2 3 1 -1.24449 0.625695
-2 4 3 1 -1.44479 1.07547
2 4 0.5 1 0.585868 -0.390571
4 2 0.5 1 0.76342 -0.168243
4 -2 0.5 1 0.385093 -0.0183397
2 -4 0.5 1 0.111146 0.0262473
-2 -4 0.5 1 -0.286079 0.0533363
-4 -2 0.5 1 -0.60442 0.0483315
-4 2 0.5 1 -1.18025 -0.0450102
-2 4 0.5 1 -1.28817 -0.285661
7 2 3 1 1.60423 0.388057
7 -2 3 1 0.795542 0.266069
7 2 0.5 1 1.43495 -0.21082
7 -2 0.5 1 0.740878 -0.0423116
4 0 3.3 1 0.582429 0.399036
7 0 3.3 1 1.07712 0.358936
