0 0 4.5 1 0.0929783 0.729992
2 4 3 1 -0.101519 0.329641
4 2 3 1 -0.398883 0.382895
4 -2 3 1 -0.898219 0.599128
2 -4 3 1 -1.04308 1.02833
-2 -4 3 1 1.20664 1.16068
-4 -2 3 1 1.26996 0.586385
-4 2 3 1 0.651221 0.345888
-2 4 3 1 0.315493 0.312586
2 4 0.5 1 -0.112786 0.0768683
4 2 0.5 1 -0.398917 0.0774573
4 -2 0.5 1 -0.856546 0.0176217
2 -4 0.5 1 -0.940064 -0.15427
-2 -4 0.5 1 0.879858 -0.368985
-4 -2 0.5 1 1.0905 -0.160101
-4 2 0.5 1 0.59708 0.000476695
-2 4 0.5 1 0.287034 0.0471062
7 2 3 1 -0.727376 0.394471
7 -2 3 1 -1.46257 0.602445
7 2 0.5 1 -0.713168 0.101746
7 -2 0.5 1 -1.38057 0.0654534
4 0 3.3 1 -0.571073 0.508347
7 0 3.3 1 -0.989972 0.516058
