0 0 4.5 1 0.286116 0.507818
2 4 3 1 -0.124835 0.337038
4 2 3 1 -0.0825773 0.388571
4 -2 3 1 0.427329 0.474118
2 -4 3 1 0.774909 0.462363
-2 -4 3 1 0.721165 0.380997
-4 -2 3 1 0.520018 0.33883
-4 2 3 1 0.223811 0.309394
-2 4 3 1 0.0451624 0.30759
2 4 0.5 1 -0.111573 0.112015
4 2 0.5 1 -0.0674605 0.0926092
4 -2 0.5 1 0.41297 0.0845743
2 -4 0.5 1 0.740704 0.10787
-2 -4 0.5 1 0.699783 0.139437
-4 -2 0.5 1 0.50965 0.146694
-4 2 0.5 1 0.223458 0.143171
-2 4 0.5 1 0.0502508 0.134053
7 2 3 1 -0.377049 0.464669
7 -2 3 1 0.309728 0.645767
7 2 0.5 1 -0.334842 0.0461384
7 -2 0.5 1 0.299407 0.011607
4 0 3.3 1 0.136833 0.468642
7 0 3.3 1 -0.108636 0.603294
