0 0 4.5 1 0.434043 0.244543
2 4 3 1 -0.020684 0.102651
4 2 3 1 -0.0576417 0.149652
4 -2 3 1 0.410412 0.204763
2 -4 3 1 1.01087 0.159035
-2 -4 3 1 1.07224 0.0543632
-4 -2 3 1 0.800648 0.0301463
-4 2 3 1 0.423175 0.0366124
-2 4 3 1 0.208261 0.0560831
2 4 0.5 1 -0.0434844 -0.124609
4 2 0.5 1 -0.0886539 -0.156278
4 -2 0.5 1 0.366259 -0.287037
2 -4 0.5 1 0.972189 -0.35923
-2 -4 0.5 1 1.04759 -0.283791
-4 -2 0.5 1 0.781168 -0.214427
-4 2 0.5 1 0.406443 -0.151213
-2 4 0.5 1 0.190852 -0.128149
7 2 3 1 -0.441856 0.23998
7 -2 3 1 -0.0616129 0.415977
7 2 0.5 1 -0.486388 -0.160347
7 -2 0.5 1 -0.142522 -0.376075
4 0 3.3 1 0.126557 0.215621
7 0 3.3 1 -0.306938 0.362159
