0 0 4.5 1 0.368398 0.511438
2 4 3 1 -0.0722188 0.350043
4 2 3 1 -0.0493447 0.400109
4 -2 3 1 0.475846 0.469464
2 -4 3 1 0.895064 0.442239
-2 -4 3 1 0.85308 0.354444
-4 -2 3 1 0.627928 0.319569
-4 2 3 1 0.30563 0.304668
-2 4 3 1 0.115288 0.31215
2 4 0.5 1 -0.0740211 0.120793
4 2 0.5 1 -0.0529911 0.0955761
4 -2 0.5 1 0.4307 0.0462917
2 -4 0.5 1 0.822365 0.0456344
-2 -4 0.5 1 0.805578 0.0883703
-4 -2 0.5 1 0.59942 0.112812
-4 2 0.5 1 0.292033 0.13095
-2 4 0.5 1 0.107647 0.133524
7 2 3 1 -0.378826 0.488697
7 -2 3 1 0.277946 0.664518
7 2 0.5 1 -0.358655 0.0642375
7 -2 0.5 1 0.230164 -0.0327726
4 0 3.3 1 0.171581 0.474778
7 0 3.3 1 -0.133484 0.62519
