0 0 4.5 1 -0.232537 0.271159
2 4 3 1 -0.683388 0.234305
4 2 3 1 -0.376668 0.220832
4 -2 3 1 0.0929495 0.13701
2 -4 3 1 0.13878 0.10116
-2 -4 3 1 -0.0191199 0.0931458
-4 -2 3 1 -0.187167 0.106054
-4 2 3 1 -0.461037 0.143843
-2 4 3 1 -0.640906 0.182432
2 4 0.5 1 -0.712517 -0.0826845
4 2 0.5 1 -0.410308 -0.131432
4 -2 0.5 1 0.0649852 -0.139616
2 -4 0.5 1 0.11718 -0.111286
-2 -4 0.5 1 -0.0354449 -0.0703837
-4 -2 0.5 1 -0.202382 -0.0494424
-4 2 0.5 1 -0.477765 -0.0329982
-2 4 0.5 1 -0.661167 -0.0367373
7 2 3 1 -0.276059 0.312641
7 -2 3 1 0.357481 0.166244
7 2 0.5 1 -0.330227 -0.248287
7 -2 0.5 1 0.31678 -0.224538
4 0 3.3 1 -0.109947 0.211222
7 0 3.3 1 0.103005 0.28196
