0 0 4.5 1 0.267 0.512847
2 4 3 1 0.752839 0.316578
4 2 3 1 0.519105 0.285226
4 -2 3 1 0.192619 0.28241
2 -4 3 1 -0.00777828 0.301076
-2 -4 3 1 -0.223419 0.361945
-4 -2 3 1 -0.208342 0.433478
-4 2 3 1 0.41431 0.501538
-2 4 3 1 0.850219 0.42993
2 4 0.5 1 0.7052 0.0412261
4 2 0.5 1 0.489938 0.072234
4 -2 0.5 1 0.176986 0.0993476
2 -4 0.5 1 -0.0181436 0.107546
-2 -4 0.5 1 -0.22851 0.0993769
-4 -2 0.5 1 -0.216175 0.0691934
-4 2 0.5 1 0.355422 -0.00436659
-2 4 0.5 1 0.768796 -0.0101403
7 2 3 1 0.532506 0.257564
7 -2 3 1 0.255937 0.258554
7 2 0.5 1 0.508064 0.0825556
7 -2 0.5 1 0.241162 0.10427
4 0 3.3 1 0.345839 0.308189
7 0 3.3 1 0.387632 0.278361
