0 0 4.5 1 -0.239522 0.51901
2 4 3 1 0.0184451 0.299767
4 2 3 1 -0.186986 0.295784
4 -2 3 1 -0.519368 0.313529
2 -4 3 1 -0.755041 0.348166
-2 -4 3 1 -0.831459 0.437463
-4 -2 3 1 -0.360629 0.467226
-4 2 3 1 0.249423 0.385358
-2 4 3 1 0.246715 0.333221
2 4 0.5 1 0.0172313 0.104688
4 2 0.5 1 -0.180836 0.109695
4 -2 0.5 1 -0.498271 0.0943674
2 -4 0.5 1 -0.71502 0.062781
-2 -4 0.5 1 -0.762206 -0.0177683
-4 -2 0.5 1 -0.327713 -0.0459701
-4 2 0.5 1 0.23148 0.0231203
-2 4 0.5 1 0.233753 0.0714239
7 2 3 1 -0.256676 0.281479
7 -2 3 1 -0.539634 0.293906
7 2 0.5 1 -0.249358 0.124082
7 -2 0.5 1 -0.521502 0.113482
4 0 3.3 1 -0.340929 0.329158
7 0 3.3 1 -0.389864 0.308192
