0 0 4.5 1 -0.3118 0.413815
2 4 3 1 -0.0688012 0.196292
4 2 3 1 -0.288744 0.175297
4 -2 3 1 -0.656535 0.171608
2 -4 3 1 -0.927701 0.201455
-2 -4 3 1 -0.940901 0.333552
-4 -2 3 1 -0.298217 0.40271
-4 2 3 1 0.248601 0.319387
-2 4 3 1 0.189017 0.253764
2 4 0.5 1 -0.0502802 -0.000479083
4 2 0.5 1 -0.266629 -0.0188751
4 -2 0.5 1 -0.620696 -0.0726924
2 -4 0.5 1 -0.870294 -0.135424
-2 -4 0.5 1 -0.845366 -0.229778
-4 -2 0.5 1 -0.23234 -0.183086
-4 2 0.5 1 0.272184 -0.0423701
-2 4 0.5 1 0.207232 -0.00335726
7 2 3 1 -0.380663 0.150648
7 -2 3 1 -0.701998 0.142286
7 2 0.5 1 -0.360422 -0.0147852
7 -2 0.5 1 -0.671696 -0.058195
4 0 3.3 1 -0.454578 0.200205
7 0 3.3 1 -0.528626 0.169031
