0 0 4.5 1 0.140209 0.774795
2 4 3 1 -0.103302 0.360572
4 2 3 1 -0.400984 0.406775
4 -2 3 1 -0.878087 0.621433
2 -4 3 1 -0.872402 1.08546
-2 -4 3 1 1.5546 1.16834
-4 -2 3 1 1.34796 0.623973
-4 2 3 1 0.663779 0.392218
-2 4 3 1 0.31883 0.353602
2 4 0.5 1 -0.105091 0.101321
4 2 0.5 1 -0.386034 0.087868
4 -2 0.5 1 -0.797785 -0.00580954
2 -4 0.5 1 -0.719984 -0.211072
-2 -4 0.5 1 1.15447 -0.318779
-4 -2 0.5 1 1.16316 -0.0906237
-4 2 0.5 1 0.614262 0.0522716
-2 4 0.5 1 0.296536 0.0876638
7 2 3 1 -0.763717 0.411734
7 -2 3 1 -1.56354 0.620651
7 2 0.5 1 -0.728735 0.100063
7 -2 0.5 1 -1.41531 0.0208996
4 0 3.3 1 -0.564005 0.533668
7 0 3.3 1 -1.04301 0.53606
