0 0 4.5 1 0.249849 0.184096
2 4 3 1 1.10523 0.0947716
4 2 3 1 0.800008 0.00103871
4 -2 3 1 0.373504 -0.0608586
2 -4 3 1 0.122454 -0.0751236
-2 -4 3 1 -0.195504 -0.0618007
-4 -2 3 1 -0.35411 -0.0146442
-4 2 3 1 -0.0657058 0.162992
-2 4 3 1 0.812948 0.255689
2 4 0.5 1 1.22938 -0.40324
4 2 0.5 1 0.860733 -0.323257
4 -2 0.5 1 0.397692 -0.290123
2 -4 0.5 1 0.135269 -0.294177
-2 -4 0.5 1 -0.195687 -0.332528
-4 -2 0.5 1 -0.365771 -0.396519
-4 2 0.5 1 -0.047344 -0.584288
-2 4 0.5 1 0.98871 -0.626306
7 2 3 1 0.922383 -0.0218547
7 -2 3 1 0.519223 -0.0701139
7 2 0.5 1 0.978426 -0.289425
7 -2 0.5 1 0.545635 -0.269506
4 0 3.3 1 0.546509 -0.00462123
7 0 3.3 1 0.6874 -0.0232973
