0 0 4.5 1 0.4296 0.172503
2 4 3 1 -0.0230676 0.0164875
4 2 3 1 -0.0825269 0.0632336
4 -2 3 1 0.35125 0.134275
2 -4 3 1 1.01764 0.104587
-2 -4 3 1 1.13971 -0.00888404
-4 -2 3 1 0.851156 -0.0410851
-4 2 3 1 0.450287 -0.0418074
-2 4 3 1 0.223911 -0.0259942
2 4 0.5 1 -0.0435432 -0.217076
4 2 0.5 1 -0.112298 -0.251837
4 -2 0.5 1 0.325567 -0.39756
2 -4 0.5 1 1.03164 -0.485521
-2 -4 0.5 1 1.15363 -0.390994
-4 -2 0.5 1 0.852681 -0.309565
-4 2 0.5 1 0.442939 -0.2411
-2 4 0.5 1 0.212186 -0.218178
7 2 3 1 -0.485602 0.142697
7 -2 3 1 -0.224805 0.336347
7 2 0.5 1 -0.541574 -0.260139
7 -2 0.5 1 -0.319979 -0.505325
4 0 3.3 1 0.083874 0.135234
7 0 3.3 1 -0.391741 0.26775
