0 0 4.5 1 0.254264 0.610683
2 4 3 1 -0.0917782 0.238612
4 2 3 1 -0.343479 0.257552
4 -2 3 1 -0.56455 0.430741
2 -4 3 1 0.113727 0.818966
-2 -4 3 1 1.72418 0.80362
-4 -2 3 1 1.26125 0.501526
-4 2 3 1 0.617431 0.316773
-2 4 3 1 0.296145 0.264256
2 4 0.5 1 -0.0686583 -0.014205
4 2 0.5 1 -0.304934 -0.0680047
4 -2 0.5 1 -0.471221 -0.23768
2 -4 0.5 1 0.194835 -0.425741
-2 -4 0.5 1 1.62518 -0.199336
-4 -2 0.5 1 1.23297 -0.0298401
-4 2 0.5 1 0.621685 0.0275075
-2 4 0.5 1 0.308055 0.0231801
7 2 3 1 -0.775635 0.230918
7 -2 3 1 -1.55283 0.392426
7 2 0.5 1 -0.71911 -0.110696
7 -2 0.5 1 -1.3714 -0.347463
4 0 3.3 1 -0.421908 0.369001
7 0 3.3 1 -1.02795 0.340428
