0 0 4.5 1 -0.157806 0.575163
2 4 3 1 0.346927 0.808752
4 2 3 1 0.723918 0.380248
4 -2 3 1 0.383698 0.208053
2 -4 3 1 0.113651 0.192618
-2 -4 3 1 -0.28101 0.227846
-4 -2 3 1 -0.600393 0.293889
-4 2 3 1 -1.21727 0.529707
-2 4 3 1 -1.53414 0.91476
2 4 0.5 1 0.209406 -0.443392
4 2 0.5 1 0.64075 -0.260057
4 -2 0.5 1 0.347437 -0.108
2 -4 0.5 1 0.0881915 -0.0571742
-2 -4 0.5 1 -0.301341 -0.0172623
-4 -2 0.5 1 -0.620747 -0.00758541
-4 2 0.5 1 -1.23931 -0.0534298
-2 4 0.5 1 -1.55984 -0.227702
7 2 3 1 1.56573 0.315434
7 -2 3 1 0.780412 0.173451
7 2 0.5 1 1.45257 -0.34928
7 -2 0.5 1 0.73732 -0.148437
4 0 3.3 1 0.501798 0.316634
7 0 3.3 1 1.0427 0.27275
