0 0 4.5 1 -0.285938 0.259435
2 4 3 1 -0.0964251 0.0202771
4 2 3 1 -0.333095 0.00307376
4 -2 3 1 -0.734597 0.0152061
2 -4 3 1 -1.02823 0.0732038
-2 -4 3 1 -0.888434 0.270404
-4 -2 3 1 -0.0963248 0.304605
-4 2 3 1 0.310505 0.155228
-2 4 3 1 0.193841 0.0789592
2 4 0.5 1 -0.0806629 -0.18557
4 2 0.5 1 -0.322067 -0.208313
4 -2 0.5 1 -0.731438 -0.271609
2 -4 0.5 1 -1.03636 -0.348816
-2 -4 0.5 1 -0.891993 -0.454579
-4 -2 0.5 1 -0.0439729 -0.35903
-4 2 0.5 1 0.354129 -0.208193
-2 4 0.5 1 0.221509 -0.179538
7 2 3 1 -0.45444 -0.0256135
7 -2 3 1 -0.820726 -0.0238458
7 2 0.5 1 -0.447202 -0.208335
7 -2 0.5 1 -0.820215 -0.26032
4 0 3.3 1 -0.505058 0.0366525
7 0 3.3 1 -0.615129 -0.000673093
