0 0 4.5 1 0.0127944 0.109462
2 4 3 1 0.332624 -0.0213472
4 2 3 1 0.160727 -0.047994
4 -2 3 1 -0.103765 -0.0650764
2 -4 3 1 -0.275917 -0.0609893
-2 -4 3 1 -0.412589 -0.0200854
-4 -2 3 1 -0.267161 0.0353054
-4 2 3 1 0.28689 0.0733408
-2 4 3 1 0.457559 0.0381948
2 4 0.5 1 0.354996 -0.217853
4 2 0.5 1 0.175326 -0.217736
4 -2 0.5 1 -0.0963866 -0.233613
2 -4 0.5 1 -0.272735 -0.254294
-2 -4 0.5 1 -0.414054 -0.297072
-4 -2 0.5 1 -0.260704 -0.320883
-4 2 0.5 1 0.326009 -0.288269
-2 4 0.5 1 0.495877 -0.245408
7 2 3 1 0.141972 -0.0660315
7 -2 3 1 -0.0791797 -0.0801804
7 2 0.5 1 0.153692 -0.20761
7 -2 0.5 1 -0.0724849 -0.220918
4 0 3.3 1 0.0265712 -0.036873
7 0 3.3 1 0.0298776 -0.0566097
