0 0 4.5 1 -0.246534 0.520049
2 4 3 1 0.0118972 0.300609
4 2 3 1 -0.194608 0.295402
4 -2 3 1 -0.529424 0.31152
2 -4 3 1 -0.767533 0.345534
-2 -4 3 1 -0.842193 0.436578
-4 -2 3 1 -0.361415 0.469039
-4 2 3 1 0.248126 0.388413
-2 4 3 1 0.242188 0.335672
2 4 0.5 1 0.0121539 0.105096
4 2 0.5 1 -0.186989 0.108581
4 -2 0.5 1 -0.506366 0.0907616
2 -4 0.5 1 -0.72462 0.0572457
-2 -4 0.5 1 -0.768314 -0.0245051
-4 -2 0.5 1 -0.324983 -0.04899
-4 2 0.5 1 0.23249 0.0253591
-2 4 0.5 1 0.231083 0.0736036
7 2 3 1 -0.265502 0.280508
7 -2 3 1 -0.550826 0.291455
7 2 0.5 1 -0.25689 0.122449
7 -2 0.5 1 -0.531032 0.109767
4 0 3.3 1 -0.349559 0.328159
7 0 3.3 1 -0.399745 0.306644
