0 0 4.5 1 0.0617846 0.686123
2 4 3 1 -0.102553 0.297973
4 2 3 1 -0.397249 0.353463
4 -2 3 1 -0.898591 0.56573
2 -4 3 1 -1.0995 0.964864
-2 -4 3 1 0.958294 1.12328
-4 -2 3 1 1.19599 0.554314
-4 2 3 1 0.635181 0.308723
-2 4 3 1 0.308561 0.277142
2 4 0.5 1 -0.118462 0.050195
4 2 0.5 1 -0.405809 0.0575575
4 -2 0.5 1 -0.882288 0.0155096
2 -4 0.5 1 -1.04407 -0.13309
-2 -4 0.5 1 0.69547 -0.391752
-4 -2 0.5 1 1.03497 -0.203974
-4 2 0.5 1 0.582484 -0.0382936
-2 4 0.5 1 0.278606 0.0130863
7 2 3 1 -0.705335 0.366814
7 -2 3 1 -1.39805 0.568452
7 2 0.5 1 -0.703231 0.0864033
7 -2 0.5 1 -1.35453 0.0695711
4 0 3.3 1 -0.571591 0.476086
7 0 3.3 1 -0.955919 0.484485
