0 0 4.5 1 -0.0635406 0.0774569
2 4 3 1 -0.423133 -0.0386441
4 2 3 1 -0.258855 -0.001297
4 -2 3 1 0.179413 0.023844
2 -4 3 1 0.299217 0.00500234
-2 -4 3 1 0.195862 -0.0326996
-4 -2 3 1 0.0485007 -0.0525546
-4 2 3 1 -0.187146 -0.0679472
-2 4 3 1 -0.337384 -0.0668908
2 4 0.5 1 -0.418975 -0.28042
4 2 0.5 1 -0.247423 -0.290955
4 -2 0.5 1 0.206538 -0.250196
2 -4 0.5 1 0.324588 -0.215772
-2 -4 0.5 1 0.212345 -0.196813
-4 -2 0.5 1 0.0603663 -0.200116
-4 2 0.5 1 -0.179743 -0.219919
-2 4 0.5 1 -0.332365 -0.242331
7 2 3 1 -0.335005 0.0694813
7 -2 3 1 0.311999 0.101219
7 2 0.5 1 -0.322075 -0.36931
7 -2 0.5 1 0.359733 -0.302682
4 0 3.3 1 -0.0364967 0.0440016
7 0 3.3 1 -0.00307317 0.133362
