0 0 4.5 1 0.0508148 0.663088
2 4 3 1 1.31058 0.728332
4 2 3 1 0.963206 0.472317
4 -2 3 1 0.426341 0.333826
2 -4 3 1 0.12678 0.297817
-2 -4 3 1 -0.279596 0.288431
-4 -2 3 1 -0.587205 0.318615
-4 2 3 1 -1.00064 0.52656
-2 4 3 1 -0.357977 0.937811
2 4 0.5 1 1.16931 -0.212125
4 2 0.5 1 0.91257 -0.0261664
4 -2 0.5 1 0.421393 0.0498449
2 -4 0.5 1 0.134343 0.0536572
-2 -4 0.5 1 -0.253611 0.0203211
-4 -2 0.5 1 -0.534834 -0.0398826
-4 2 0.5 1 -0.838845 -0.259263
-2 4 0.5 1 -0.215055 -0.503157
7 2 3 1 1.35441 0.461511
7 -2 3 1 0.700277 0.337937
7 2 0.5 1 1.28275 0.0231007
7 -2 0.5 1 0.684081 0.0744942
4 0 3.3 1 0.621822 0.430097
7 0 3.3 1 0.948676 0.426032
