0 0 4.5 1 -0.311765 0.379519
2 4 3 1 -0.0767234 0.160597
4 2 3 1 -0.29924 0.138522
4 -2 3 1 -0.672961 0.134467
2 -4 3 1 -0.949183 0.166568
-2 -4 3 1 -0.941067 0.309854
-4 -2 3 1 -0.26796 0.380021
-4 2 3 1 0.256578 0.288578
-2 4 3 1 0.186398 0.220324
2 4 0.5 1 -0.0569967 -0.0366914
4 2 0.5 1 -0.277313 -0.0576239
4 -2 0.5 1 -0.640057 -0.115872
2 -4 0.5 1 -0.898263 -0.182914
-2 -4 0.5 1 -0.856175 -0.27889
-4 -2 0.5 1 -0.202791 -0.219136
-4 2 0.5 1 0.286136 -0.0720645
-2 4 0.5 1 0.208395 -0.0356892
7 2 3 1 -0.395956 0.112411
7 -2 3 1 -0.724723 0.103083
7 2 0.5 1 -0.376355 -0.0550856
7 -2 0.5 1 -0.697111 -0.102398
4 0 3.3 1 -0.466355 0.163484
7 0 3.3 1 -0.546189 0.130618
