0 0 4.5 1 -0.218061 0.215275
2 4 3 1 -0.656584 0.175886
4 2 3 1 -0.369832 0.165315
4 -2 3 1 0.0935871 0.0871856
2 -4 3 1 0.146522 0.0520092
-2 -4 3 1 -0.00489299 0.0433573
-4 -2 3 1 -0.169402 0.0553532
-4 2 3 1 -0.436313 0.0908781
-2 4 3 1 -0.610306 0.126961
2 4 0.5 1 -0.69397 -0.129248
4 2 0.5 1 -0.40836 -0.177506
4 -2 0.5 1 0.067219 -0.188024
2 -4 0.5 1 0.126601 -0.160284
-2 -4 0.5 1 -0.0210156 -0.119309
-4 -2 0.5 1 -0.185525 -0.098308
-4 2 0.5 1 -0.456071 -0.0817969
-2 4 0.5 1 -0.635905 -0.0851569
7 2 3 1 -0.291897 0.252578
7 -2 3 1 0.343182 0.117397
7 2 0.5 1 -0.351698 -0.291169
7 -2 0.5 1 0.309085 -0.273878
4 0 3.3 1 -0.108997 0.158173
7 0 3.3 1 0.0825168 0.227632
