0 0 4.5 1 0.31542 0.426106
2 4 3 1 -0.0606732 0.0994964
4 2 3 1 -0.272792 0.116917
4 -2 3 1 -0.309648 0.280134
2 -4 3 1 0.543013 0.578415
-2 -4 3 1 1.59179 0.525856
-4 -2 3 1 1.17118 0.319225
-4 2 3 1 0.595149 0.17207
-2 4 3 1 0.296902 0.124844
2 4 0.5 1 -0.0360867 -0.148545
4 2 0.5 1 -0.241575 -0.209729
4 -2 0.5 1 -0.246128 -0.387021
2 -4 0.5 1 0.664577 -0.52466
-2 -4 0.5 1 1.69139 -0.252691
-4 -2 0.5 1 1.22457 -0.124305
-4 2 0.5 1 0.624053 -0.0899065
-2 4 0.5 1 0.32076 -0.101942
7 2 3 1 -0.718653 0.0885852
7 -2 3 1 -1.33204 0.253144
7 2 0.5 1 -0.686976 -0.271383
7 -2 0.5 1 -1.26798 -0.569558
4 0 3.3 1 -0.289912 0.222865
7 0 3.3 1 -0.911052 0.198379
