0 0 4.5 1 -0.14591 0.0234394
2 4 3 1 -0.541286 -0.0525082
4 2 3 1 -0.325048 -0.037287
4 -2 3 1 0.124521 -0.0668895
2 -4 3 1 0.212353 -0.0965472
-2 -4 3 1 0.086488 -0.118643
-4 -2 3 1 -0.0681809 -0.120858
-4 2 3 1 -0.316317 -0.109243
-2 4 3 1 -0.474902 -0.0907781
2 4 0.5 1 -0.577017 -0.326265
4 2 0.5 1 -0.353474 -0.357025
4 -2 0.5 1 0.124078 -0.347916
2 -4 0.5 1 0.215742 -0.318066
-2 -4 0.5 1 0.0850147 -0.285449
-4 -2 0.5 1 -0.074069 -0.274232
-4 2 0.5 1 -0.330441 -0.27346
-2 4 0.5 1 -0.497652 -0.285564
7 2 3 1 -0.334616 0.0415748
7 -2 3 1 0.311882 -0.0144164
7 2 0.5 1 -0.380343 -0.454506
7 -2 0.5 1 0.326169 -0.423067
4 0 3.3 1 -0.0845383 -0.0193205
7 0 3.3 1 0.020055 0.0599105
