0 0 4.5 1 -0.193564 0.513481
2 4 3 1 0.126044 0.765184
4 2 3 1 0.631649 0.346714
4 -2 3 1 0.357631 0.162838
2 -4 3 1 0.100171 0.144268
-2 -4 3 1 -0.285376 0.177161
-4 -2 3 1 -0.598238 0.240827
-4 2 3 1 -1.19837 0.462203
-2 4 3 1 -1.53706 0.80979
2 4 0.5 1 0.00344264 -0.460129
4 2 0.5 1 0.568468 -0.302447
4 -2 0.5 1 0.326241 -0.155509
2 -4 0.5 1 0.0753116 -0.104631
-2 -4 0.5 1 -0.309793 -0.0626588
-4 -2 0.5 1 -0.62825 -0.049409
-4 2 0.5 1 -1.25611 -0.0798941
-2 4 0.5 1 -1.64901 -0.223013
7 2 3 1 1.51772 0.290795
7 -2 3 1 0.765309 0.129575
7 2 0.5 1 1.4526 -0.410288
7 -2 0.5 1 0.733412 -0.200769
4 0 3.3 1 0.452859 0.274511
7 0 3.3 1 1.01159 0.235003
