0 0 4.5 1 -0.324383 0.294409
2 4 3 1 -0.563068 0.526341
4 2 3 1 0.242476 0.252339
4 -2 3 1 0.252809 0.0358178
2 -4 3 1 0.0527982 -0.00855926
-2 -4 3 1 -0.29645 -0.00817709
-4 -2 3 1 -0.585963 0.0274965
-4 2 3 1 -1.12143 0.165645
-2 4 3 1 -1.47226 0.377089
2 4 0.5 1 -0.730407 -0.502738
4 2 0.5 1 0.240665 -0.407801
4 -2 0.5 1 0.252554 -0.29611
2 -4 0.5 1 0.0435702 -0.260571
-2 -4 0.5 1 -0.319094 -0.236368
-4 -2 0.5 1 -0.625559 -0.232826
-4 2 0.5 1 -1.2302 -0.260786
-2 4 0.5 1 -1.7121 -0.343129
7 2 3 1 1.1974 0.313037
7 -2 3 1 0.692641 0.0401812
7 2 0.5 1 1.34611 -0.518291
7 -2 0.5 1 0.721794 -0.329928
4 0 3.3 1 0.249377 0.157772
7 0 3.3 1 0.845468 0.181661
