0 0 4.5 1 -0.0358456 0.525562
2 4 3 1 -0.114979 0.174833
4 2 3 1 -0.398207 0.228076
4 -2 3 1 -0.883361 0.412909
2 -4 3 1 -1.15717 0.716966
-2 -4 3 1 0.259575 0.929478
-4 -2 3 1 0.9099 0.45099
-4 2 3 1 0.5653 0.189141
-2 4 3 1 0.274202 0.154389
2 4 0.5 1 -0.138556 -0.0596773
4 2 0.5 1 -0.425455 -0.0417426
4 -2 0.5 1 -0.930534 -0.0505959
2 -4 0.5 1 -1.24481 -0.140101
-2 -4 0.5 1 0.123251 -0.432778
-4 -2 0.5 1 0.833293 -0.32295
-4 2 0.5 1 0.530282 -0.162871
-2 4 0.5 1 0.248121 -0.106604
7 2 3 1 -0.652919 0.238369
7 -2 3 1 -1.23362 0.405471
7 2 0.5 1 -0.678072 -0.0097263
7 -2 0.5 1 -1.27484 0.00256926
4 0 3.3 1 -0.572573 0.336989
7 0 3.3 1 -0.870474 0.338882
