0 0 4.5 1 0.387527 0.211851
2 4 3 1 -0.0272964 -0.0534832
4 2 3 1 -0.184875 -0.0235907
4 -2 3 1 0.00251462 0.127349
2 -4 3 1 0.882399 0.287605
-2 -4 3 1 1.43961 0.183832
-4 -2 3 1 1.07413 0.0632327
-4 2 3 1 0.567791 -0.0242691
-2 4 3 1 0.293962 -0.0500882
2 4 0.5 1 -0.0146019 -0.30544
4 2 0.5 1 -0.176675 -0.362226
4 -2 0.5 1 0.0403877 -0.536162
2 -4 0.5 1 1.08145 -0.640962
-2 -4 0.5 1 1.62404 -0.416329
-4 -2 0.5 1 1.16313 -0.309468
-4 2 0.5 1 0.60423 -0.266539
-2 4 0.5 1 0.316798 -0.269573
7 2 3 1 -0.637283 -0.0231829
7 -2 3 1 -0.942211 0.183874
7 2 0.5 1 -0.657841 -0.421184
7 -2 0.5 1 -1.04216 -0.754741
4 0 3.3 1 -0.12216 0.0779259
7 0 3.3 1 -0.727241 0.101329
