0 0 4.5 1 0.147278 0.777696
2 4 3 1 -0.103819 0.362405
4 2 3 1 -0.400877 0.407121
4 -2 3 1 -0.871432 0.620518
2 -4 3 1 -0.833875 1.08747
-2 -4 3 1 1.59822 1.16228
-4 -2 3 1 1.35457 0.627249
-4 2 3 1 0.663991 0.397093
-2 4 3 1 0.318395 0.357421
2 4 0.5 1 -0.103933 0.102478
4 2 0.5 1 -0.383558 0.0865158
4 -2 0.5 1 -0.785927 -0.0128454
2 -4 0.5 1 -0.678541 -0.222211
-2 -4 0.5 1 1.19429 -0.309517
-4 -2 0.5 1 1.17241 -0.0804297
-4 2 0.5 1 0.616108 0.0585667
-2 4 0.5 1 0.297531 0.0917969
7 2 3 1 -0.768986 0.410588
7 -2 3 1 -1.57751 0.618382
7 2 0.5 1 -0.730815 0.0962246
7 -2 0.5 1 -1.41928 0.00901212
4 0 3.3 1 -0.561534 0.533811
7 0 3.3 1 -1.05023 0.534837
