0 0 4.5 1 -0.0894154 0.183579
2 4 3 1 0.162817 -0.00178605
4 2 3 1 -0.0134834 0.00601837
4 -2 3 1 -0.286734 0.0370678
2 -4 3 1 -0.467079 0.0718598
-2 -4 3 1 -0.56727 0.132952
-4 -2 3 1 -0.314764 0.144693
-4 2 3 1 0.247257 0.0668453
-2 4 3 1 0.33026 0.0180549
2 4 0.5 1 0.148076 -0.18557
4 2 0.5 1 -0.0290551 -0.16001
4 -2 0.5 1 -0.307143 -0.140341
2 -4 0.5 1 -0.494767 -0.142346
-2 -4 0.5 1 -0.611412 -0.187756
-4 -2 0.5 1 -0.361361 -0.249618
-4 2 0.5 1 0.221895 -0.275325
-2 4 0.5 1 0.31292 -0.238954
7 2 3 1 -0.0536516 -0.00335227
7 -2 3 1 -0.282777 0.021872
7 2 0.5 1 -0.0671232 -0.142517
7 -2 0.5 1 -0.299631 -0.125201
4 0 3.3 1 -0.143369 0.0413012
7 0 3.3 1 -0.163186 0.0258558
