0 0 4.5 1 0.294284 0.397158
2 4 3 1 0.821468 0.192215
4 2 3 1 0.576631 0.165752
4 -2 3 1 0.238286 0.171951
2 -4 3 1 0.0333765 0.195664
-2 -4 3 1 -0.193925 0.259687
-4 -2 3 1 -0.206542 0.328917
-4 2 3 1 0.382805 0.391737
-2 4 3 1 0.88826 0.311604
2 4 0.5 1 0.77745 -0.10141
4 2 0.5 1 0.547183 -0.0555127
4 -2 0.5 1 0.218163 -0.0119655
2 -4 0.5 1 0.0152605 0.00487221
-2 -4 0.5 1 -0.213957 0.00534324
-4 -2 0.5 1 -0.234048 -0.0259566
-4 2 0.5 1 0.320856 -0.134608
-2 4 0.5 1 0.81512 -0.165526
7 2 3 1 0.601572 0.136674
7 -2 3 1 0.311425 0.146143
7 2 0.5 1 0.577015 -0.0450873
7 -2 0.5 1 0.293553 -0.00963303
4 0 3.3 1 0.394548 0.193631
7 0 3.3 1 0.447681 0.162179
