0 0 4.5 1 -0.454937 0.320223
2 4 3 1 -1.05846 0.311448
4 2 3 1 -0.30973 0.328529
4 -2 3 1 0.0955641 0.208578
2 -4 3 1 0.0149374 0.144555
-2 -4 3 1 -0.248663 0.0912524
-4 -2 3 1 -0.486174 0.0740602
-4 2 3 1 -0.914807 0.0842467
-2 4 3 1 -1.2325 0.1399
2 4 0.5 1 -1.00576 -0.326011
4 2 0.5 1 -0.257149 -0.223123
4 -2 0.5 1 0.127753 -0.107182
2 -4 0.5 1 0.0384289 -0.0892451
-2 -4 0.5 1 -0.230006 -0.103173
-4 -2 0.5 1 -0.467407 -0.130048
-4 2 0.5 1 -0.890895 -0.197829
-2 4 0.5 1 -1.19984 -0.270787
7 2 3 1 0.381262 0.607497
7 -2 3 1 0.520427 0.306821
7 2 0.5 1 0.473661 -0.25229
7 -2 0.5 1 0.563834 -0.0904281
4 0 3.3 1 -0.0569162 0.300131
7 0 3.3 1 0.46935 0.466564
