0 0 4.5 1 -0.0545739 0.0775108
2 4 3 1 0.21987 -0.0902608
4 2 3 1 0.0459218 -0.093172
4 -2 3 1 -0.222477 -0.0774219
2 -4 3 1 -0.397739 -0.0528447
-2 -4 3 1 -0.510069 0.00198908
-4 -2 3 1 -0.302095 0.0310332
-4 2 3 1 0.255587 -0.00948797
-2 4 3 1 0.370962 -0.0569297
2 4 0.5 1 0.218607 -0.281401
4 2 0.5 1 0.0395951 -0.262724
4 -2 0.5 1 -0.2374 -0.253115
2 -4 0.5 1 -0.421906 -0.260338
-2 -4 0.5 1 -0.552071 -0.302833
-4 -2 0.5 1 -0.340723 -0.351526
-4 2 0.5 1 0.25548 -0.364061
-2 4 0.5 1 0.376432 -0.327707
7 2 3 1 0.0138479 -0.105974
7 -2 3 1 -0.210856 -0.0932519
7 2 0.5 1 0.00776705 -0.247783
7 -2 0.5 1 -0.222929 -0.239332
4 0 3.3 1 -0.0845655 -0.0654196
7 0 3.3 1 -0.0957076 -0.0829195
