0 0 4.5 1 0.0706674 0.621986
2 4 3 1 1.30654 0.679447
4 2 3 1 0.9489 0.444577
4 -2 3 1 0.420295 0.308593
2 -4 3 1 0.125105 0.270273
-2 -4 3 1 -0.273832 0.256113
-4 -2 3 1 -0.570245 0.282308
-4 2 3 1 -0.916967 0.48329
-2 4 3 1 -0.165247 0.870495
2 4 0.5 1 1.21088 -0.201027
4 2 0.5 1 0.918718 -0.0309154
4 -2 0.5 1 0.422666 0.0322945
2 -4 0.5 1 0.137038 0.03043
-2 -4 0.5 1 -0.245719 -0.0102743
-4 -2 0.5 1 -0.517746 -0.0763475
-4 2 0.5 1 -0.767987 -0.303673
-2 4 0.5 1 -0.0492515 -0.523
7 2 3 1 1.29968 0.437299
7 -2 3 1 0.678565 0.315446
7 2 0.5 1 1.2536 0.0232384
7 -2 0.5 1 0.671649 0.0610586
4 0 3.3 1 0.614246 0.402608
7 0 3.3 1 0.916506 0.401411
