0 0 4.5 1 -0.0864388 0.170523
2 4 3 1 0.167364 -0.0133465
4 2 3 1 -0.00856255 -0.00625911
4 -2 3 1 -0.281052 0.0237348
2 -4 3 1 -0.460641 0.0577595
-2 -4 3 1 -0.561807 0.118301
-4 -2 3 1 -0.314005 0.131417
-4 2 3 1 0.247202 0.0563009
-2 4 3 1 0.333175 0.00746678
2 4 0.5 1 0.153546 -0.197684
4 2 0.5 1 -0.0236307 -0.172472
4 -2 0.5 1 -0.301446 -0.153305
2 -4 0.5 1 -0.488709 -0.155506
-2 -4 0.5 1 -0.606877 -0.20039
-4 -2 0.5 1 -0.360852 -0.261336
-4 2 0.5 1 0.223768 -0.286852
-2 4 0.5 1 0.317599 -0.25068
7 2 3 1 -0.0479422 -0.0158914
7 -2 3 1 -0.276383 0.00847777
7 2 0.5 1 -0.0610455 -0.155174
7 -2 0.5 1 -0.293211 -0.138328
4 0 3.3 1 -0.138322 0.028481
7 0 3.3 1 -0.157315 0.0128764
