0 0 4.5 1 -0.349785 0.25927
2 4 3 1 -0.681004 0.464915
4 2 3 1 0.151373 0.241779
4 -2 3 1 0.230022 0.0274479
2 -4 3 1 0.046186 -0.0238853
-2 -4 3 1 -0.292783 -0.0347069
-4 -2 3 1 -0.576317 -0.00880933
-4 2 3 1 -1.09768 0.10576
-2 4 3 1 -1.44725 0.288116
2 4 0.5 1 -0.848402 -0.509368
4 2 0.5 1 0.157465 -0.412073
4 -2 0.5 1 0.238217 -0.305931
2 -4 0.5 1 0.0431848 -0.275942
-2 -4 0.5 1 -0.3105 -0.260226
-4 -2 0.5 1 -0.610643 -0.263032
-4 2 0.5 1 -1.19652 -0.29993
-2 4 0.5 1 -1.66545 -0.380416
7 2 3 1 1.09568 0.344612
7 -2 3 1 0.673395 0.0473844
7 2 0.5 1 1.27423 -0.504569
7 -2 0.5 1 0.716174 -0.330086
4 0 3.3 1 0.202177 0.148938
7 0 3.3 1 0.798247 0.196894
