0 0 4.5 1 -0.431373 0.510665
2 4 3 1 -1.01943 0.448997
4 2 3 1 -0.452205 0.467857
4 -2 3 1 0.0600559 0.380677
2 -4 3 1 0.038392 0.330077
-2 -4 3 1 -0.185116 0.292796
-4 -2 3 1 -0.397297 0.28514
-4 2 3 1 -0.766012 0.301414
-2 4 3 1 -1.03241 0.342592
2 4 0.5 1 -0.916805 -0.0370882
4 2 0.5 1 -0.397681 -0.0159555
4 -2 0.5 1 0.0678718 0.0653871
2 -4 0.5 1 0.0451511 0.0956705
-2 -4 0.5 1 -0.172268 0.105903
-4 -2 0.5 1 -0.377341 0.0979107
-4 2 0.5 1 -0.725491 0.0654143
-2 4 0.5 1 -0.963242 0.0244073
7 2 3 1 -0.040179 0.686395
7 -2 3 1 0.452853 0.462729
7 2 0.5 1 -0.00807479 -0.112665
7 -2 0.5 1 0.434484 0.0386054
4 0 3.3 1 -0.143148 0.46425
7 0 3.3 1 0.28613 0.613173
