0 0 4.5 1 -0.334316 0.279962
2 4 3 1 -0.609659 0.502847
4 2 3 1 0.207803 0.247688
4 -2 3 1 0.244107 0.0313536
2 -4 3 1 0.0500797 -0.015717
-2 -4 3 1 -0.295424 -0.0195142
-4 -2 3 1 -0.582752 0.0125406
-4 2 3 1 -1.1129 0.141851
-2 4 3 1 -1.46331 0.342171
2 4 0.5 1 -0.778651 -0.505706
4 2 0.5 1 0.209208 -0.410589
4 -2 0.5 1 0.247073 -0.301324
2 -4 0.5 1 0.0431331 -0.267879
-2 -4 0.5 1 -0.316395 -0.246791
-4 -2 0.5 1 -0.620691 -0.24555
-4 2 0.5 1 -1.21884 -0.27667
-2 4 0.5 1 -1.69698 -0.357961
7 2 3 1 1.16 0.323994
7 -2 3 1 0.685541 0.0413972
7 2 0.5 1 1.3218 -0.514925
7 -2 0.5 1 0.720095 -0.331726
4 0 3.3 1 0.23144 0.153342
7 0 3.3 1 0.827992 0.186071
