0 0 4.5 1 -0.4165 0.233194
2 4 3 1 -0.954948 0.314612
4 2 3 1 -0.129328 0.256011
4 -2 3 1 0.154656 0.086277
2 -4 3 1 0.0299292 0.0207628
-2 -4 3 1 -0.266794 -0.0228548
-4 -2 3 1 -0.525041 -0.0280022
-4 2 3 1 -0.995262 0.013759
-2 4 3 1 -1.33352 0.11106
2 4 0.5 1 -1.01956 -0.465909
4 2 0.5 1 -0.100162 -0.347382
4 -2 0.5 1 0.184147 -0.238731
2 -4 0.5 1 0.0471241 -0.221937
-2 -4 0.5 1 -0.261467 -0.231684
-4 -2 0.5 1 -0.528107 -0.254575
-4 2 0.5 1 -1.02368 -0.320137
-2 4 0.5 1 -1.40457 -0.401552
7 2 3 1 0.705708 0.489619
7 -2 3 1 0.593105 0.159995
7 2 0.5 1 0.867629 -0.375934
7 -2 0.5 1 0.655213 -0.228253
4 0 3.3 1 0.0506295 0.193531
7 0 3.3 1 0.618613 0.322319
