0 0 4.5 1 -0.148981 0.590112
2 4 3 1 0.403525 0.817951
4 2 3 1 0.745727 0.388932
4 -2 3 1 0.389797 0.219473
2 -4 3 1 0.116754 0.204512
-2 -4 3 1 -0.280165 0.239877
-4 -2 3 1 -0.601164 0.306158
-4 2 3 1 -1.2218 0.544958
-2 4 3 1 -1.53032 0.939183
2 4 0.5 1 0.259689 -0.438296
4 2 0.5 1 0.657804 -0.24889
4 -2 0.5 1 0.352618 -0.0961351
2 -4 0.5 1 0.0913811 -0.0456376
-2 -4 0.5 1 -0.29923 -0.00670556
-4 -2 0.5 1 -0.618751 0.00166491
-4 2 0.5 1 -1.23383 -0.0489933
-2 4 0.5 1 -1.53262 -0.231645
7 2 3 1 1.57498 0.323172
7 -2 3 1 0.783597 0.185025
7 2 0.5 1 1.45162 -0.332775
7 -2 0.5 1 0.738213 -0.134958
4 0 3.3 1 0.513366 0.327368
7 0 3.3 1 1.04928 0.283106
