0 0 4.5 1 0.425069 0.135092
2 4 3 1 -0.0242945 -0.0408983
4 2 3 1 -0.104803 0.0046937
4 -2 3 1 0.291673 0.0950758
2 -4 3 1 1.01738 0.0915757
-2 -4 3 1 1.20647 -0.0282795
-4 -2 3 1 0.901571 -0.0729077
-4 2 3 1 0.477695 -0.0861309
-2 4 3 1 0.240058 -0.0766222
2 4 0.5 1 -0.0396614 -0.281736
4 2 0.5 1 -0.129936 -0.320564
4 -2 0.5 1 0.283979 -0.476316
2 -4 0.5 1 1.08743 -0.573316
-2 -4 0.5 1 1.26367 -0.45617
-4 -2 0.5 1 0.926208 -0.365738
-4 2 0.5 1 0.481182 -0.297183
-2 4 0.5 1 0.23578 -0.277269
7 2 3 1 -0.524537 0.0701397
7 -2 3 1 -0.377982 0.279518
7 2 0.5 1 -0.584354 -0.33795
7 -2 0.5 1 -0.490923 -0.609738
4 0 3.3 1 0.0436861 0.0842302
7 0 3.3 1 -0.4686 0.198681
