0 0 4.5 1 0.0754463 0.706199
2 4 3 1 -0.101877 0.312589
4 2 3 1 -0.397882 0.367309
4 -2 3 1 -0.899147 0.5817
2 -4 3 1 -1.07864 0.994292
-2 -4 3 1 1.06691 1.14197
-4 -2 3 1 1.22999 0.568681
-4 2 3 1 0.642778 0.325311
-2 4 3 1 0.311966 0.29315
2 4 0.5 1 -0.115901 0.0626174
4 2 0.5 1 -0.40286 0.0672415
4 -2 0.5 1 -0.871928 0.0178573
2 -4 0.5 1 -1.00174 -0.140841
-2 -4 0.5 1 0.776295 -0.38266
-4 -2 0.5 1 1.05989 -0.18508
-4 2 0.5 1 0.589104 -0.0210936
-2 4 0.5 1 0.282458 0.0284352
7 2 3 1 -0.714678 0.380094
7 -2 3 1 -1.42571 0.584919
7 2 0.5 1 -0.70747 0.0943673
7 -2 0.5 1 -1.36601 0.0697606
4 0 3.3 1 -0.571528 0.491306
7 0 3.3 1 -0.970502 0.499625
