0 0 4.5 1 0.236728 0.215418
2 4 3 1 1.13326 0.150021
4 2 3 1 0.820606 0.0433617
4 -2 3 1 0.384187 -0.0309279
2 -4 3 1 0.128638 -0.0516448
-2 -4 3 1 -0.198639 -0.0470028
-4 -2 3 1 -0.374085 -0.00549505
-4 2 3 1 -0.143128 0.180062
-2 4 3 1 0.769468 0.309672
2 4 0.5 1 1.26533 -0.374655
4 2 0.5 1 0.885906 -0.291855
4 -2 0.5 1 0.41212 -0.263405
2 -4 0.5 1 0.145713 -0.271747
-2 -4 0.5 1 -0.192277 -0.316627
-4 -2 0.5 1 -0.376141 -0.385403
-4 2 0.5 1 -0.117183 -0.582181
-2 4 0.5 1 0.951827 -0.625835
7 2 3 1 0.958869 0.0237499
7 -2 3 1 0.539646 -0.0361421
7 2 0.5 1 1.01906 -0.253315
7 -2 0.5 1 0.569228 -0.23909
4 0 3.3 1 0.558664 0.0309178
7 0 3.3 1 0.712387 0.016153
