0 0 4.5 1 0.0372151 0.0400028
2 4 3 1 -0.321315 -0.0418653
4 2 3 1 -0.190792 -0.014845
4 -2 3 1 0.245314 -0.0243193
2 -4 3 1 0.397732 -0.0588408
-2 -4 3 1 0.307709 -0.0945051
-4 -2 3 1 0.158266 -0.102877
-4 2 3 1 -0.0769844 -0.096607
-2 4 3 1 -0.224121 -0.0807299
2 4 0.5 1 -0.342461 -0.268711
4 2 0.5 1 -0.209976 -0.293837
4 -2 0.5 1 0.249494 -0.311863
2 -4 0.5 1 0.408059 -0.297209
-2 -4 0.5 1 0.312257 -0.268834
-4 -2 0.5 1 0.157956 -0.255316
-4 2 0.5 1 -0.0839287 -0.246611
-2 4 0.5 1 -0.236592 -0.248817
7 2 3 1 -0.305926 0.0678705
7 -2 3 1 0.335618 0.0571769
7 2 0.5 1 -0.34391 -0.344018
7 -2 0.5 1 0.349518 -0.373651
4 0 3.3 1 0.0252114 0.0125258
7 0 3.3 1 0.00993091 0.108932
