0 0 4.5 1 0.424632 0.132974
2 4 3 1 -0.0243108 -0.0451256
4 2 3 1 -0.106814 0.000290855
4 -2 3 1 0.285786 0.0925903
2 -4 3 1 1.0169 0.0920799
-2 -4 3 1 1.21289 -0.0282153
-4 -2 3 1 0.906441 -0.0742325
-4 2 3 1 0.480374 -0.0888775
-2 4 3 1 0.241676 -0.0800819
2 4 0.5 1 -0.0390833 -0.286634
4 2 0.5 1 -0.131365 -0.325896
4 -2 0.5 1 0.279737 -0.482449
2 -4 0.5 1 1.09232 -0.580053
-2 -4 0.5 1 1.27439 -0.460541
-4 -2 0.5 1 0.933337 -0.369372
-4 2 0.5 1 0.484934 -0.301023
-2 4 0.5 1 0.238167 -0.281512
7 2 3 1 -0.528017 0.0642533
7 -2 3 1 -0.392468 0.274895
7 2 0.5 1 -0.587853 -0.344319
7 -2 0.5 1 -0.507118 -0.61858
4 0 3.3 1 0.0398862 0.08057
7 0 3.3 1 -0.475688 0.193084
