0 0 4.5 1 0.108269 0.533938
2 4 3 1 1.2789 0.576716
4 2 3 1 0.919684 0.375973
4 -2 3 1 0.411116 0.246819
2 -4 3 1 0.125198 0.206426
-2 -4 3 1 -0.258308 0.187011
-4 -2 3 1 -0.531423 0.20907
-4 2 3 1 -0.748084 0.40258
-2 4 3 1 0.142861 0.742987
2 4 0.5 1 1.2663 -0.200551
4 2 0.5 1 0.925309 -0.0589925
4 -2 0.5 1 0.425591 -0.0156584
2 -4 0.5 1 0.143549 -0.0256686
-2 -4 0.5 1 -0.22904 -0.0764664
-4 -2 0.5 1 -0.483442 -0.150205
-4 2 0.5 1 -0.630843 -0.38356
-2 4 0.5 1 0.239047 -0.551704
7 2 3 1 1.2065 0.371398
7 -2 3 1 0.64232 0.256078
7 2 0.5 1 1.20257 -0.00116397
7 -2 0.5 1 0.6509 0.0176897
4 0 3.3 1 0.600486 0.335824
7 0 3.3 1 0.86161 0.336882
