0 0 4.5 1 -0.326951 0.480943
2 4 3 1 -0.849786 0.433604
4 2 3 1 -0.42348 0.425506
4 -2 3 1 0.0834171 0.334077
2 -4 3 1 0.096756 0.292941
-2 -4 3 1 -0.0955144 0.275698
-4 -2 3 1 -0.28615 0.282773
-4 2 3 1 -0.605946 0.316911
-2 4 3 1 -0.825857 0.360528
2 4 0.5 1 -0.812547 0.035787
4 2 0.5 1 -0.413495 0.00621847
4 -2 0.5 1 0.0654313 0.0354375
2 -4 0.5 1 0.0825951 0.0677268
-2 -4 0.5 1 -0.100944 0.0990253
-4 -2 0.5 1 -0.285922 0.110023
-4 2 0.5 1 -0.594608 0.109692
-2 4 0.5 1 -0.801549 0.0927393
7 2 3 1 -0.189457 0.564786
7 -2 3 1 0.421336 0.380987
7 2 0.5 1 -0.199157 -0.116237
7 -2 0.5 1 0.373827 -0.0300287
4 0 3.3 1 -0.125686 0.416746
7 0 3.3 1 0.198885 0.517377
