0 0 4.5 1 -0.311009 0.368024
2 4 3 1 -0.0789395 0.148331
4 2 3 1 -0.302386 0.126086
4 -2 3 1 -0.678158 0.122263
2 -4 3 1 -0.95601 0.15545
-2 -4 3 1 -0.939887 0.302729
-4 -2 3 1 -0.25664 0.372494
-4 2 3 1 0.259837 0.277715
-2 4 3 1 0.186056 0.208609
2 4 0.5 1 -0.0590064 -0.0492585
4 2 0.5 1 -0.280755 -0.0708692
4 -2 0.5 1 -0.646648 -0.130346
2 -4 0.5 1 -0.907995 -0.198695
-2 -4 0.5 1 -0.859666 -0.295233
-4 -2 0.5 1 -0.192046 -0.23136
-4 2 0.5 1 0.291198 -0.0826761
-2 4 0.5 1 0.209119 -0.0471627
7 2 3 1 -0.400806 0.099542
7 -2 3 1 -0.732195 0.090185
7 2 0.5 1 -0.381642 -0.0687866
7 -2 0.5 1 -0.705849 -0.117192
4 0 3.3 1 -0.469913 0.151237
7 0 3.3 1 -0.551813 0.117839
