0 0 4.5 1 0.121911 0.125151
2 4 3 1 -0.225824 -0.00446374
4 2 3 1 -0.132305 0.0401399
4 -2 3 1 0.308919 0.0941058
2 -4 3 1 0.510015 0.0790625
-2 -4 3 1 0.440842 0.0245969
-4 -2 3 1 0.286952 -0.00576224
-4 2 3 1 0.0452352 -0.0298413
-2 4 3 1 -0.10596 -0.0317261
2 4 0.5 1 -0.216394 -0.219556
4 2 0.5 1 -0.116943 -0.230236
4 -2 0.5 1 0.344245 -0.206202
2 -4 0.5 1 0.547045 -0.176565
-2 -4 0.5 1 0.465531 -0.159081
-4 -2 0.5 1 0.304636 -0.162141
-4 2 0.5 1 0.0570901 -0.177697
-2 4 0.5 1 -0.0962841 -0.193498
7 2 3 1 -0.306529 0.108814
7 -2 3 1 0.332784 0.202603
7 2 0.5 1 -0.293405 -0.283509
7 -2 0.5 1 0.389073 -0.256068
4 0 3.3 1 0.0735923 0.0983901
7 0 3.3 1 -0.0159 0.199606
