0 0 4.5 1 0.0972289 0.735337
2 4 3 1 -0.10152 0.333426
4 2 3 1 -0.399143 0.386238
4 -2 3 1 -0.897625 0.602749
2 -4 3 1 -1.03267 1.0358
-2 -4 3 1 1.24023 1.16417
-4 -2 3 1 1.27893 0.59049
-4 2 3 1 0.653012 0.350702
-2 4 3 1 0.316186 0.317055
2 4 0.5 1 -0.112059 0.0799881
4 2 0.5 1 -0.39792 0.0795066
4 -2 0.5 1 -0.8524 0.0169599
2 -4 0.5 1 -0.92371 -0.158133
-2 -4 0.5 1 0.904906 -0.365294
-4 -2 0.5 1 1.09767 -0.153936
-4 2 0.5 1 0.598909 0.00558565
-2 4 0.5 1 0.28807 0.0514169
7 2 3 1 -0.73056 0.397432
7 -2 3 1 -1.47169 0.605982
7 2 0.5 1 -0.714583 0.102989
7 -2 0.5 1 -1.38404 0.0635501
4 0 3.3 1 -0.57086 0.511983
7 0 3.3 1 -0.994789 0.51945
