0 0 4.5 1 0.170409 0.776564
2 4 3 1 -0.105447 0.360838
4 2 3 1 -0.398588 0.39993
4 -2 3 1 -0.839202 0.607057
2 -4 3 1 -0.677799 1.07685
-2 -4 3 1 1.71356 1.1256
-4 -2 3 1 1.36402 0.630487
-4 2 3 1 0.660937 0.406548
-2 4 3 1 0.315139 0.363111
2 4 0.5 1 -0.0997241 0.0996428
4 2 0.5 1 -0.373653 0.0748479
4 -2 0.5 1 -0.739414 -0.0436644
2 -4 0.5 1 -0.524364 -0.263012
-2 -4 0.5 1 1.31944 -0.276853
-4 -2 0.5 1 1.19866 -0.0494089
-4 2 0.5 1 0.620486 0.0743631
-2 4 0.5 1 0.299991 0.099653
7 2 3 1 -0.78427 0.397521
7 -2 3 1 -1.6162 0.598794
7 2 0.5 1 -0.736194 0.0750247
7 -2 0.5 1 -1.42791 -0.0416237
4 0 3.3 1 -0.548898 0.524989
7 0 3.3 1 -1.06974 0.520372
