0 0 4.5 1 0.139631 0.456706
2 4 3 1 1.24846 0.48419
4 2 3 1 0.896895 0.307418
4 -2 3 1 0.406073 0.186263
2 -4 3 1 0.12782 0.146496
-2 -4 3 1 -0.242713 0.126572
-4 -2 3 1 -0.495393 0.148604
-4 2 3 1 -0.605104 0.340556
-2 4 3 1 0.344777 0.640245
2 4 0.5 1 1.29443 -0.219496
4 2 0.5 1 0.927289 -0.098257
4 -2 0.5 1 0.428355 -0.066426
2 -4 0.5 1 0.149533 -0.0804702
-2 -4 0.5 1 -0.215012 -0.135858
-4 -2 0.5 1 -0.454837 -0.212844
-4 2 0.5 1 -0.515217 -0.444259
-2 4 0.5 1 0.45226 -0.570992
7 2 3 1 1.14074 0.302039
7 -2 3 1 0.617416 0.195092
7 2 0.5 1 1.16426 -0.0414169
7 -2 0.5 1 0.636162 -0.0319752
4 0 3.3 1 0.591225 0.270457
7 0 3.3 1 0.823121 0.270725
