0 0 4.5 1 -0.210333 0.184455
2 4 3 1 -0.642596 0.142676
4 2 3 1 -0.366114 0.134302
4 -2 3 1 0.0944726 0.0601526
2 -4 3 1 0.151468 0.0253603
-2 -4 3 1 0.00347976 0.01592
-4 -2 3 1 -0.159333 0.0270277
-4 2 3 1 -0.422918 0.0607732
-2 4 3 1 -0.594107 0.0952213
2 4 0.5 1 -0.683333 -0.156903
4 2 0.5 1 -0.406365 -0.204247
4 -2 0.5 1 0.0696737 -0.214961
2 -4 0.5 1 0.133072 -0.1874
-2 -4 0.5 1 -0.0120427 -0.146693
-4 -2 0.5 1 -0.175476 -0.126024
-4 2 0.5 1 -0.443735 -0.110088
-2 4 0.5 1 -0.621805 -0.113657
7 2 3 1 -0.300145 0.219694
7 -2 3 1 0.335999 0.0916751
7 2 0.5 1 -0.361993 -0.316052
7 -2 0.5 1 0.306368 -0.30083
4 0 3.3 1 -0.108266 0.129065
7 0 3.3 1 0.0717352 0.198557
