0 0 4.5 1 -0.216106 0.207467
2 4 3 1 -0.653014 0.167543
4 2 3 1 -0.368902 0.157487
4 -2 3 1 0.0937619 0.0803031
2 -4 3 1 0.147711 0.0452213
-2 -4 3 1 -0.00282938 0.0363998
-4 -2 3 1 -0.166893 0.048198
-4 2 3 1 -0.43293 0.0833103
-2 4 3 1 -0.606186 0.118998
2 4 0.5 1 -0.69133 -0.136124
4 2 0.5 1 -0.407935 -0.184193
4 -2 0.5 1 0.0677419 -0.194837
2 -4 0.5 1 0.128133 -0.167153
-2 -4 0.5 1 -0.0188347 -0.126224
-4 -2 0.5 1 -0.183055 -0.105282
-4 2 0.5 1 -0.452999 -0.0888745
-2 4 0.5 1 -0.632375 -0.0922588
7 2 3 1 -0.29402 0.244238
7 -2 3 1 0.34131 0.110794
7 2 0.5 1 -0.354416 -0.297393
7 -2 0.5 1 0.308284 -0.280729
4 0 3.3 1 -0.108838 0.150788
7 0 3.3 1 0.0797503 0.220208
