0 0 4.5 1 0.249765 0.53911
2 4 3 1 0.723918 0.348609
4 2 3 1 0.494555 0.314738
4 -2 3 1 0.172229 0.307486
2 -4 3 1 -0.0267231 0.323468
-2 -4 3 1 -0.238725 0.382089
-4 -2 3 1 -0.214982 0.454317
-4 2 3 1 0.413628 0.526909
-2 4 3 1 0.82738 0.460283
2 4 0.5 1 0.679641 0.0782315
4 2 0.5 1 0.468308 0.103974
4 -2 0.5 1 0.159766 0.124554
2 -4 0.5 1 -0.033164 0.129009
-2 -4 0.5 1 -0.237682 0.117008
-4 -2 0.5 1 -0.215046 0.0874951
-4 2 0.5 1 0.360521 0.027752
-2 4 0.5 1 0.750775 0.0306785
7 2 3 1 0.504922 0.287557
7 -2 3 1 0.232709 0.284551
7 2 0.5 1 0.482928 0.114312
7 -2 0.5 1 0.220534 0.130562
4 0 3.3 1 0.324004 0.335293
7 0 3.3 1 0.36266 0.30618
