0 0 4.5 1 -0.253361 0.519997
2 4 3 1 0.00540138 0.300456
4 2 3 1 -0.20214 0.29402
4 -2 3 1 -0.53934 0.3085
2 -4 3 1 -0.779851 0.341887
-2 -4 3 1 -0.852577 0.434754
-4 -2 3 1 -0.361797 0.469973
-4 2 3 1 0.246849 0.390522
-2 4 3 1 0.237662 0.337142
2 4 0.5 1 0.00713067 0.104572
4 2 0.5 1 -0.193077 0.106522
4 -2 0.5 1 -0.514398 0.0861944
2 -4 0.5 1 -0.734186 0.0507353
-2 -4 0.5 1 -0.77431 -0.0321646
-4 -2 0.5 1 -0.32198 -0.052785
-4 2 0.5 1 0.233594 0.0267798
-2 4 0.5 1 0.228464 0.0748941
7 2 3 1 -0.274243 0.278522
7 -2 3 1 -0.561909 0.287973
7 2 0.5 1 -0.264367 0.119846
7 -2 0.5 1 -0.540521 0.105062
4 0 3.3 1 -0.358061 0.326146
7 0 3.3 1 -0.409517 0.304066
