0 0 4.5 1 -0.307046 0.451435
2 4 3 1 -0.0566875 0.234122
4 2 3 1 -0.273905 0.215364
4 -2 3 1 -0.635014 0.213906
2 -4 3 1 -0.899916 0.242785
-2 -4 3 1 -0.933342 0.36336
-4 -2 3 1 -0.326135 0.427828
-4 2 3 1 0.242875 0.350443
-2 4 3 1 0.195353 0.28793
2 4 0.5 1 -0.0406461 0.0374198
4 2 0.5 1 -0.252884 0.0228349
4 -2 0.5 1 -0.598092 -0.0245606
2 -4 0.5 1 -0.839053 -0.0816208
-2 -4 0.5 1 -0.831802 -0.174023
-4 -2 0.5 1 -0.261723 -0.143422
-4 2 0.5 1 0.258562 -0.0129433
-2 4 0.5 1 0.208155 0.0290566
7 2 3 1 -0.360719 0.192673
7 -2 3 1 -0.674005 0.186901
7 2 0.5 1 -0.340997 0.0289988
7 -2 0.5 1 -0.64263 -0.00882231
4 0 3.3 1 -0.43808 0.241076
7 0 3.3 1 -0.506053 0.211999
