0 0 4.5 1 -0.0861214 0.686962
2 4 3 1 0.81571 0.861557
4 2 3 1 0.884376 0.452679
4 -2 3 1 0.426462 0.299526
2 -4 3 1 0.133906 0.2841
-2 -4 3 1 -0.278237 0.314824
-4 -2 3 1 -0.609535 0.37818
-4 2 3 1 -1.24505 0.629383
-2 4 3 1 -1.43348 1.08218
2 4 0.5 1 0.607009 -0.386371
4 2 0.5 1 0.769941 -0.162533
4 -2 0.5 1 0.387058 -0.0133786
2 -4 0.5 1 0.112308 0.0305513
-2 -4 0.5 1 -0.285284 0.0564862
-4 -2 0.5 1 -0.603368 0.050277
-4 2 0.5 1 -1.17532 -0.0465728
-2 4 0.5 1 -1.26728 -0.290918
7 2 3 1 1.60377 0.392982
7 -2 3 1 0.795542 0.271505
7 2 0.5 1 1.43306 -0.202063
7 -2 0.5 1 0.740705 -0.0361078
4 0 3.3 1 0.58637 0.403615
7 0 3.3 1 1.07769 0.364191
