0 0 4.5 1 0.217541 0.560322
2 4 3 1 0.674631 0.380987
4 2 3 1 0.452831 0.343314
4 -2 3 1 0.137665 0.328949
2 -4 3 1 -0.05864 0.340374
-2 -4 3 1 -0.264676 0.394732
-4 -2 3 1 -0.228376 0.467605
-4 2 3 1 0.40298 0.547786
-2 4 3 1 0.783782 0.489645
2 4 0.5 1 0.638806 0.118689
4 2 0.5 1 0.433033 0.136578
4 -2 0.5 1 0.131026 0.147006
2 -4 0.5 1 -0.0585246 0.145478
-2 -4 0.5 1 -0.254243 0.127426
-4 -2 0.5 1 -0.21666 0.099433
-4 2 0.5 1 0.362532 0.0614575
-2 4 0.5 1 0.72025 0.0767509
7 2 3 1 0.45926 0.316946
7 -2 3 1 0.19407 0.307582
7 2 0.5 1 0.442683 0.146861
7 -2 0.5 1 0.186831 0.154642
4 0 3.3 1 0.286591 0.359882
7 0 3.3 1 0.320949 0.332023
