0 0 4.5 1 -0.135617 0.0158532
2 4 3 1 -0.526422 -0.0656968
4 2 3 1 -0.317013 -0.0471087
4 -2 3 1 0.131385 -0.0695017
2 -4 3 1 0.22327 -0.0980153
-2 -4 3 1 0.100225 -0.122228
-4 -2 3 1 -0.0535472 -0.126757
-4 2 3 1 -0.300123 -0.118781
-2 4 3 1 -0.457577 -0.102723
2 4 0.5 1 -0.558124 -0.336314
4 2 0.5 1 -0.341075 -0.364206
4 -2 0.5 1 0.135135 -0.350715
2 -4 0.5 1 0.230241 -0.320244
-2 -4 0.5 1 0.101409 -0.289315
-4 -2 0.5 1 -0.0570807 -0.279984
-4 2 0.5 1 -0.311799 -0.28207
-2 4 0.5 1 -0.477408 -0.295754
7 2 3 1 -0.335418 0.0309955
7 -2 3 1 0.311846 -0.0136312
7 2 0.5 1 -0.375056 -0.459538
7 -2 0.5 1 0.332185 -0.423225
4 0 3.3 1 -0.0786921 -0.0254177
7 0 3.3 1 0.0167073 0.0554222
