0 0 4.5 1 -0.0199484 0.0590382
2 4 3 1 0.277333 -0.0904803
4 2 3 1 0.104512 -0.10536
4 -2 3 1 -0.161882 -0.106358
2 -4 3 1 -0.335332 -0.0923214
-2 -4 3 1 -0.459561 -0.0441143
-4 -2 3 1 -0.283664 -0.000212508
-4 2 3 1 0.27235 -0.00113052
-2 4 3 1 0.415134 -0.0436184
2 4 0.5 1 0.289747 -0.285873
4 2 0.5 1 0.109504 -0.276472
4 -2 0.5 1 -0.16596 -0.279939
2 -4 0.5 1 -0.347035 -0.294276
-2 -4 0.5 1 -0.483969 -0.336887
-4 -2 0.5 1 -0.301735 -0.372115
-4 2 0.5 1 0.295317 -0.361867
-2 4 0.5 1 0.440736 -0.322792
7 2 3 1 0.079105 -0.121139
7 -2 3 1 -0.143759 -0.122154
7 2 0.5 1 0.082546 -0.264083
7 -2 0.5 1 -0.146631 -0.266817
4 0 3.3 1 -0.0278346 -0.0859355
7 0 3.3 1 -0.0317276 -0.104918
