0 0 4.5 1 -0.0572393 0.0941289
2 4 3 1 -0.414451 -0.0245379
4 2 3 1 -0.254242 0.0140128
4 -2 3 1 0.183369 0.0428393
2 -4 3 1 0.306042 0.0248475
-2 -4 3 1 0.204435 -0.0139547
-4 -2 3 1 0.0575135 -0.0350072
-4 2 3 1 -0.177316 -0.052108
-2 4 3 1 -0.327027 -0.052099
2 4 0.5 1 -0.406991 -0.263326
4 2 0.5 1 -0.23975 -0.272769
4 -2 0.5 1 0.211568 -0.230438
2 -4 0.5 1 0.331998 -0.195788
-2 -4 0.5 1 0.221631 -0.177727
-4 -2 0.5 1 0.0703359 -0.181921
-4 2 0.5 1 -0.168384 -0.202836
-2 4 0.5 1 -0.319824 -0.225664
7 2 3 1 -0.335831 0.0841415
7 -2 3 1 0.311484 0.122083
7 2 0.5 1 -0.317999 -0.349445
7 -2 0.5 1 0.35977 -0.28135
4 0 3.3 1 -0.0332018 0.0611077
7 0 3.3 1 -0.00565225 0.151193
