0 0 4.5 1 0.0477403 0.664466
2 4 3 1 -0.103588 0.281991
4 2 3 1 -0.396784 0.337963
4 -2 3 1 -0.897238 0.547508
2 -4 3 1 -1.11607 0.932606
-2 -4 3 1 0.848237 1.10104
-4 -2 3 1 1.15892 0.539279
-4 2 3 1 0.626604 0.29139
-2 4 3 1 0.304558 0.26013
2 4 0.5 1 -0.121209 0.0364325
4 2 0.5 1 -0.408777 0.04626
4 -2 0.5 1 -0.891729 0.0110316
2 -4 0.5 1 -1.08306 -0.127503
-2 -4 0.5 1 0.612405 -0.399869
-4 -2 0.5 1 1.00846 -0.222831
-4 2 0.5 1 0.575391 -0.0561872
-2 4 0.5 1 0.274442 -0.00324508
7 2 3 1 -0.696273 0.351592
7 -2 3 1 -1.37077 0.549403
7 2 0.5 1 -0.699084 0.0764797
7 -2 0.5 1 -1.34274 0.0665395
4 0 3.3 1 -0.571545 0.458992
7 0 3.3 1 -0.941575 0.467161
