0 0 4.5 1 0.137826 0.177847
2 4 3 1 -0.21079 0.0388294
4 2 3 1 -0.125249 0.0856549
4 -2 3 1 0.319587 0.151208
2 -4 3 1 0.534042 0.140518
-2 -4 3 1 0.468621 0.0824251
-4 -2 3 1 0.312251 0.0479868
-4 2 3 1 0.0675755 0.0187214
-2 4 3 1 -0.0852665 0.0139034
2 4 0.5 1 -0.195779 -0.173646
4 2 0.5 1 -0.104077 -0.183127
4 -2 0.5 1 0.356216 -0.153645
2 -4 0.5 1 0.570564 -0.120851
-2 -4 0.5 1 0.493449 -0.104228
-4 -2 0.5 1 0.330909 -0.109659
-4 2 0.5 1 0.0816991 -0.128694
-2 4 0.5 1 -0.0721395 -0.146406
7 2 3 1 -0.31414 0.151223
7 -2 3 1 0.327706 0.265442
7 2 0.5 1 -0.290081 -0.237628
7 -2 0.5 1 0.38503 -0.203728
4 0 3.3 1 0.0796254 0.149633
7 0 3.3 1 -0.0280884 0.251781
