0 0 4.5 1 -0.0158168 0.061477
2 4 3 1 0.284168 -0.0857426
4 2 3 1 0.111493 -0.102073
4 -2 3 1 -0.15465 -0.105086
2 -4 3 1 -0.327918 -0.0923063
-2 -4 3 1 -0.453593 -0.0449627
-4 -2 3 1 -0.281375 0.000512548
-4 2 3 1 0.274363 0.00438737
-2 4 3 1 0.420392 -0.0373076
2 4 0.5 1 0.298059 -0.281377
4 2 0.5 1 0.117802 -0.273139
4 -2 0.5 1 -0.157306 -0.278198
2 -4 0.5 1 -0.337862 -0.293377
-2 -4 0.5 1 -0.475385 -0.336034
-4 -2 0.5 1 -0.296575 -0.369732
-4 2 0.5 1 0.299747 -0.356611
-2 4 0.5 1 0.448027 -0.317117
7 2 3 1 0.0868794 -0.118162
7 -2 3 1 -0.135759 -0.120828
7 2 0.5 1 0.0914446 -0.261046
7 -2 0.5 1 -0.137433 -0.265137
4 0 3.3 1 -0.021068 -0.0836743
7 0 3.3 1 -0.0241023 -0.102784
