0 0 4.5 1 0.369617 0.265794
2 4 3 1 -0.0338404 -0.0181651
4 2 3 1 -0.207755 0.00708917
4 -2 3 1 -0.0820796 0.163916
2 -4 3 1 0.807269 0.366453
-2 -4 3 1 1.48348 0.275849
-4 -2 3 1 1.1034 0.133026
-4 2 3 1 0.578615 0.0271286
-2 4 3 1 0.298018 -0.00634862
2 4 0.5 1 -0.0160961 -0.268629
4 2 0.5 1 -0.191667 -0.328085
4 -2 0.5 1 -0.0379827 -0.503655
2 -4 0.5 1 0.99516 -0.612789
-2 -4 0.5 1 1.66506 -0.366764
-4 -2 0.5 1 1.1914 -0.256691
-4 2 0.5 1 0.616333 -0.219749
-2 4 0.5 1 0.32341 -0.227292
7 2 3 1 -0.660098 -0.00443809
7 -2 3 1 -1.06318 0.189481
7 2 0.5 1 -0.664751 -0.391515
7 -2 0.5 1 -1.12439 -0.721897
4 0 3.3 1 -0.167841 0.110477
7 0 3.3 1 -0.782001 0.11533
