0 0 4.5 1 0.292419 0.258262
2 4 3 1 0.887266 0.0593615
4 2 3 1 0.629065 0.0286281
4 -2 3 1 0.272306 0.0324863
2 -4 3 1 0.0581859 0.0545966
-2 -4 3 1 -0.188486 0.114822
-4 -2 3 1 -0.236219 0.182163
-4 2 3 1 0.299417 0.262102
-2 4 3 1 0.896238 0.191549
2 4 0.5 1 0.873448 -0.272367
4 2 0.5 1 0.615231 -0.212619
4 -2 0.5 1 0.257119 -0.159411
2 -4 0.5 1 0.0402422 -0.139709
-2 -4 0.5 1 -0.215775 -0.138253
-4 -2 0.5 1 -0.275648 -0.172348
-4 2 0.5 1 0.254625 -0.30783
-2 4 0.5 1 0.873459 -0.358148
7 2 3 1 0.672366 -0.00204002
7 -2 3 1 0.360462 0.00653899
7 2 0.5 1 0.661537 -0.200393
7 -2 0.5 1 0.348404 -0.157195
4 0 3.3 1 0.432401 0.0560556
7 0 3.3 1 0.503087 0.0239202
