0 0 4.5 1 -0.143364 0.021176
2 4 3 1 -0.537601 -0.0561725
4 2 3 1 -0.323083 -0.0401012
4 -2 3 1 0.126202 -0.0679107
2 -4 3 1 0.215052 -0.0972926
-2 -4 3 1 0.0898907 -0.119917
-4 -2 3 1 -0.0645556 -0.122707
-4 2 3 1 -0.312302 -0.111997
-2 4 3 1 -0.4706 -0.0941341
2 4 0.5 1 -0.572378 -0.329165
4 2 0.5 1 -0.350462 -0.35921
4 -2 0.5 1 0.126806 -0.349019
2 -4 0.5 1 0.21934 -0.319016
-2 -4 0.5 1 0.0890777 -0.286812
-4 -2 0.5 1 -0.0698653 -0.276061
-4 2 0.5 1 -0.325836 -0.275999
-2 4 0.5 1 -0.492655 -0.288497
7 2 3 1 -0.334882 0.0385792
7 -2 3 1 0.311836 -0.0145862
7 2 0.5 1 -0.379154 -0.456162
7 -2 0.5 1 0.327661 -0.423528
4 0 3.3 1 -0.0831166 -0.0212049
7 0 3.3 1 0.0191651 0.0584355
