0 0 4.5 1 0.175871 0.316406
2 4 3 1 -0.184744 0.159483
4 2 3 1 -0.115663 0.209456
4 -2 3 1 0.345935 0.293329
2 -4 3 1 0.597783 0.288904
-2 -4 3 1 0.538148 0.222544
-4 -2 3 1 0.371392 0.181356
-4 2 3 1 0.114489 0.145187
-2 4 3 1 -0.0447977 0.137049
2 4 0.5 1 -0.162738 -0.0522727
4 2 0.5 1 -0.0879294 -0.0625666
4 -2 0.5 1 0.375077 -0.0320964
2 -4 0.5 1 0.621365 0.00448091
-2 -4 0.5 1 0.555058 0.0227489
-4 -2 0.5 1 0.386122 0.0161039
-4 2 0.5 1 0.12892 -0.00508473
-2 4 0.5 1 -0.0286549 -0.0239388
7 2 3 1 -0.340762 0.272313
7 -2 3 1 0.316319 0.423598
7 2 0.5 1 -0.298668 -0.118429
7 -2 0.5 1 0.362343 -0.0876613
4 0 3.3 1 0.0911439 0.283536
7 0 3.3 1 -0.0613733 0.391738
