0 0 4.5 1 -0.214169 0.199723
2 4 3 1 -0.649495 0.159222
4 2 3 1 -0.367974 0.149705
4 -2 3 1 0.0939661 0.0734992
2 -4 3 1 0.14893 0.0385126
-2 -4 3 1 -0.000748109 0.029503
-4 -2 3 1 -0.164381 0.0410871
-4 2 3 1 -0.429573 0.075765
-2 4 3 1 -0.602117 0.111048
2 4 0.5 1 -0.688681 -0.143031
4 2 0.5 1 -0.407463 -0.190885
4 -2 0.5 1 0.0683237 -0.201602
2 -4 0.5 1 0.129721 -0.173967
-2 -4 0.5 1 -0.0166143 -0.133099
-4 -2 0.5 1 -0.180559 -0.112232
-4 2 0.5 1 -0.449922 -0.0959544
-2 4 0.5 1 -0.628852 -0.0993818
7 2 3 1 -0.296103 0.235974
7 -2 3 1 0.339487 0.104302
7 2 0.5 1 -0.35704 -0.30362
7 -2 0.5 1 0.307564 -0.28751
4 0 3.3 1 -0.108665 0.143471
7 0 3.3 1 0.07703 0.212883
