0 0 4.5 1 0.0799059 0.712488
2 4 3 1 -0.10173 0.317126
4 2 3 1 -0.398121 0.371526
4 -2 3 1 -0.899113 0.586485
2 -4 3 1 -1.07062 1.00339
-2 -4 3 1 1.10252 1.14734
-4 -2 3 1 1.24058 0.573281
-4 2 3 1 0.645076 0.330637
-2 4 3 1 0.312959 0.298229
2 4 0.5 1 -0.11509 0.0664372
4 2 0.5 1 -0.401878 0.0700917
4 -2 0.5 1 -0.868257 0.0181602
2 -4 0.5 1 -0.986882 -0.14388
-2 -4 0.5 1 0.802665 -0.379407
-4 -2 0.5 1 1.06783 -0.1788
-4 2 0.5 1 0.591193 -0.0155429
-2 4 0.5 1 0.283664 0.0333064
7 2 3 1 -0.717836 0.384057
7 -2 3 1 -1.43495 0.589792
7 2 0.5 1 -0.708895 0.0965665
7 -2 0.5 1 -1.36974 0.0691768
4 0 3.3 1 -0.571463 0.495928
7 0 3.3 1 -0.975383 0.50415
