0 0 4.5 1 0.0138347 0.609441
2 4 3 1 -0.10732 0.240457
4 2 3 1 -0.396542 0.296415
4 -2 3 1 -0.89216 0.497512
2 -4 3 1 -1.14155 0.848861
-2 -4 3 1 0.594083 1.03788
-4 -2 3 1 1.06268 0.502813
-4 2 3 1 0.603427 0.249264
-2 4 3 1 0.29327 0.217671
2 4 0.5 1 -0.128195 -8.34299e-05
4 2 0.5 1 -0.415784 0.0143331
4 -2 0.5 1 -0.910565 -0.00733978
2 -4 0.5 1 -1.16144 -0.123473
-2 -4 0.5 1 0.412533 -0.415492
-4 -2 0.5 1 0.940999 -0.265914
-4 2 0.5 1 0.557449 -0.0997176
-2 4 0.5 1 0.263846 -0.0442789
7 2 3 1 -0.676662 0.309623
7 -2 3 1 -1.31007 0.496379
7 2 0.5 1 -0.689948 0.0464617
7 -2 0.5 1 -1.31472 0.0491014
4 0 3.3 1 -0.571511 0.413003
7 0 3.3 1 -0.909868 0.419521
