0 0 4.5 1 0.291257 0.425744
2 4 3 1 0.808033 0.221616
4 2 3 1 0.565557 0.194608
4 -2 3 1 0.23 0.199553
2 -4 3 1 0.0262676 0.222614
-2 -4 3 1 -0.198146 0.286435
-4 -2 3 1 -0.204355 0.356135
-4 2 3 1 0.393957 0.418651
-2 4 3 1 0.883281 0.339332
2 4 0.5 1 0.761316 -0.0670514
4 2 0.5 1 0.535001 -0.024291
4 -2 0.5 1 0.210156 0.0161406
2 -4 0.5 1 0.00926159 0.0314842
-2 -4 0.5 1 -0.215461 0.0305416
-4 -2 0.5 1 -0.22813 -0.000533925
-4 2 0.5 1 0.330904 -0.102332
-2 4 0.5 1 0.805224 -0.128031
7 2 3 1 0.587579 0.165856
7 -2 3 1 0.300723 0.174058
7 2 0.5 1 0.562041 -0.0139516
7 -2 0.5 1 0.282869 0.018907
4 0 3.3 1 0.385655 0.221765
7 0 3.3 1 0.435965 0.190609
