0 0 4.5 1 -0.217843 0.509349
2 4 3 1 0.0380825 0.291312
4 2 3 1 -0.163912 0.290898
4 -2 3 1 -0.488729 0.313353
2 -4 3 1 -0.716962 0.34978
-2 -4 3 1 -0.79774 0.434254
-4 -2 3 1 -0.356287 0.456439
-4 2 3 1 0.253145 0.370661
-2 4 3 1 0.260004 0.320118
2 4 0.5 1 0.0325621 0.0979024
4 2 0.5 1 -0.162232 0.107337
4 -2 0.5 1 -0.473855 0.0992866
2 -4 0.5 1 -0.686236 0.0733468
-2 -4 0.5 1 -0.743426 -0.00331271
-4 -2 0.5 1 -0.334515 -0.0416949
-4 2 0.5 1 0.228844 0.0115712
-2 4 0.5 1 0.241879 0.0596395
7 2 3 1 -0.230026 0.278254
7 -2 3 1 -0.505771 0.294942
7 2 0.5 1 -0.226684 0.12312
7 -2 0.5 1 -0.492913 0.118569
4 0 3.3 1 -0.314652 0.325993
7 0 3.3 1 -0.359941 0.306577
