0 0 4.5 1 0.425922 0.139998
2 4 3 1 -0.0242124 -0.0319027
4 2 3 1 -0.100768 0.0140008
4 -2 3 1 0.303196 0.100604
2 -4 3 1 1.01806 0.0914301
-2 -4 3 1 1.19377 -0.0274571
-4 -2 3 1 0.89195 -0.0694354
-4 2 3 1 0.472417 -0.0799537
-2 4 3 1 0.236889 -0.0690864
2 4 0.5 1 -0.0407069 -0.271388
4 2 0.5 1 -0.126987 -0.309377
4 -2 0.5 1 0.292199 -0.463473
2 -4 0.5 1 1.07745 -0.559154
-2 -4 0.5 1 1.24254 -0.446588
-4 -2 0.5 1 0.912126 -0.357675
-4 2 0.5 1 0.473789 -0.288816
-2 4 0.5 1 0.231112 -0.268161
7 2 3 1 -0.517526 0.0823143
7 -2 3 1 -0.349266 0.289044
7 2 0.5 1 -0.577128 -0.324782
7 -2 0.5 1 -0.458784 -0.591636
4 0 3.3 1 0.0512129 0.0920697
7 0 3.3 1 -0.454454 0.210248
