0 0 4.5 1 -0.148351 0.408661
2 4 3 1 0.0983279 0.201221
4 2 3 1 -0.090587 0.210115
4 -2 3 1 -0.38861 0.244279
2 -4 3 1 -0.591745 0.284334
-2 -4 3 1 -0.681147 0.356115
-4 -2 3 1 -0.332581 0.361569
-4 2 3 1 0.257682 0.266131
-2 4 3 1 0.296249 0.21837
2 4 0.5 1 0.0816449 0.015727
4 2 0.5 1 -0.102267 0.0373276
4 -2 0.5 1 -0.39491 0.0496349
2 -4 0.5 1 -0.593823 0.0399061
-2 -4 0.5 1 -0.680423 -0.0215277
-4 -2 0.5 1 -0.349644 -0.0826213
-4 2 0.5 1 0.220495 -0.0785161
-2 4 0.5 1 0.267617 -0.0349141
7 2 3 1 -0.14486 0.201385
7 -2 3 1 -0.396078 0.228646
7 2 0.5 1 -0.153779 0.0558161
7 -2 0.5 1 -0.401151 0.0678671
4 0 3.3 1 -0.229696 0.248704
7 0 3.3 1 -0.263442 0.233061
