0 0 4.5 1 0.296254 0.346367
2 4 3 1 0.843949 0.141542
4 2 3 1 0.594841 0.115009
4 -2 3 1 0.251026 0.122111
2 -4 3 1 0.0435861 0.146219
-2 -4 3 1 -0.189472 0.20986
-4 -2 3 1 -0.21374 0.278374
-4 2 3 1 0.35839 0.344176
-2 4 3 1 0.893562 0.264555
2 4 0.5 1 0.807337 -0.162686
4 2 0.5 1 0.56897 -0.111585
4 -2 0.5 1 0.23144 -0.0634798
2 -4 0.5 1 0.0244402 -0.0447272
-2 -4 0.5 1 -0.213281 -0.0426798
-4 -2 0.5 1 -0.24674 -0.0745344
-4 2 0.5 1 0.300482 -0.193882
-2 4 0.5 1 0.833247 -0.233038
7 2 3 1 0.625451 0.0853428
7 -2 3 1 0.32882 0.095955
7 2 0.5 1 0.604035 -0.100837
7 -2 0.5 1 0.311873 -0.0616204
4 0 3.3 1 0.408424 0.143543
7 0 3.3 1 0.467005 0.111674
