0 0 4.5 1 -0.248388 0.222489
2 4 3 1 -0.113349 -0.0466172
4 2 3 1 -0.364875 -0.0482232
4 -2 3 1 -0.791691 -9.64467e-05
2 -4 3 1 -1.09309 0.101467
-2 -4 3 1 -0.772501 0.339934
-4 -2 3 1 0.0987913 0.284306
-4 2 3 1 0.367017 0.0724945
-2 4 3 1 0.205569 -0.002812
2 4 0.5 1 -0.110156 -0.264199
4 2 0.5 1 -0.372298 -0.27751
4 -2 0.5 1 -0.828718 -0.327081
2 -4 0.5 1 -1.18029 -0.401293
-2 -4 0.5 1 -0.874099 -0.527446
-4 -2 0.5 1 0.140525 -0.435728
-4 2 0.5 1 0.406716 -0.298715
-2 4 0.5 1 0.225494 -0.268599
7 2 3 1 -0.513823 -0.0727906
7 -2 3 1 -0.920353 -0.0411882
7 2 0.5 1 -0.525848 -0.273331
7 -2 0.5 1 -0.957398 -0.312657
4 0 3.3 1 -0.539707 0.00232826
7 0 3.3 1 -0.6848 -0.0329023
