0 0 4.5 1 0.191543 0.758002
2 4 3 1 -0.105942 0.346991
4 2 3 1 -0.392448 0.380209
4 -2 3 1 -0.792393 0.579013
2 -4 3 1 -0.495234 1.04051
-2 -4 3 1 1.77317 1.06797
-4 -2 3 1 1.35493 0.619971
-4 2 3 1 0.653078 0.403457
-2 4 3 1 0.310082 0.356495
2 4 0.5 1 -0.094716 0.0862208
4 2 0.5 1 -0.361333 0.0529001
4 -2 0.5 1 -0.685085 -0.0827535
2 -4 0.5 1 -0.358591 -0.304671
-2 -4 0.5 1 1.42275 -0.246353
-4 -2 0.5 1 1.21618 -0.0272502
-4 2 0.5 1 0.622226 0.0797115
-2 4 0.5 1 0.301446 0.0968613
7 2 3 1 -0.793345 0.371295
7 -2 3 1 -1.63552 0.562931
7 2 0.5 1 -0.73797 0.0426331
7 -2 0.5 1 -1.42765 -0.104431
4 0 3.3 1 -0.529216 0.502475
7 0 3.3 1 -1.07839 0.491316
