0 0 4.5 1 -0.119834 0.0119525
2 4 3 1 -0.503722 -0.0778643
4 2 3 1 -0.304306 -0.0544616
4 -2 3 1 0.142122 -0.0659928
2 -4 3 1 0.239982 -0.092608
-2 -4 3 1 0.121183 -0.119958
-4 -2 3 1 -0.0312035 -0.127985
-4 2 3 1 -0.275417 -0.125468
-2 4 3 1 -0.431228 -0.11298
2 4 0.5 1 -0.528489 -0.343297
4 2 0.5 1 -0.321136 -0.366928
4 -2 0.5 1 0.152044 -0.346767
2 -4 0.5 1 0.252138 -0.315339
-2 -4 0.5 1 0.126334 -0.287058
-4 -2 0.5 1 -0.0310897 -0.280628
-4 2 0.5 1 -0.283076 -0.287013
-2 4 0.5 1 -0.446113 -0.303009
7 2 3 1 -0.33555 0.0223334
7 -2 3 1 0.312281 -0.00513329
7 2 0.5 1 -0.364927 -0.458875
7 -2 0.5 1 0.341031 -0.415019
4 0 3.3 1 -0.0693604 -0.0272343
7 0 3.3 1 0.0125111 0.055832
