0 0 4.5 1 0.283904 0.186926
2 4 3 1 0.943089 0.00449703
4 2 3 1 0.672907 -0.0372622
4 -2 3 1 0.297989 -0.0445726
2 -4 3 1 0.0739153 -0.0288034
-2 -4 3 1 -0.191619 0.023279
-4 -2 3 1 -0.267844 0.0885409
-4 2 3 1 0.21984 0.194528
-2 4 3 1 0.8933 0.148763
2 4 0.5 1 0.966033 -0.368171
4 2 0.5 1 0.679037 -0.300705
4 -2 0.5 1 0.292037 -0.247376
2 -4 0.5 1 0.0616183 -0.230675
-2 -4 0.5 1 -0.217232 -0.235511
-4 -2 0.5 1 -0.308107 -0.274881
-4 2 0.5 1 0.194023 -0.424464
-2 4 0.5 1 0.928252 -0.479082
7 2 3 1 0.733532 -0.068278
7 -2 3 1 0.400012 -0.068574
7 2 0.5 1 0.740391 -0.28505
7 -2 0.5 1 0.397405 -0.242546
4 0 3.3 1 0.461904 -0.0148345
7 0 3.3 1 0.548852 -0.045958
