0 0 4.5 1 0.0639976 0.636396
2 4 3 1 1.30909 0.696391
4 2 3 1 0.953923 0.454674
4 -2 3 1 0.422266 0.317768
2 -4 3 1 0.125536 0.280135
-2 -4 3 1 -0.275993 0.267433
-4 -2 3 1 -0.57629 0.294835
-4 2 3 1 -0.945761 0.497926
-2 4 3 1 -0.227901 0.893294
2 4 0.5 1 1.19799 -0.203917
4 2 0.5 1 0.916914 -0.0284754
4 -2 0.5 1 0.42223 0.0388866
2 -4 0.5 1 0.136069 0.0388319
-2 -4 0.5 1 -0.248471 0.000451179
-4 -2 0.5 1 -0.523614 -0.063793
-4 2 0.5 1 -0.791997 -0.288856
-2 4 0.5 1 -0.104025 -0.516781
7 2 3 1 1.31775 0.44639
7 -2 3 1 0.685709 0.323818
7 2 0.5 1 1.26326 0.0242968
7 -2 0.5 1 0.675734 0.0664067
4 0 3.3 1 0.616835 0.412575
7 0 3.3 1 0.927148 0.410551
