0 0 4.5 1 0.280578 0.169985
2 4 3 1 0.965642 -0.00357195
4 2 3 1 0.690725 -0.0508707
4 -2 3 1 0.308549 -0.064039
2 -4 3 1 0.0804725 -0.0515544
-2 -4 3 1 -0.192561 -0.00358476
-4 -2 3 1 -0.279792 0.0603978
-4 2 3 1 0.187471 0.177459
-2 4 3 1 0.890401 0.144923
2 4 0.5 1 1.0041 -0.393054
4 2 0.5 1 0.705283 -0.32327
4 -2 0.5 1 0.306797 -0.271284
2 -4 0.5 1 0.0711576 -0.256635
-2 -4 0.5 1 -0.21619 -0.265099
-4 -2 0.5 1 -0.318647 -0.307196
-4 2 0.5 1 0.16883 -0.461587
-2 4 0.5 1 0.948933 -0.515671
7 2 3 1 0.758537 -0.0816379
7 -2 3 1 0.416161 -0.0867993
7 2 0.5 1 0.772911 -0.305833
7 -2 0.5 1 0.417747 -0.264914
4 0 3.3 1 0.473942 -0.0312313
7 0 3.3 1 0.567512 -0.0615081
