0 0 4.5 1 -0.396944 0.52308
2 4 3 1 -0.963853 0.464305
4 2 3 1 -0.449905 0.472204
4 -2 3 1 0.067502 0.383944
2 -4 3 1 0.0594634 0.337204
-2 -4 3 1 -0.153217 0.307695
-4 -2 3 1 -0.358074 0.305798
-4 2 3 1 -0.70936 0.329325
-2 4 3 1 -0.958767 0.37171
2 4 0.5 1 -0.880675 0.010498
4 2 0.5 1 -0.409179 0.0097812
4 -2 0.5 1 0.0651199 0.0723198
2 -4 0.5 1 0.0580228 0.104419
-2 -4 0.5 1 -0.146892 0.123307
-4 -2 0.5 1 -0.344649 0.122793
-4 2 0.5 1 -0.677747 0.103021
-2 4 0.5 1 -0.903087 0.0715957
7 2 3 1 -0.109076 0.659895
7 -2 3 1 0.443509 0.452987
7 2 0.5 1 -0.0906201 -0.100815
7 -2 0.5 1 0.410808 0.0297394
4 0 3.3 1 -0.140742 0.467657
7 0 3.3 1 0.252323 0.599126
