0 0 4.5 1 0.160223 0.405622
2 4 3 1 1.22761 0.420424
4 2 3 1 0.882975 0.258072
4 -2 3 1 0.40355 0.143484
2 -4 3 1 0.130075 0.10532
-2 -4 3 1 -0.232088 0.0869779
-4 -2 3 1 -0.470896 0.1106
-4 2 3 1 -0.511478 0.302834
-2 4 3 1 0.455524 0.573875
2 4 0.5 1 1.30516 -0.2407
4 2 0.5 1 0.926665 -0.130684
4 -2 0.5 1 0.429701 -0.103823
2 -4 0.5 1 0.152971 -0.119143
-2 -4 0.5 1 -0.206583 -0.175704
-4 -2 0.5 1 -0.436712 -0.253413
-4 2 0.5 1 -0.438114 -0.480933
-2 4 0.5 1 0.579394 -0.583066
7 2 3 1 1.10231 0.251031
7 -2 3 1 0.602914 0.150981
7 2 0.5 1 1.14002 -0.0759299
7 -2 0.5 1 0.626855 -0.0697833
4 0 3.3 1 0.586084 0.224158
7 0 3.3 1 0.800704 0.222812
