0 0 4.5 1 0.408998 0.455597
2 4 3 1 -0.0426201 0.305707
4 2 3 1 -0.0351878 0.354248
4 -2 3 1 0.484862 0.411254
2 -4 3 1 0.954139 0.372433
-2 -4 3 1 0.929649 0.281418
-4 -2 3 1 0.690274 0.252989
-4 2 3 1 0.352553 0.248948
-2 4 3 1 0.155687 0.262693
2 4 0.5 1 -0.0545075 0.0779708
4 2 0.5 1 -0.0512837 0.0501892
4 -2 0.5 1 0.427666 -0.0277767
2 -4 0.5 1 0.869033 -0.0496184
-2 -4 0.5 1 0.873326 0.000805602
-4 -2 0.5 1 0.65493 0.0386636
-4 2 0.5 1 0.332604 0.072774
-2 4 0.5 1 0.140846 0.0836304
7 2 3 1 -0.382335 0.448524
7 -2 3 1 0.21849 0.616487
7 2 0.5 1 -0.382566 0.0306993
7 -2 0.5 1 0.154968 -0.1075
4 0 3.3 1 0.179928 0.423292
7 0 3.3 1 -0.16329 0.578795
