0 0 4.5 1 0.292927 0.26447
2 4 3 1 0.883705 0.0648228
4 2 3 1 0.626273 0.0346156
4 -2 3 1 0.270652 0.0389644
2 -4 3 1 0.0571413 0.0613603
-2 -4 3 1 -0.18834 0.121982
-4 -2 3 1 -0.234172 0.189422
-4 2 3 1 0.304495 0.26789
-2 4 3 1 0.896242 0.196206
2 4 0.5 1 0.867724 -0.264411
4 2 0.5 1 0.611274 -0.20528
4 -2 0.5 1 0.254974 -0.152299
2 -4 0.5 1 0.0389627 -0.132542
-2 -4 0.5 1 -0.215531 -0.130865
-4 -2 0.5 1 -0.27329 -0.164709
-4 2 0.5 1 0.258492 -0.299089
-2 4 0.5 1 0.869973 -0.348775
7 2 3 1 0.668488 0.00401158
7 -2 3 1 0.357925 0.0129536
7 2 0.5 1 0.656631 -0.193218
7 -2 0.5 1 0.345349 -0.150175
4 0 3.3 1 0.430506 0.0622442
7 0 3.3 1 0.500162 0.0300972
