0 0 4.5 1 -0.0989488 0.020822
2 4 3 1 -0.473676 -0.0793363
4 2 3 1 -0.287129 -0.0501691
4 -2 3 1 0.156322 -0.0476555
2 -4 3 1 0.261941 -0.0715174
-2 -4 3 1 0.148765 -0.102837
-4 -2 3 1 -0.00172465 -0.115391
-4 2 3 1 -0.242749 -0.119859
-2 4 3 1 -0.396441 -0.111887
2 4 0.5 1 -0.488241 -0.336953
4 2 0.5 1 -0.293701 -0.355252
4 -2 0.5 1 0.173736 -0.326613
2 -4 0.5 1 0.280194 -0.29396
-2 -4 0.5 1 0.158809 -0.269231
-4 -2 0.5 1 0.00312675 -0.266598
-4 2 0.5 1 -0.244806 -0.278422
-2 4 0.5 1 -0.404177 -0.297205
7 2 3 1 -0.334733 0.0245836
7 -2 3 1 0.31293 0.019464
7 2 0.5 1 -0.349207 -0.44247
7 -2 0.5 1 0.351025 -0.388977
4 0 3.3 1 -0.0567849 -0.0159224
7 0 3.3 1 0.00757662 0.0696801
