0 0 4.5 1 -0.125202 0.374764
2 4 3 1 -0.128781 0.0521178
4 2 3 1 -0.40203 0.0924997
4 -2 3 1 -0.866841 0.237033
2 -4 3 1 -1.1588 0.462345
-2 -4 3 1 -0.234677 0.705622
-4 -2 3 1 0.610639 0.366072
-4 2 3 1 0.490625 0.0947442
-2 4 3 1 0.239271 0.0468882
2 4 0.5 1 -0.150798 -0.176159
4 2 0.5 1 -0.43508 -0.161251
4 -2 0.5 1 -0.94381 -0.167486
2 -4 0.5 1 -1.32034 -0.230877
-2 -4 0.5 1 -0.374097 -0.468812
-4 -2 0.5 1 0.605222 -0.407758
-4 2 0.5 1 0.482876 -0.267274
-2 4 0.5 1 0.22562 -0.216862
7 2 3 1 -0.616284 0.091961
7 -2 3 1 -1.12068 0.214863
7 2 0.5 1 -0.65196 -0.136202
7 -2 0.5 1 -1.19657 -0.12828
4 0 3.3 1 -0.575792 0.184125
7 0 3.3 1 -0.811843 0.172713
