0 0 4.5 1 0.129968 0.150434
2 4 3 1 -0.217918 0.0160109
4 2 3 1 -0.128438 0.0618036
4 -2 3 1 0.314347 0.1218
2 -4 3 1 0.521933 0.109016
-2 -4 3 1 0.454721 0.0527236
-4 -2 3 1 0.299724 0.0202506
-4 2 3 1 0.0566781 -0.00656495
-2 4 3 1 -0.0952669 -0.0100137
2 4 0.5 1 -0.205533 -0.197648
4 2 0.5 1 -0.109973 -0.207605
4 -2 0.5 1 0.350672 -0.180506
2 -4 0.5 1 0.559098 -0.149214
-2 -4 0.5 1 0.47975 -0.132275
-4 -2 0.5 1 0.318096 -0.136642
-4 2 0.5 1 0.0698202 -0.154107
-2 4 0.5 1 -0.0837189 -0.170959
7 2 3 1 -0.309909 0.128826
7 -2 3 1 0.330376 0.233112
7 2 0.5 1 -0.291137 -0.26151
7 -2 0.5 1 0.387653 -0.230301
4 0 3.3 1 0.0768239 0.123009
7 0 3.3 1 -0.0216855 0.224608
