0 0 4.5 1 -0.0908971 0.190278
2 4 3 1 0.160603 0.00417185
4 2 3 1 -0.0159017 0.0123073
4 -2 3 1 -0.289566 0.0438484
2 -4 3 1 -0.470317 0.0790058
-2 -4 3 1 -0.570037 0.140374
-4 -2 3 1 -0.315128 0.151459
-4 2 3 1 0.247347 0.0723177
-2 4 3 1 0.328873 0.0235578
2 4 0.5 1 0.145435 -0.17936
4 2 0.5 1 -0.0316918 -0.153652
4 -2 0.5 1 -0.309939 -0.133773
2 -4 0.5 1 -0.497756 -0.135708
-2 -4 0.5 1 -0.613622 -0.181404
-4 -2 0.5 1 -0.361519 -0.243691
-4 2 0.5 1 0.221067 -0.2694
-2 4 0.5 1 0.310693 -0.232914
7 2 3 1 -0.0564675 0.00305987
7 -2 3 1 -0.285963 0.0286813
7 2 0.5 1 -0.0700937 -0.136066
7 -2 0.5 1 -0.302795 -0.118548
4 0 3.3 1 -0.14587 0.047847
7 0 3.3 1 -0.1661 0.0324759
