0 0 4.5 1 0.00234231 0.728911
2 4 3 1 1.25103 0.82079
4 2 3 1 0.979628 0.50513
4 -2 3 1 0.439558 0.362729
2 -4 3 1 0.134017 0.334928
-2 -4 3 1 -0.284602 0.341309
-4 -2 3 1 -0.612425 0.384874
-4 2 3 1 -1.16198 0.615415
-2 4 3 1 -0.863146 1.07548
2 4 0.5 1 1.02176 -0.266605
4 2 0.5 1 0.883883 -0.0474594
4 -2 0.5 1 0.416668 0.062252
2 -4 0.5 1 0.129288 0.0823632
-2 -4 0.5 1 -0.268279 0.0714028
-4 -2 0.5 1 -0.569333 0.0301451
-4 2 0.5 1 -0.996287 -0.154323
-2 4 0.5 1 -0.637637 -0.436124
7 2 3 1 1.48694 0.479005
7 -2 3 1 0.752964 0.356132
7 2 0.5 1 1.35319 -0.0207851
7 -2 0.5 1 0.714489 0.0719499
4 0 3.3 1 0.632684 0.463014
7 0 3.3 1 1.0245 0.447191
