0 0 4.5 1 0.428917 0.377533
2 4 3 1 -0.0263838 0.236317
4 2 3 1 -0.034798 0.283796
4 -2 3 1 0.470382 0.333825
2 -4 3 1 0.987143 0.287084
-2 -4 3 1 0.987705 0.192331
-4 -2 3 1 0.736406 0.168455
-4 2 3 1 0.384984 0.172153
-2 4 3 1 0.182224 0.190133
2 4 0.5 1 -0.0451188 0.0106838
4 2 0.5 1 -0.0595494 -0.0185902
4 -2 0.5 1 0.411618 -0.120065
2 -4 0.5 1 0.90651 -0.162448
-2 -4 0.5 1 0.933995 -0.10431
-4 -2 0.5 1 0.701438 -0.0539642
-4 2 0.5 1 0.362974 -0.00643375
-2 4 0.5 1 0.16367 0.010863
7 2 3 1 -0.395772 0.379799
7 -2 3 1 0.131522 0.544475
7 2 0.5 1 -0.41496 -0.0288158
7 -2 0.5 1 0.060515 -0.200144
4 0 3.3 1 0.170546 0.34899
7 0 3.3 1 -0.20669 0.504553
