0 0 4.5 1 -0.347671 0.501361
2 4 3 1 -0.884002 0.450347
4 2 3 1 -0.432832 0.4462
4 -2 3 1 0.0790945 0.355508
2 -4 3 1 0.0863973 0.312902
-2 -4 3 1 -0.112053 0.292384
-4 -2 3 1 -0.307011 0.297096
-4 2 3 1 -0.636093 0.328583
-2 4 3 1 -0.86451 0.372086
2 4 0.5 1 -0.832678 0.0360969
4 2 0.5 1 -0.413473 0.0136992
4 -2 0.5 1 0.065193 0.0524062
2 -4 0.5 1 0.0755647 0.0849843
-2 -4 0.5 1 -0.114185 0.113085
-4 -2 0.5 1 -0.302912 0.121007
-4 2 0.5 1 -0.618587 0.115483
-2 4 0.5 1 -0.83062 0.0946514
7 2 3 1 -0.169658 0.598485
7 -2 3 1 0.429158 0.408468
7 2 0.5 1 -0.170656 -0.106794
7 -2 0.5 1 0.38456 -0.00711121
4 0 3.3 1 -0.130551 0.438742
7 0 3.3 1 0.214544 0.547969
