0 0 4.5 1 -0.0631099 0.71365
2 4 3 1 0.958658 0.865195
4 2 3 1 0.923971 0.474323
4 -2 3 1 0.435307 0.325315
2 -4 3 1 0.137 0.307887
-2 -4 3 1 -0.279518 0.334185
-4 -2 3 1 -0.613074 0.394142
-4 2 3 1 -1.24364 0.644781
-2 4 3 1 -1.34725 1.11178
2 4 0.5 1 0.726789 -0.359378
4 2 0.5 1 0.805931 -0.129245
4 -2 0.5 1 0.397596 0.0138955
2 -4 0.5 1 0.118426 0.0532862
-2 -4 0.5 1 -0.280892 0.0715743
-4 -2 0.5 1 -0.596826 0.0576099
-4 2 0.5 1 -1.14231 -0.0609459
-2 4 0.5 1 -1.13343 -0.324803
7 2 3 1 1.59368 0.421659
7 -2 3 1 0.792749 0.301848
7 2 0.5 1 1.41962 -0.150759
7 -2 0.5 1 0.73831 -0.00108211
4 0 3.3 1 0.606717 0.42844
7 0 3.3 1 1.07664 0.39382
