0 0 4.5 1 0.115231 0.516928
2 4 3 1 1.27241 0.556648
4 2 3 1 0.914438 0.36151
4 -2 3 1 0.409813 0.23394
2 -4 3 1 0.125628 0.193501
-2 -4 3 1 -0.254977 0.173671
-4 -2 3 1 -0.523616 0.195462
-4 2 3 1 -0.716329 0.388329
-2 4 3 1 0.191638 0.719898
2 4 0.5 1 1.27382 -0.203304
4 2 0.5 1 0.926008 -0.0665767
4 -2 0.5 1 0.426212 -0.0262043
2 -4 0.5 1 0.144884 -0.0373269
-2 -4 0.5 1 -0.22587 -0.0894378
-4 -2 0.5 1 -0.477031 -0.16413
-4 2 0.5 1 -0.60528 -0.397526
-2 4 0.5 1 0.288478 -0.556197
7 2 3 1 1.19101 0.356961
7 -2 3 1 0.63641 0.243281
7 2 0.5 1 1.19379 -0.00870215
7 -2 0.5 1 0.647475 0.00758268
4 0 3.3 1 0.598242 0.321928
7 0 3.3 1 0.852519 0.322999
