0 0 4.5 1 0.40145 0.169331
2 4 3 1 -0.0239286 -0.0766113
4 2 3 1 -0.164879 -0.0420558
4 -2 3 1 0.0790731 0.0999477
2 -4 3 1 0.938462 0.218396
-2 -4 3 1 1.39346 0.104634
-4 -2 3 1 1.04165 0.00425303
-4 2 3 1 0.553092 -0.0648516
-2 4 3 1 0.286228 -0.0824307
2 4 0.5 1 -0.0172379 -0.329121
4 2 0.5 1 -0.164949 -0.382415
4 -2 0.5 1 0.110211 -0.554164
2 -4 0.5 1 1.1322 -0.65751
-2 -4 0.5 1 1.56504 -0.456966
-4 -2 0.5 1 1.12437 -0.352401
-4 2 0.5 1 0.585413 -0.302299
-2 4 0.5 1 0.304755 -0.299974
7 2 3 1 -0.614948 -0.027766
7 -2 3 1 -0.818964 0.189226
7 2 0.5 1 -0.650012 -0.434204
7 -2 0.5 1 -0.943532 -0.763802
4 0 3.3 1 -0.0805073 0.0565081
7 0 3.3 1 -0.672336 0.100552
