0 0 4.5 1 0.330707 0.380773
2 4 3 1 -0.0525147 0.0653685
4 2 3 1 -0.254597 0.0841677
4 -2 3 1 -0.246881 0.24614
2 -4 3 1 0.625167 0.52017
-2 -4 3 1 1.56154 0.457289
-4 -2 3 1 1.15242 0.269366
-4 2 3 1 0.591225 0.132612
-2 4 3 1 0.298016 0.0882639
2 4 0.5 1 -0.0289718 -0.182789
4 2 0.5 1 -0.226735 -0.244246
4 -2 0.5 1 -0.189514 -0.421517
2 -4 0.5 1 0.766063 -0.549029
-2 -4 0.5 1 1.69345 -0.27908
-4 -2 0.5 1 1.21933 -0.157452
-4 2 0.5 1 0.624004 -0.124462
-2 4 0.5 1 0.323293 -0.136345
7 2 3 1 -0.702784 0.0584982
7 -2 3 1 -1.26482 0.229244
7 2 0.5 1 -0.679943 -0.308058
7 -2 0.5 1 -1.23561 -0.61759
4 0 3.3 1 -0.256431 0.189438
7 0 3.3 1 -0.877579 0.170305
