0 0 4.5 1 -0.254731 0.223073
2 4 3 1 -0.110575 -0.041303
4 2 3 1 -0.359908 -0.0458203
4 -2 3 1 -0.783109 -0.00420481
2 -4 3 1 -1.08394 0.0897031
-2 -4 3 1 -0.795104 0.323156
-4 -2 3 1 0.0666881 0.284435
-4 2 3 1 0.358416 0.0816205
-2 4 3 1 0.203958 0.00552362
2 4 0.5 1 -0.105132 -0.257222
4 2 0.5 1 -0.364311 -0.272506
4 -2 0.5 1 -0.813868 -0.325117
2 -4 0.5 1 -1.15876 -0.400459
-2 -4 0.5 1 -0.883167 -0.522327
-4 -2 0.5 1 0.109766 -0.427883
-4 2 0.5 1 0.39975 -0.288615
-2 4 0.5 1 0.22573 -0.259284
7 2 3 1 -0.504381 -0.0714516
7 -2 3 1 -0.904531 -0.0454466
7 2 0.5 1 -0.513299 -0.269365
7 -2 0.5 1 -0.935632 -0.311569
4 0 3.3 1 -0.534477 0.00176421
7 0 3.3 1 -0.673781 -0.0342562
