0 0 4.5 1 -0.460331 0.347685
2 4 3 1 -1.06912 0.324818
4 2 3 1 -0.341399 0.349521
4 -2 3 1 0.0849031 0.238186
2 -4 3 1 0.0128896 0.175491
-2 -4 3 1 -0.24463 0.122318
-4 -2 3 1 -0.478335 0.104519
-4 2 3 1 -0.898733 0.111942
-2 4 3 1 -1.21087 0.162424
2 4 0.5 1 -0.997414 -0.28693
4 2 0.5 1 -0.284473 -0.192247
4 -2 0.5 1 0.115836 -0.0768852
2 -4 0.5 1 0.0360737 -0.057565
-2 -4 0.5 1 -0.224644 -0.0701161
-4 -2 0.5 1 -0.456714 -0.0960654
-4 2 0.5 1 -0.867349 -0.161478
-2 4 0.5 1 -1.16367 -0.231206
7 2 3 1 0.314644 0.629179
7 -2 3 1 0.506785 0.338307
7 2 0.5 1 0.39501 -0.228115
7 -2 0.5 1 0.543267 -0.0625664
4 0 3.3 1 -0.0765137 0.327245
7 0 3.3 1 0.439596 0.497036
