0 0 4.5 1 -0.219492 0.238812
2 4 3 1 -0.123785 -0.0485632
4 2 3 1 -0.383342 -0.037232
4 -2 3 1 -0.823327 0.0395364
2 -4 3 1 -1.12477 0.174775
-2 -4 3 1 -0.659432 0.426914
-4 -2 3 1 0.23747 0.293752
-4 2 3 1 0.401821 0.0507436
-2 4 3 1 0.212061 -0.0189755
2 4 0.5 1 -0.129978 -0.271505
4 2 0.5 1 -0.402428 -0.275683
4 -2 0.5 1 -0.883294 -0.310812
2 -4 0.5 1 -1.25732 -0.379033
-2 -4 0.5 1 -0.802265 -0.52836
-4 -2 0.5 1 0.273284 -0.45236
-4 2 0.5 1 0.431373 -0.322109
-2 4 0.5 1 0.222743 -0.287086
7 2 3 1 -0.551014 -0.0560192
7 -2 3 1 -0.983969 0.0010392
7 2 0.5 1 -0.574821 -0.266084
7 -2 0.5 1 -1.04312 -0.291251
4 0 3.3 1 -0.558504 0.0259753
7 0 3.3 1 -0.728384 -0.00429149
