0 0 4.5 1 0.00394871 0.592938
2 4 3 1 -0.108681 0.227756
4 2 3 1 -0.396703 0.283419
4 -2 3 1 -0.890445 0.481622
2 -4 3 1 -1.14621 0.823312
-2 -4 3 1 0.523762 1.01754
-4 -2 3 1 1.03322 0.492289
-4 2 3 1 0.596158 0.237068
-2 4 3 1 0.289652 0.205093
2 4 0.5 1 -0.130284 -0.0114459
4 2 0.5 1 -0.417785 0.0039658
4 -2 0.5 1 -0.915193 -0.0145027
2 -4 0.5 1 -1.18072 -0.124708
-2 -4 0.5 1 0.354551 -0.419274
-4 -2 0.5 1 0.920426 -0.27783
-4 2 0.5 1 0.552082 -0.112397
-2 4 0.5 1 0.260686 -0.0565402
7 2 3 1 -0.671511 0.296248
7 -2 3 1 -1.29373 0.479385
7 2 0.5 1 -0.687485 0.0363239
7 -2 0.5 1 -1.3067 0.0416605
4 0 3.3 1 -0.5716 0.398581
7 0 3.3 1 -0.901398 0.404368
