0 0 4.5 1 0.0241839 0.147752
2 4 3 1 0.353241 0.0230669
4 2 3 1 0.181144 -0.00778696
4 -2 3 1 -0.0831724 -0.0303302
2 -4 3 1 -0.255172 -0.0295252
-2 -4 3 1 -0.397133 0.00876791
-4 -2 3 1 -0.263514 0.0676061
-4 2 3 1 0.290926 0.119577
-2 4 3 1 0.473615 0.0873522
2 4 0.5 1 0.377496 -0.174065
4 2 0.5 1 0.198172 -0.176964
4 -2 0.5 1 -0.0720569 -0.196688
2 -4 0.5 1 -0.246639 -0.219169
-2 -4 0.5 1 -0.389801 -0.261759
-4 -2 0.5 1 -0.24795 -0.282293
-4 2 0.5 1 0.333174 -0.243025
-2 4 0.5 1 0.513535 -0.19867
7 2 3 1 0.164987 -0.0265315
7 -2 3 1 -0.0559752 -0.0450999
7 2 0.5 1 0.178854 -0.167511
7 -2 0.5 1 -0.046225 -0.184116
4 0 3.3 1 0.0460707 0.000494083
7 0 3.3 1 0.0522315 -0.019419
