0 0 4.5 1 -0.312222 0.396768
2 4 3 1 -0.0730189 0.178708
4 2 3 1 -0.294211 0.157069
4 -2 3 1 -0.664931 0.153004
2 -4 3 1 -0.938657 0.183798
-2 -4 3 1 -0.941691 0.321338
-4 -2 3 1 -0.283796 0.391394
-4 2 3 1 0.252243 0.304365
-2 4 3 1 0.187397 0.237417
2 4 0.5 1 -0.0537859 -0.018255
4 2 0.5 1 -0.272059 -0.0380104
4 -2 0.5 1 -0.630326 -0.0941775
2 -4 0.5 1 -0.884079 -0.159134
-2 -4 0.5 1 -0.850842 -0.254293
-4 -2 0.5 1 -0.218069 -0.200955
-4 2 0.5 1 0.278916 -0.0567767
-2 4 0.5 1 0.207609 -0.0190861
7 2 3 1 -0.388474 0.131661
7 -2 3 1 -0.71345 0.122657
7 2 0.5 1 -0.368427 -0.0347281
7 -2 0.5 1 -0.684285 -0.0802015
4 0 3.3 1 -0.460697 0.181911
7 0 3.3 1 -0.537565 0.149875
