0 0 4.5 1 0.13659 0.772821
2 4 3 1 -0.103051 0.359282
4 2 3 1 -0.400966 0.406201
4 -2 3 1 -0.881016 0.621389
2 -4 3 1 -0.890584 1.08361
-2 -4 3 1 1.53107 1.1706
-4 -2 3 1 1.34398 0.621972
-4 2 3 1 0.663478 0.389441
-2 4 3 1 0.31895 0.351342
2 4 0.5 1 -0.105673 0.100418
4 2 0.5 1 -0.387224 0.0882098
4 -2 0.5 1 -0.803481 -0.00260912
2 -4 0.5 1 -0.740229 -0.205632
-2 -4 0.5 1 1.13389 -0.323354
-4 -2 0.5 1 1.15823 -0.0959083
-4 2 0.5 1 0.613233 0.0488466
-2 4 0.5 1 0.295981 0.0852951
7 2 3 1 -0.760963 0.411869
7 -2 3 1 -1.55615 0.621213
7 2 0.5 1 -0.72762 0.101603
7 -2 0.5 1 -1.4131 0.0263847
4 0 3.3 1 -0.565072 0.533149
7 0 3.3 1 -1.03918 0.536176
