0 0 4.5 1 0.125699 0.491174
2 4 3 1 1.2623 0.525962
4 2 3 1 0.906749 0.338922
4 -2 3 1 0.408067 0.213936
2 -4 3 1 0.126459 0.173626
-2 -4 3 1 -0.249804 0.153496
-4 -2 3 1 -0.511649 0.175169
-4 2 3 1 -0.668574 0.367416
-2 4 3 1 0.26057 0.685511
2 4 0.5 1 1.28372 -0.209027
4 2 0.5 1 0.926787 -0.0792262
4 -2 0.5 1 0.427156 -0.0428692
2 -4 0.5 1 0.146905 -0.0554313
-2 -4 0.5 1 -0.221142 -0.109199
-4 -2 0.5 1 -0.467441 -0.185071
-4 2 0.5 1 -0.566751 -0.418
-2 4 0.5 1 0.360522 -0.56268
7 2 3 1 1.16872 0.334183
7 -2 3 1 0.627958 0.223205
7 2 0.5 1 1.18092 -0.0215821
7 -2 0.5 1 0.642516 -0.00863645
4 0 3.3 1 0.595078 0.30034
7 0 3.3 1 0.839461 0.301224
