0 0 4.5 1 -0.0844674 0.442902
2 4 3 1 -0.123192 0.107981
4 2 3 1 -0.400875 0.155591
4 -2 3 1 -0.874856 0.320447
2 -4 3 1 -1.16069 0.581071
-2 -4 3 1 -0.0242177 0.811802
-4 -2 3 1 0.750973 0.403379
-4 2 3 1 0.525329 0.134714
-2 4 3 1 0.25473 0.0939756
2 4 0.5 1 -0.147056 -0.122442
4 2 0.5 1 -0.432823 -0.104605
4 -2 0.5 1 -0.94214 -0.10872
2 -4 0.5 1 -1.29749 -0.180372
-2 -4 0.5 1 -0.152535 -0.449851
-4 -2 0.5 1 0.715918 -0.37206
-4 2 0.5 1 0.504029 -0.222024
-2 4 0.5 1 0.234345 -0.167816
7 2 3 1 -0.633123 0.160826
7 -2 3 1 -1.1699 0.305398
7 2 0.5 1 -0.66587 -0.0753959
7 -2 0.5 1 -1.23492 -0.062219
4 0 3.3 1 -0.574665 0.255762
7 0 3.3 1 -0.837811 0.251124
