0 0 4.5 1 0.228979 0.555908
2 4 3 1 0.691754 0.372545
4 2 3 1 0.467297 0.336104
4 -2 3 1 0.149603 0.324125
2 -4 3 1 -0.0476651 0.337116
-2 -4 3 1 -0.255786 0.392996
-4 -2 3 1 -0.223615 0.465722
-4 2 3 1 0.407678 0.543361
-2 4 3 1 0.799431 0.482306
2 4 0.5 1 0.652723 0.107412
4 2 0.5 1 0.445118 0.127892
4 -2 0.5 1 0.140916 0.141714
2 -4 0.5 1 -0.0497852 0.142204
-2 -4 0.5 1 -0.248452 0.126181
-4 -2 0.5 1 -0.215779 0.097609
-4 2 0.5 1 0.362544 0.0523058
-2 4 0.5 1 0.730865 0.0636133
7 2 3 1 0.474965 0.30945
7 -2 3 1 0.207351 0.302216
7 2 0.5 1 0.456388 0.138208
7 -2 0.5 1 0.19836 0.148817
4 0 3.3 1 0.299574 0.354031
7 0 3.3 1 0.335319 0.325731
