0 0 4.5 1 -0.0656968 0.0722491
2 4 3 1 -0.426144 -0.0429498
4 2 3 1 -0.260477 -0.0060351
4 -2 3 1 0.178052 0.0178072
2 -4 3 1 0.296906 -0.00133448
-2 -4 3 1 0.192948 -0.0386573
-4 -2 3 1 0.0454218 -0.0580915
-4 2 3 1 -0.190524 -0.0728754
-2 4 3 1 -0.340953 -0.0714419
2 4 0.5 1 -0.423131 -0.285751
4 2 0.5 1 -0.250116 -0.296688
4 -2 0.5 1 0.204749 -0.256522
2 -4 0.5 1 0.322016 -0.222185
-2 -4 0.5 1 0.209148 -0.202905
-4 -2 0.5 1 0.056931 -0.205885
-4 2 0.5 1 -0.183664 -0.225278
-2 4 0.5 1 -0.336697 -0.247527
7 2 3 1 -0.334797 0.0649782
7 -2 3 1 0.312157 0.0945498
7 2 0.5 1 -0.32356 -0.375611
7 -2 0.5 1 0.359603 -0.30957
4 0 3.3 1 -0.0376517 0.0386322
7 0 3.3 1 -0.00224727 0.127756
