0 0 4.5 1 0.286491 0.203969
2 4 3 1 0.925972 0.0156197
4 2 3 1 0.659429 -0.0222988
4 -2 3 1 0.290077 -0.0256092
2 -4 3 1 0.0690774 -0.00758703
-2 -4 3 1 -0.190694 0.0473265
-4 -2 3 1 -0.25842 0.113368
-4 2 3 1 0.244191 0.211018
-2 4 3 1 0.894764 0.156378
2 4 0.5 1 0.93728 -0.344311
4 2 0.5 1 0.659227 -0.27887
4 -2 0.5 1 0.281067 -0.224988
2 -4 0.5 1 0.0547366 -0.207005
-2 -4 0.5 1 -0.217372 -0.209443
-4 -2 0.5 1 -0.299143 -0.246951
-4 2 0.5 1 0.212685 -0.392673
-2 4 0.5 1 0.911732 -0.446947
7 2 3 1 0.714688 -0.0533485
7 -2 3 1 0.387858 -0.050385
7 2 0.5 1 0.715921 -0.264422
7 -2 0.5 1 0.382166 -0.221161
4 0 3.3 1 0.452833 0.00198022
7 0 3.3 1 0.534786 -0.0296182
