0 0 4.5 1 -0.133006 0.0145745
2 4 3 1 -0.522662 -0.0683706
4 2 3 1 -0.314938 -0.0489573
4 -2 3 1 0.13315 -0.0695376
2 -4 3 1 0.226039 -0.0977488
-2 -4 3 1 0.103701 -0.122489
-4 -2 3 1 -0.0498432 -0.127601
-4 2 3 1 -0.296028 -0.120539
-2 4 3 1 -0.453205 -0.105082
2 4 0.5 1 -0.553274 -0.338165
4 2 0.5 1 -0.337845 -0.365341
4 -2 0.5 1 0.137945 -0.350738
2 -4 0.5 1 0.233897 -0.320108
-2 -4 0.5 1 0.105553 -0.289613
-4 -2 0.5 1 -0.0527742 -0.280762
-4 2 0.5 1 -0.307058 -0.283568
-2 4 0.5 1 -0.472252 -0.297645
7 2 3 1 -0.335518 0.0289435
7 -2 3 1 0.311889 -0.0128236
7 2 0.5 1 -0.373529 -0.460121
7 -2 0.5 1 0.333694 -0.42256
4 0 3.3 1 -0.0771725 -0.0263359
7 0 3.3 1 0.0159501 0.0548925
