0 0 4.5 1 0.398351 0.178776
2 4 3 1 -0.0244995 -0.0720843
4 2 3 1 -0.169634 -0.0386689
4 -2 3 1 0.0607065 0.105866
2 -4 3 1 0.926143 0.234634
-2 -4 3 1 1.40529 0.123034
-4 -2 3 1 1.05012 0.0177772
-4 2 3 1 0.557141 -0.0558937
-2 4 3 1 0.288498 -0.0755622
2 4 0.5 1 -0.0162397 -0.324586
4 2 0.5 1 -0.167627 -0.378815
4 -2 0.5 1 0.0936408 -0.551176
2 -4 0.5 1 1.1228 -0.654711
-2 -4 0.5 1 1.58137 -0.448001
-4 -2 0.5 1 1.13503 -0.34288
-4 2 0.5 1 0.590738 -0.294612
-2 4 0.5 1 0.30825 -0.293675
7 2 3 1 -0.62054 -0.0279823
7 -2 3 1 -0.849912 0.186939
7 2 0.5 1 -0.652179 -0.432615
7 -2 0.5 1 -0.96974 -0.763869
4 0 3.3 1 -0.0905497 0.0607468
7 0 3.3 1 -0.686095 0.0995114
