0 0 4.5 1 -0.221489 0.511633
2 4 3 1 0.0348328 0.29333
4 2 3 1 -0.167755 0.292336
4 -2 3 1 -0.493855 0.314032
2 -4 3 1 -0.723338 0.350174
-2 -4 3 1 -0.803474 0.43541
-4 -2 3 1 -0.357183 0.458793
-4 2 3 1 0.252562 0.373671
-2 4 3 1 0.25784 0.322886
2 4 0.5 1 0.0300128 0.0996065
4 2 0.5 1 -0.16533 0.108322
4 -2 0.5 1 -0.47792 0.099086
2 -4 0.5 1 -0.691015 0.0722241
-2 -4 0.5 1 -0.746586 -0.00511064
-4 -2 0.5 1 -0.333508 -0.0419025
-4 2 0.5 1 0.229254 0.0139907
-2 4 0.5 1 0.240526 0.0621396
7 2 3 1 -0.234461 0.279428
7 -2 3 1 -0.511417 0.295431
7 2 0.5 1 -0.230453 0.12389
7 -2 0.5 1 -0.497659 0.118358
4 0 3.3 1 -0.319044 0.327161
7 0 3.3 1 -0.36493 0.307499
