0 0 4.5 1 0.392628 0.486277
2 4 3 1 -0.0549489 0.330983
4 2 3 1 -0.0401658 0.38022
4 -2 3 1 0.483854 0.44261
2 -4 3 1 0.929966 0.408973
-2 -4 3 1 0.896251 0.319442
-4 -2 3 1 0.663194 0.288079
-4 2 3 1 0.332382 0.279175
-2 4 3 1 0.138424 0.290167
2 4 0.5 1 -0.0624231 0.102248
4 2 0.5 1 -0.0508033 0.0754964
4 -2 0.5 1 0.43095 0.0104944
2 -4 0.5 1 0.848584 -0.00128194
-2 -4 0.5 1 0.842673 0.0455765
-4 -2 0.5 1 0.630174 0.0771786
-4 2 0.5 1 0.314906 0.103991
-2 4 0.5 1 0.126573 0.111118
7 2 3 1 -0.379688 0.472307
7 -2 3 1 0.250414 0.643756
7 2 0.5 1 -0.370289 0.0506033
7 -2 0.5 1 0.192981 -0.0691582
4 0 3.3 1 0.178331 0.451839
7 0 3.3 1 -0.147553 0.605654
