0 0 4.5 1 0.248422 0.627917
2 4 3 1 -0.0941699 0.251431
4 2 3 1 -0.349627 0.271189
4 -2 3 1 -0.588898 0.446146
2 -4 3 1 0.062092 0.842664
-2 -4 3 1 1.73654 0.830634
-4 -2 3 1 1.27125 0.516836
-4 2 3 1 0.620481 0.328723
-2 4 3 1 0.296804 0.276246
2 4 0.5 1 -0.0717021 -0.00221287
4 2 0.5 1 -0.311006 -0.0546712
4 -2 0.5 1 -0.492746 -0.222549
2 -4 0.5 1 0.144519 -0.415508
-2 -4 0.5 1 1.61318 -0.199304
-4 -2 0.5 1 1.23294 -0.0248561
-4 2 0.5 1 0.621653 0.036226
-2 4 0.5 1 0.307055 0.0333811
7 2 3 1 -0.779843 0.245675
7 -2 3 1 -1.56872 0.40891
7 2 0.5 1 -0.72204 -0.0947307
7 -2 0.5 1 -1.37945 -0.324129
4 0 3.3 1 -0.434003 0.383501
7 0 3.3 1 -1.03688 0.355854
