0 0 4.5 1 -0.0746201 0.0533086
2 4 3 1 -0.438755 -0.0580465
4 2 3 1 -0.267383 -0.023022
4 -2 3 1 0.172361 -0.00470582
2 -4 3 1 0.287438 -0.0251164
-2 -4 3 1 0.18098 -0.0608579
-4 -2 3 1 0.0327119 -0.078506
-4 2 3 1 -0.204541 -0.0906672
-2 4 3 1 -0.355805 -0.0875942
2 4 0.5 1 -0.440516 -0.305051
4 2 0.5 1 -0.261532 -0.31777
4 -2 0.5 1 0.197015 -0.28032
2 -4 0.5 1 0.311181 -0.24638
-2 -4 0.5 1 0.195819 -0.225708
-4 -2 0.5 1 0.0426189 -0.227279
-4 2 0.5 1 -0.200001 -0.24484
-2 4 0.5 1 -0.35476 -0.266318
7 2 3 1 -0.334291 0.0490006
7 -2 3 1 0.312675 0.0694461
7 2 0.5 1 -0.330077 -0.399014
7 -2 0.5 1 0.358453 -0.33578
4 0 3.3 1 -0.0425681 0.0189611
7 0 3.3 1 0.000876828 0.10714
