0 0 4.5 1 0.423732 0.129423
2 4 3 1 -0.0242964 -0.0530157
4 2 3 1 -0.110824 -0.00799215
4 -2 3 1 0.273756 0.0881844
2 -4 3 1 1.01563 0.093956
-2 -4 3 1 1.22586 -0.0271211
-4 -2 3 1 0.916279 -0.0760428
-4 2 3 1 0.485798 -0.0936671
-2 4 3 1 0.244972 -0.0863626
2 4 0.5 1 -0.0378219 -0.295845
4 2 0.5 1 -0.134133 -0.336004
4 -2 0.5 1 0.270971 -0.494103
2 -4 0.5 1 1.10183 -0.592806
-2 -4 0.5 1 1.29605 -0.468411
-4 -2 0.5 1 0.947736 -0.375818
-4 2 0.5 1 0.492532 -0.307991
-2 4 0.5 1 0.243036 -0.289344
7 2 3 1 -0.534915 0.0529074
7 -2 3 1 -0.42168 0.265936
7 2 0.5 1 -0.594608 -0.356587
7 -2 0.5 1 -0.539706 -0.635793
4 0 3.3 1 0.0322109 0.0737838
7 0 3.3 1 -0.489883 0.182282
