0 0 4.5 1 -0.241728 0.30342
2 4 3 1 -0.700472 0.267057
4 2 3 1 -0.381072 0.252539
4 -2 3 1 0.0927862 0.166186
2 -4 3 1 0.134531 0.129908
-2 -4 3 1 -0.0273742 0.121803
-4 -2 3 1 -0.197785 0.13485
-4 2 3 1 -0.476323 0.173423
-2 4 3 1 -0.660147 0.213233
2 4 0.5 1 -0.723525 -0.0580085
4 2 0.5 1 -0.410885 -0.106324
4 -2 0.5 1 0.0645784 -0.112015
2 -4 0.5 1 0.112553 -0.0832129
-2 -4 0.5 1 -0.0433266 -0.0426845
-4 -2 0.5 1 -0.211985 -0.0221555
-4 2 0.5 1 -0.490655 -0.00639211
-2 4 0.5 1 -0.676411 -0.0107989
7 2 3 1 -0.266341 0.347835
7 -2 3 1 0.366344 0.195687
7 2 0.5 1 -0.316236 -0.224897
7 -2 0.5 1 0.322615 -0.195855
4 0 3.3 1 -0.11061 0.24202
7 0 3.3 1 0.115404 0.314364
