0 0 4.5 1 -0.384243 0.227479
2 4 3 1 -0.832496 0.378701
4 2 3 1 0.0133496 0.237968
4 -2 3 1 0.19488 0.0384025
2 -4 3 1 0.0384562 -0.0218744
-2 -4 3 1 -0.281779 -0.0500478
-4 -2 3 1 -0.554315 -0.039936
-4 2 3 1 -1.05251 0.0377065
-2 4 3 1 -1.39858 0.176885
2 4 0.5 1 -0.968941 -0.505837
4 2 0.5 1 0.0296946 -0.397016
4 -2 0.5 1 0.215075 -0.293306
2 -4 0.5 1 0.0457784 -0.27121
-2 -4 0.5 1 -0.289116 -0.269145
-4 -2 0.5 1 -0.575426 -0.28254
-4 2 0.5 1 -1.12243 -0.33495
-2 4 0.5 1 -1.55506 -0.416165
7 2 3 1 0.919202 0.408166
7 -2 3 1 0.638946 0.0848358
7 2 0.5 1 1.11045 -0.455238
7 -2 0.5 1 0.696939 -0.299868
4 0 3.3 1 0.12947 0.155339
7 0 3.3 1 0.717264 0.243363
