0 0 4.5 1 -0.310377 0.315852
2 4 3 1 -0.496345 0.558161
4 2 3 1 0.289575 0.259778
4 -2 3 1 0.264752 0.0441519
2 -4 3 1 0.0569292 0.00345693
-2 -4 3 1 -0.297131 0.00928314
-4 -2 3 1 -0.589479 0.0496319
-4 2 3 1 -1.13215 0.199468
-2 4 3 1 -1.48343 0.426153
2 4 0.5 1 -0.658872 -0.498223
4 2 0.5 1 0.28288 -0.401939
4 -2 0.5 1 0.260161 -0.286452
2 -4 0.5 1 0.0448055 -0.24816
-2 -4 0.5 1 -0.321637 -0.220022
-4 -2 0.5 1 -0.630637 -0.213634
-4 2 0.5 1 -1.24287 -0.237923
-2 4 0.5 1 -1.72739 -0.322539
7 2 3 1 1.24574 0.300338
7 -2 3 1 0.701967 0.041347
7 2 0.5 1 1.37376 -0.519207
7 -2 0.5 1 0.723512 -0.324328
4 0 3.3 1 0.27374 0.165695
7 0 3.3 1 0.868345 0.178302
