0 0 4.5 1 -0.0520898 0.723455
2 4 3 1 1.02213 0.863866
4 2 3 1 0.939804 0.483513
4 -2 3 1 0.438312 0.336103
2 -4 3 1 0.137702 0.317361
-2 -4 3 1 -0.280431 0.340997
-4 -2 3 1 -0.614493 0.398842
-4 2 3 1 -1.23928 0.647994
-2 4 3 1 -1.29166 1.11927
2 4 0.5 1 0.781963 -0.344962
4 2 0.5 1 0.821864 -0.113504
4 -2 0.5 1 0.402026 0.0256922
2 -4 0.5 1 0.120934 0.0624621
-2 -4 0.5 1 -0.278894 0.076522
-4 -2 0.5 1 -0.593322 0.0584054
-4 2 0.5 1 -1.12352 -0.0712023
-2 4 0.5 1 -1.06151 -0.342725
7 2 3 1 1.58398 0.434889
7 -2 3 1 0.789509 0.315174
7 2 0.5 1 1.4115 -0.126326
7 -2 0.5 1 0.736178 0.01471
4 0 3.3 1 0.614679 0.438809
7 0 3.3 1 1.07319 0.406965
