0 0 4.5 1 0.263706 0.156869
2 4 3 1 1.06093 0.0347232
4 2 3 1 0.766001 -0.0415892
4 -2 3 1 0.353896 -0.0856748
2 -4 3 1 0.109866 -0.0903291
-2 -4 3 1 -0.193852 -0.0642781
-4 -2 3 1 -0.328197 -0.00981698
-4 2 3 1 0.0318202 0.151267
-2 4 3 1 0.855097 0.194762
2 4 0.5 1 1.1625 -0.426629
4 2 0.5 1 0.814551 -0.349751
4 -2 0.5 1 0.37046 -0.309177
2 -4 0.5 1 0.115377 -0.306469
-2 -4 0.5 1 -0.203333 -0.334375
-4 -2 0.5 1 -0.352061 -0.39073
-4 2 0.5 1 0.0393362 -0.566244
-2 4 0.5 1 1.00357 -0.611336
7 2 3 1 0.86795 -0.0683694
7 -2 3 1 0.486254 -0.100395
7 2 0.5 1 0.912911 -0.322282
7 -2 0.5 1 0.505639 -0.293919
4 0 3.3 1 0.524704 -0.0376729
7 0 3.3 1 0.648499 -0.0613743
