0 0 4.5 1 -0.312182 0.402484
2 4 3 1 -0.0716729 0.184638
4 2 3 1 -0.292441 0.163191
4 -2 3 1 -0.662178 0.15921
2 -4 3 1 -0.935058 0.189649
-2 -4 3 1 -0.941587 0.325341
-4 -2 3 1 -0.288762 0.395182
-4 2 3 1 0.250951 0.309467
-2 4 3 1 0.187866 0.242959
2 4 0.5 1 -0.0526532 -0.0122473
4 2 0.5 1 -0.270273 -0.0315693
4 -2 0.5 1 -0.627109 -0.086982
2 -4 0.5 1 -0.879445 -0.151212
-2 -4 0.5 1 -0.849034 -0.246102
-4 -2 0.5 1 -0.222938 -0.194957
-4 2 0.5 1 0.276615 -0.0518697
-2 4 0.5 1 0.207436 -0.013738
7 2 3 1 -0.385911 0.13803
7 -2 3 1 -0.709658 0.129206
7 2 0.5 1 -0.365771 -0.0280244
7 -2 0.5 1 -0.680068 -0.072834
4 0 3.3 1 -0.458713 0.188035
7 0 3.3 1 -0.534625 0.156283
