0 0 4.5 1 -0.462834 0.439363
2 4 3 1 -1.07242 0.386615
4 2 3 1 -0.418388 0.418042
4 -2 3 1 0.0619628 0.325298
2 -4 3 1 0.0155363 0.268042
-2 -4 3 1 -0.224893 0.219809
-4 -2 3 1 -0.447947 0.204349
-4 2 3 1 -0.843535 0.211349
-2 4 3 1 -1.13559 0.253116
2 4 0.5 1 -0.964882 -0.15693
4 2 0.5 1 -0.354443 -0.0957038
4 -2 0.5 1 0.0846297 0.0097183
2 -4 0.5 1 0.0336357 0.0346156
-2 -4 0.5 1 -0.205 0.0308629
-4 -2 0.5 1 -0.422713 0.01152
-4 2 0.5 1 -0.7992 -0.0409072
-2 4 0.5 1 -1.06259 -0.0978959
7 2 3 1 0.12057 0.680066
7 -2 3 1 0.473188 0.422839
7 2 0.5 1 0.173326 -0.160728
7 -2 0.5 1 0.483706 0.00830106
4 0 3.3 1 -0.123957 0.409653
7 0 3.3 1 0.355588 0.578176
