0 0 4.5 1 0.170254 0.380721
2 4 3 1 1.21729 0.388376
4 2 3 1 0.876331 0.232858
4 -2 3 1 0.402353 0.121916
2 -4 3 1 0.131133 0.0848989
-2 -4 3 1 -0.226968 0.0679031
-4 -2 3 1 -0.45881 0.0927543
-4 2 3 1 -0.465802 0.28525
-2 4 3 1 0.504402 0.541482
2 4 0.5 1 1.30807 -0.253427
4 2 0.5 1 0.92558 -0.148254
4 -2 0.5 1 0.429996 -0.123063
2 -4 0.5 1 0.154288 -0.138598
-2 -4 0.5 1 -0.202881 -0.195189
-4 -2 0.5 1 -0.428152 -0.272849
-4 2 0.5 1 -0.399896 -0.49782
-2 4 0.5 1 0.637711 -0.588998
7 2 3 1 1.0845 0.224732
7 -2 3 1 0.596093 0.128477
7 2 0.5 1 1.12803 -0.0948629
7 -2 0.5 1 0.622115 -0.0895292
4 0 3.3 1 0.583687 0.20074
7 0 3.3 1 0.790284 0.198317
