0 0 4.5 1 0.284401 0.519494
2 4 3 1 -0.0773094 0.170159
4 2 3 1 -0.309471 0.186834
4 -2 3 1 -0.438023 0.353516
2 -4 3 1 0.348874 0.698176
-2 -4 3 1 1.65719 0.665293
-4 -2 3 1 1.21321 0.415578
-4 2 3 1 0.604483 0.248773
-2 4 3 1 0.295153 0.197616
2 4 0.5 1 -0.0523144 -0.0792877
4 2 0.5 1 -0.273227 -0.138113
4 -2 0.5 1 -0.360038 -0.313584
2 -4 0.5 1 0.439511 -0.475602
-2 -4 0.5 1 1.66993 -0.21433
-4 -2 0.5 1 1.23074 -0.0678646
-4 2 0.5 1 0.622687 -0.0254422
-2 4 0.5 1 0.314195 -0.0352925
7 2 3 1 -0.74953 0.157012
7 -2 3 1 -1.45436 0.315316
7 2 0.5 1 -0.70296 -0.192157
7 -2 0.5 1 -1.32462 -0.462579
4 0 3.3 1 -0.357417 0.29484
7 0 3.3 1 -0.974376 0.265007
