0 0 4.5 1 -0.246609 0.421613
2 4 3 1 -0.173825 0.683517
4 2 3 1 0.484909 0.30261
4 -2 3 1 0.316551 0.101415
2 -4 3 1 0.0793498 0.0749063
-2 -4 3 1 -0.292749 0.0992979
-4 -2 3 1 -0.596357 0.155469
-4 2 3 1 -1.17035 0.349228
-2 4 3 1 -1.52059 0.642002
2 4 0.5 1 -0.30409 -0.478074
4 2 0.5 1 0.450351 -0.356171
4 -2 0.5 1 0.295321 -0.221922
2 -4 0.5 1 0.0580786 -0.174423
-2 -4 0.5 1 -0.320043 -0.134764
-4 -2 0.5 1 -0.635814 -0.121077
-4 2 0.5 1 -1.26541 -0.140567
-2 4 0.5 1 -1.72512 -0.248287
7 2 3 1 1.41781 0.276336
7 -2 3 1 0.738798 0.0764134
7 2 0.5 1 1.43813 -0.480298
7 -2 0.5 1 0.728347 -0.26882
4 0 3.3 1 0.375451 0.218144
7 0 3.3 1 0.954711 0.194252
