0 0 4.5 1 -0.126531 0.344731
2 4 3 1 0.118286 0.143523
4 2 3 1 -0.065664 0.154087
4 -2 3 1 -0.353958 0.189999
2 -4 3 1 -0.548261 0.229863
-2 -4 3 1 -0.640249 0.297831
-4 -2 3 1 -0.32474 0.301624
-4 2 3 1 0.25486 0.206627
-2 4 3 1 0.306298 0.158876
2 4 0.5 1 0.0997159 -0.0394581
4 2 0.5 1 -0.0807218 -0.0148705
4 -2 0.5 1 -0.367019 0.00258716
2 -4 0.5 1 -0.561424 -0.00272749
-2 -4 0.5 1 -0.658136 -0.058135
-4 -2 0.5 1 -0.354928 -0.122903
-4 2 0.5 1 0.217374 -0.133686
-2 4 0.5 1 0.277634 -0.0926969
7 2 3 1 -0.115395 0.145935
7 -2 3 1 -0.357918 0.174867
7 2 0.5 1 -0.127596 0.00381247
7 -2 0.5 1 -0.368688 0.0199095
4 0 3.3 1 -0.200704 0.192735
7 0 3.3 1 -0.23008 0.177775
