0 0 4.5 1 0.0960014 0.444499
2 4 3 1 0.489224 0.312724
4 2 3 1 0.298963 0.269046
4 -2 3 1 0.0158532 0.236423
2 -4 3 1 -0.165892 0.233689
-2 -4 3 1 -0.343009 0.271577
-4 -2 3 1 -0.265085 0.341398
-4 2 3 1 0.327788 0.434643
-2 4 3 1 0.599689 0.402824
2 4 0.5 1 0.494574 0.0891527
4 2 0.5 1 0.307308 0.0857828
4 -2 0.5 1 0.0290294 0.0670691
2 -4 0.5 1 -0.147558 0.0474414
-2 -4 0.5 1 -0.312353 0.0118128
-4 -2 0.5 1 -0.227271 -0.0075677
-4 2 0.5 1 0.344959 0.0209742
-2 4 0.5 1 0.60355 0.0642172
7 2 3 1 0.295035 0.246482
7 -2 3 1 0.0582833 0.220568
7 2 0.5 1 0.302024 0.0948793
7 -2 0.5 1 0.0686638 0.078611
4 0 3.3 1 0.150631 0.273715
7 0 3.3 1 0.171804 0.25104
