0 0 4.5 1 -0.302742 0.312975
2 4 3 1 -0.0877959 0.0869016
4 2 3 1 -0.316568 0.0653295
4 -2 3 1 -0.703325 0.0656068
2 -4 3 1 -0.988911 0.107021
-2 -4 3 1 -0.925188 0.275991
-4 -2 3 1 -0.191481 0.337208
-4 2 3 1 0.280037 0.221288
-2 4 3 1 0.187585 0.148277
2 4 0.5 1 -0.0683124 -0.113336
4 2 0.5 1 -0.298141 -0.136957
4 -2 0.5 1 -0.68185 -0.200501
2 -4 0.5 1 -0.961039 -0.274246
-2 -4 0.5 1 -0.87633 -0.374059
-4 -2 0.5 1 -0.131596 -0.292146
-4 2 0.5 1 0.318812 -0.139127
-2 4 0.5 1 0.214412 -0.107503
7 2 3 1 -0.424404 0.0371402
7 -2 3 1 -0.770227 0.0301063
7 2 0.5 1 -0.409096 -0.136567
7 -2 0.5 1 -0.752983 -0.188654
4 0 3.3 1 -0.486131 0.0928418
7 0 3.3 1 -0.579526 0.0571277
