0 0 4.5 1 0.0492927 0.269737
2 4 3 1 0.402816 0.151714
4 2 3 1 0.226925 0.112894
4 -2 3 1 -0.0408275 0.0813807
2 -4 3 1 -0.214603 0.0773207
-2 -4 3 1 -0.370518 0.111938
-4 -2 3 1 -0.263099 0.176712
-4 2 3 1 0.299806 0.254727
-2 4 3 1 0.515427 0.226978
2 4 0.5 1 0.425038 -0.0512234
4 2 0.5 1 0.244921 -0.0580791
4 -2 0.5 1 -0.024632 -0.0824226
2 -4 0.5 1 -0.197181 -0.106516
-2 -4 0.5 1 -0.346855 -0.147595
-4 -2 0.5 1 -0.231089 -0.164375
-4 2 0.5 1 0.339917 -0.118991
-2 4 0.5 1 0.549055 -0.0723257
7 2 3 1 0.216518 0.0926411
7 -2 3 1 -0.00725395 0.0669811
7 2 0.5 1 0.23143 -0.0494287
7 -2 0.5 1 0.00640356 -0.0701031
4 0 3.3 1 0.0881048 0.116784
7 0 3.3 1 0.100901 0.0962614
