0 0 4.5 1 -0.0198851 0.226438
2 4 3 1 -0.370115 0.0962147
4 2 3 1 -0.232018 0.13954
4 -2 3 1 0.207763 0.183666
2 -4 3 1 0.35025 0.168492
-2 -4 3 1 0.257161 0.12371
-4 -2 3 1 0.110279 0.0974882
-4 2 3 1 -0.123153 0.0740668
-2 4 3 1 -0.271745 0.0706427
2 4 0.5 1 -0.347528 -0.128899
4 2 0.5 1 -0.204439 -0.135323
4 -2 0.5 1 0.235342 -0.0911975
2 -4 0.5 1 0.372837 -0.0566218
-2 -4 0.5 1 0.273744 -0.0415728
-4 -2 0.5 1 0.124917 -0.0484069
-4 2 0.5 1 -0.108515 -0.0718282
-2 4 0.5 1 -0.255162 -0.0946404
7 2 3 1 -0.347068 0.208734
7 -2 3 1 0.310786 0.274739
7 2 0.5 1 -0.305814 -0.202425
7 -2 0.5 1 0.35204 -0.136419
4 0 3.3 1 -0.0154365 0.194586
7 0 3.3 1 -0.0230909 0.291076
