0 0 4.5 1 -0.464887 0.393975
2 4 3 1 -1.07691 0.353305
4 2 3 1 -0.38492 0.384401
4 -2 3 1 0.0710219 0.284135
2 -4 3 1 0.0121399 0.223986
-2 -4 3 1 -0.236468 0.172481
-4 -2 3 1 -0.464619 0.155091
-4 2 3 1 -0.872419 0.16084
-2 4 3 1 -1.17497 0.205621
2 4 0.5 1 -0.98231 -0.221868
4 2 0.5 1 -0.322893 -0.142832
4 -2 0.5 1 0.0986144 -0.0308301
2 -4 0.5 1 0.0335512 -0.00884224
-2 -4 0.5 1 -0.21569 -0.0177413
-4 -2 0.5 1 -0.440119 -0.0410253
-4 2 0.5 1 -0.832457 -0.100875
-2 4 0.5 1 -1.11099 -0.164631
7 2 3 1 0.213385 0.658778
7 -2 3 1 0.487959 0.384581
7 2 0.5 1 0.278109 -0.192318
7 -2 0.5 1 0.512008 -0.0230069
4 0 3.3 1 -0.103483 0.370225
7 0 3.3 1 0.395299 0.541652
