0 0 4.5 1 -0.304659 0.461293
2 4 3 1 -0.052601 0.243835
4 2 3 1 -0.269064 0.225889
4 -2 3 1 -0.628267 0.225375
2 -4 3 1 -0.891294 0.254255
-2 -4 3 1 -0.929672 0.371835
-4 -2 3 1 -0.332603 0.434406
-4 2 3 1 0.241946 0.358049
-2 4 3 1 0.197826 0.296417
2 4 0.5 1 -0.0374673 0.0470957
4 2 0.5 1 -0.248607 0.0337455
4 -2 0.5 1 -0.591488 -0.0116012
2 -4 0.5 1 -0.830224 -0.0669328
-2 -4 0.5 1 -0.827661 -0.158732
-4 -2 0.5 1 -0.269119 -0.132806
-4 2 0.5 1 0.255227 -0.00578355
-2 4 0.5 1 0.208911 0.0370153
7 2 3 1 -0.354497 0.203793
7 -2 3 1 -0.665561 0.199008
7 2 0.5 1 -0.335165 0.0405365
7 -2 0.5 1 -0.634275 0.00448575
4 0 3.3 1 -0.432713 0.251974
7 0 3.3 1 -0.499065 0.223511
