0 0 4.5 1 0.143098 0.448114
2 4 3 1 1.24498 0.473631
4 2 3 1 0.894506 0.29934
4 -2 3 1 0.405623 0.179211
2 -4 3 1 0.12819 0.139646
-2 -4 3 1 -0.240928 0.11988
-4 -2 3 1 -0.491303 0.142092
-4 2 3 1 -0.589334 0.334045
-2 4 3 1 0.364497 0.629048
2 4 0.5 1 1.29666 -0.222594
4 2 0.5 1 0.927309 -0.103364
4 -2 0.5 1 0.428629 -0.0725136
2 -4 0.5 1 0.15016 -0.0868494
-2 -4 0.5 1 -0.213531 -0.142537
-4 -2 0.5 1 -0.45174 -0.219722
-4 2 0.5 1 -0.502332 -0.450613
-2 4 0.5 1 0.474361 -0.573029
7 2 3 1 1.13405 0.293737
7 -2 3 1 0.6149 0.187872
7 2 0.5 1 1.16017 -0.046804
7 -2 0.5 1 0.634604 -0.0380721
4 0 3.3 1 0.590321 0.262835
7 0 3.3 1 0.819219 0.262889
