0 0 4.5 1 -0.228225 0.255044
2 4 3 1 -0.675365 0.217684
4 2 3 1 -0.374628 0.204907
4 -2 3 1 0.0930561 0.122547
2 -4 3 1 0.140919 0.0868947
-2 -4 3 1 -0.0150605 0.0787997
-4 -2 3 1 -0.18202 0.0915332
-4 2 3 1 -0.453747 0.128789
-2 4 3 1 -0.631804 0.166709
2 4 0.5 1 -0.707163 -0.0956271
4 2 0.5 1 -0.409903 -0.14439
4 -2 0.5 1 0.0653967 -0.153503
2 -4 0.5 1 0.119669 -0.125375
-2 -4 0.5 1 -0.0314385 -0.0843781
-4 -2 0.5 1 -0.197607 -0.0633349
-4 2 0.5 1 -0.471493 -0.0467278
-2 4 0.5 1 -0.653807 -0.050258
7 2 3 1 -0.280746 0.29523
7 -2 3 1 0.353209 0.151878
7 2 0.5 1 -0.336774 -0.260348
7 -2 0.5 1 0.31423 -0.238813
4 0 3.3 1 -0.109676 0.195888
7 0 3.3 1 0.0969717 0.266071
