0 0 4.5 1 -0.411816 0.521332
2 4 3 1 -0.987797 0.460858
4 2 3 1 -0.452493 0.47319
4 -2 3 1 0.0640368 0.385582
2 -4 3 1 0.0506336 0.337326
-2 -4 3 1 -0.166497 0.304675
-4 -2 3 1 -0.374395 0.300448
-4 2 3 1 -0.732812 0.321056
-2 4 3 1 -0.989133 0.362933
2 4 0.5 1 -0.895738 -0.00592206
4 2 0.5 1 -0.405645 0.00177769
4 -2 0.5 1 0.0657556 0.0720929
2 -4 0.5 1 0.0525109 0.103618
-2 -4 0.5 1 -0.157433 0.119096
-4 -2 0.5 1 -0.358141 0.115592
-4 2 0.5 1 -0.697191 0.0907474
-2 4 0.5 1 -0.927327 0.055529
7 2 3 1 -0.0837442 0.673316
7 -2 3 1 0.447336 0.46001
7 2 0.5 1 -0.0595355 -0.103843
7 -2 0.5 1 0.419971 0.0357446
4 0 3.3 1 -0.142653 0.469261
7 0 3.3 1 0.265432 0.608017
