0 0 4.5 1 0.256028 0.170611
2 4 3 1 1.08808 0.0678313
4 2 3 1 0.787003 -0.018768
4 -2 3 1 0.3662 -0.0734968
2 -4 3 1 0.117862 -0.0839309
-2 -4 3 1 -0.194538 -0.0655004
-4 -2 3 1 -0.343451 -0.0152706
-4 2 3 1 -0.0249043 0.156436
-2 4 3 1 0.832385 0.228814
2 4 0.5 1 1.20454 -0.415426
4 2 0.5 1 0.843549 -0.336747
4 -2 0.5 1 0.38761 -0.300658
2 -4 0.5 1 0.127884 -0.30205
-2 -4 0.5 1 -0.198501 -0.336318
-4 -2 0.5 1 -0.360267 -0.397322
-4 2 0.5 1 -0.0107792 -0.580072
-2 4 0.5 1 0.999526 -0.622766
7 2 3 1 0.900914 -0.0433493
7 -2 3 1 0.506505 -0.0850087
7 2 0.5 1 0.953147 -0.305533
7 -2 0.5 1 0.530409 -0.282202
4 0 3.3 1 0.538356 -0.0205418
7 0 3.3 1 0.672248 -0.0413327
