0 0 4.5 1 0.290251 0.432745
2 4 3 1 0.804557 0.228919
4 2 3 1 0.562671 0.201717
4 -2 3 1 0.227783 0.206271
2 -4 3 1 0.0243212 0.229123
-2 -4 3 1 -0.199408 0.292848
-4 -2 3 1 -0.20404 0.362672
-4 2 3 1 0.396398 0.425262
-2 4 3 1 0.881768 0.346257
2 4 0.5 1 0.757339 -0.0586144
4 2 0.5 1 0.531944 -0.0166557
4 -2 0.5 1 0.208075 0.0229433
2 -4 0.5 1 0.00765072 0.0378709
-2 -4 0.5 1 -0.215983 0.0365225
-4 -2 0.5 1 -0.226818 0.00549884
-4 2 0.5 1 0.333219 -0.0944986
-2 4 0.5 1 0.802758 -0.118846
7 2 3 1 0.583998 0.173044
7 -2 3 1 0.297927 0.180866
7 2 0.5 1 0.558306 -0.00632927
7 -2 0.5 1 0.28014 0.0258339
4 0 3.3 1 0.383286 0.228656
7 0 3.3 1 0.432921 0.19758
