0 0 4.5 1 0.295599 0.375381
2 4 3 1 0.831191 0.170244
4 2 3 1 0.584557 0.143921
4 -2 3 1 0.243974 0.150717
2 -4 3 1 0.0380616 0.174719
-2 -4 3 1 -0.191587 0.238696
-4 -2 3 1 -0.209124 0.307603
-4 2 3 1 0.373063 0.371307
-2 4 3 1 0.890999 0.291071
2 4 0.5 1 0.789928 -0.1276
4 2 0.5 1 0.556388 -0.0794274
4 -2 0.5 1 0.223922 -0.033782
2 -4 0.5 1 0.0193607 -0.0160106
-2 -4 0.5 1 -0.213394 -0.0147165
-4 -2 0.5 1 -0.239151 -0.0462197
-4 2 0.5 1 0.312537 -0.159651
-2 4 0.5 1 0.822702 -0.194256
7 2 3 1 0.611837 0.114592
7 -2 3 1 0.319038 0.124727
7 2 0.5 1 0.588404 -0.0688945
7 -2 0.5 1 0.301413 -0.0317007
4 0 3.3 1 0.400706 0.172179
7 0 3.3 1 0.45609 0.140531
