0 0 4.5 1 -0.0413734 0.730642
2 4 3 1 1.07946 0.860407
4 2 3 1 0.952924 0.491337
4 -2 3 1 0.440375 0.345253
2 -4 3 1 0.137879 0.325028
-2 -4 3 1 -0.281429 0.345751
-4 -2 3 1 -0.615515 0.401247
-4 2 3 1 -1.23205 0.648161
-2 4 3 1 -1.22757 1.12168
2 4 0.5 1 0.833908 -0.330159
4 2 0.5 1 0.836406 -0.0985896
4 -2 0.5 1 0.405889 0.0360837
2 -4 0.5 1 0.123092 0.0700297
-2 -4 0.5 1 -0.276973 0.079646
-4 -2 0.5 1 -0.589586 0.0572513
-4 2 0.5 1 -1.10314 -0.083357
-2 4 0.5 1 -0.986674 -0.360894
7 2 3 1 1.5713 0.446954
7 -2 3 1 0.785041 0.326976
7 2 0.5 1 1.40245 -0.103035
7 -2 0.5 1 0.733403 0.0291194
4 0 3.3 1 0.621135 0.447559
7 0 3.3 1 1.06782 0.418652
