0 0 4.5 1 0.427168 0.148991
2 4 3 1 -0.0239644 -0.0171307
4 2 3 1 -0.0946911 0.0291474
4 -2 3 1 0.319885 0.110264
2 -4 3 1 1.01849 0.0933433
-2 -4 3 1 1.17514 -0.0239015
-4 -2 3 1 0.877861 -0.0622286
-4 2 3 1 0.464725 -0.0690445
-2 4 3 1 0.232323 -0.0563126
2 4 0.5 1 -0.0419904 -0.254585
4 2 0.5 1 -0.122338 -0.291397
4 -2 0.5 1 0.303929 -0.44287
2 -4 0.5 1 1.06217 -0.536298
-2 -4 0.5 1 1.21167 -0.430214
-4 -2 0.5 1 0.891528 -0.343687
-4 2 0.5 1 0.463031 -0.274642
-2 4 0.5 1 0.224407 -0.253034
7 2 3 1 -0.506913 0.101503
7 -2 3 1 -0.306874 0.304021
7 2 0.5 1 -0.565771 -0.304088
7 -2 0.5 1 -0.411341 -0.563602
4 0 3.3 1 0.0623231 0.105078
7 0 3.3 1 -0.433341 0.228479
