0 0 4.5 1 0.0508586 0.277733
2 4 3 1 0.405975 0.159654
4 2 3 1 0.229672 0.120473
4 -2 3 1 -0.0385046 0.0886434
2 -4 3 1 -0.212505 0.0844524
-2 -4 3 1 -0.369308 0.119008
-4 -2 3 1 -0.263321 0.184056
-4 2 3 1 0.3005 0.263225
-2 4 3 1 0.5183 0.235565
2 4 0.5 1 0.427775 -0.0438921
4 2 0.5 1 0.247495 -0.0508089
4 -2 0.5 1 -0.0222064 -0.0751901
2 -4 0.5 1 -0.194771 -0.0992451
-2 -4 0.5 1 -0.344957 -0.140176
-4 -2 0.5 1 -0.230641 -0.156914
-4 2 0.5 1 0.340053 -0.111672
-2 4 0.5 1 0.551099 -0.064967
7 2 3 1 0.219579 0.10013
7 -2 3 1 -0.00454736 0.074232
7 2 0.5 1 0.234357 -0.0421696
7 -2 0.5 1 0.00916858 -0.0628885
4 0 3.3 1 0.0905384 0.124235
7 0 3.3 1 0.103716 0.103654
