0 0 4.5 1 0.214341 0.717528
2 4 3 1 -0.103906 0.317406
4 2 3 1 -0.379797 0.344315
4 -2 3 1 -0.721787 0.532756
2 -4 3 1 -0.269777 0.97368
-2 -4 3 1 1.78575 0.982689
-4 -2 3 1 1.32803 0.590896
-4 2 3 1 0.640547 0.384511
-2 4 3 1 0.303777 0.334337
2 4 0.5 1 -0.0872308 0.0588221
4 2 0.5 1 -0.343814 0.0167055
4 -2 0.5 1 -0.614024 -0.135027
2 -4 0.5 1 -0.159836 -0.350956
-2 -4 0.5 1 1.51592 -0.218454
-4 -2 0.5 1 1.22753 -0.0149026
-4 2 0.5 1 0.622278 0.072496
-2 4 0.5 1 0.302955 0.080752
7 2 3 1 -0.794845 0.327965
7 -2 3 1 -1.63037 0.506986
7 2 0.5 1 -0.735094 -0.00589036
7 -2 0.5 1 -1.41624 -0.187355
4 0 3.3 1 -0.49761 0.462585
7 0 3.3 1 -1.07327 0.44382
