0 0 4.5 1 0.18088 0.556619
2 4 3 1 0.620589 0.390739
4 2 3 1 0.407451 0.349866
4 -2 3 1 0.1007 0.328649
2 -4 3 1 -0.0921625 0.335333
-2 -4 3 1 -0.291227 0.384743
-4 -2 3 1 -0.242849 0.457579
-4 2 3 1 0.383791 0.54469
-2 4 3 1 0.732071 0.495349
2 4 0.5 1 0.596005 0.138048
4 2 0.5 1 0.395701 0.148536
4 -2 0.5 1 0.100471 0.149074
2 -4 0.5 1 -0.0854351 0.14157
-2 -4 0.5 1 -0.272204 0.117612
-4 -2 0.5 1 -0.220372 0.0917513
-4 2 0.5 1 0.359361 0.075495
-2 4 0.5 1 0.686533 0.101578
7 2 3 1 0.410537 0.324457
7 -2 3 1 0.153123 0.308976
7 2 0.5 1 0.400717 0.158616
7 -2 0.5 1 0.151447 0.158181
4 0 3.3 1 0.245977 0.362372
7 0 3.3 1 0.276386 0.335954
