0 0 4.5 1 0.415552 0.437756
2 4 3 1 -0.0374781 0.290418
4 2 3 1 -0.0338636 0.338642
4 -2 3 1 0.483266 0.39334
2 -4 3 1 0.964216 0.352158
-2 -4 3 1 0.945136 0.260339
-4 -2 3 1 0.702725 0.233262
-4 2 3 1 0.361615 0.231457
-2 4 3 1 0.163316 0.246443
2 4 0.5 1 -0.0513505 0.0632632
4 2 0.5 1 -0.0524322 0.0350512
4 -2 0.5 1 0.424799 -0.0491279
2 -4 0.5 1 0.878687 -0.0761005
-2 -4 0.5 1 0.888409 -0.0238502
-4 -2 0.5 1 0.666821 0.0171451
-4 2 0.5 1 0.340774 0.0547895
-2 4 0.5 1 0.147245 0.0674055
7 2 3 1 -0.384581 0.433695
7 -2 3 1 0.199594 0.600256
7 2 0.5 1 -0.389645 0.0181237
7 -2 0.5 1 0.133707 -0.128838
4 0 3.3 1 0.179153 0.406511
7 0 3.3 1 -0.172606 0.562436
