0 0 4.5 1 -0.0526548 0.0745453
2 4 3 1 0.223081 -0.0922512
4 2 3 1 0.0491965 -0.0958175
4 -2 3 1 -0.219078 -0.080989
2 -4 3 1 -0.394208 -0.0569988
-2 -4 3 1 -0.507205 -0.00251053
-4 -2 3 1 -0.30117 0.027443
-4 2 3 1 0.256434 -0.0108949
-2 4 3 1 0.373404 -0.0581465
2 4 0.5 1 0.222617 -0.283739
4 2 0.5 1 0.0434896 -0.265544
4 -2 0.5 1 -0.233477 -0.256632
2 -4 0.5 1 -0.417828 -0.264239
-2 -4 0.5 1 -0.548492 -0.306708
-4 -2 0.5 1 -0.338869 -0.354631
-4 2 0.5 1 0.257717 -0.366016
-2 4 0.5 1 0.380112 -0.329558
7 2 3 1 0.0175084 -0.108803
7 -2 3 1 -0.20708 -0.0968369
7 2 0.5 1 0.0119415 -0.250748
7 -2 0.5 1 -0.218705 -0.242897
4 0 3.3 1 -0.081391 -0.0685153
7 0 3.3 1 -0.0921126 -0.0861178
