0 0 4.5 1 -0.369286 0.238021
2 4 3 1 -0.768371 0.415739
4 2 3 1 0.0754397 0.237577
4 -2 3 1 0.210938 0.0295729
2 -4 3 1 0.0417471 -0.0270295
-2 -4 3 1 -0.287429 -0.0474815
-4 -2 3 1 -0.565251 -0.0302233
-4 2 3 1 -1.07426 0.0640549
-2 4 3 1 -1.42223 0.22249
2 4 0.5 1 -0.923768 -0.51037
4 2 0.5 1 0.0871984 -0.407363
4 -2 0.5 1 0.225956 -0.303527
2 -4 0.5 1 0.0443751 -0.278068
-2 -4 0.5 1 -0.299807 -0.269897
-4 -2 0.5 1 -0.593011 -0.278509
-4 2 0.5 1 -1.15903 -0.323914
-2 4 0.5 1 -1.61015 -0.404542
7 2 3 1 1.00208 0.377432
7 -2 3 1 0.655448 0.0638172
7 2 0.5 1 1.19286 -0.4814
7 -2 0.5 1 0.707664 -0.318243
4 0 3.3 1 0.162465 0.149172
7 0 3.3 1 0.755284 0.218866
