0 0 4.5 1 0.425462 0.398444
2 4 3 1 -0.0293654 0.255515
4 2 3 1 -0.0336728 0.303203
4 -2 3 1 0.475974 0.354361
2 -4 3 1 0.980625 0.309169
-2 -4 3 1 0.97405 0.2155
-4 -2 3 1 0.725703 0.190731
-4 2 3 1 0.377781 0.192828
-2 4 3 1 0.176556 0.209946
2 4 0.5 1 -0.0466742 0.0294569
4 2 0.5 1 -0.056581 0.000509846
4 -2 0.5 1 0.416734 -0.0954387
2 -4 0.5 1 0.89731 -0.132712
-2 -4 0.5 1 0.918606 -0.076628
-4 -2 0.5 1 0.689977 -0.0293828
-4 2 0.5 1 0.355902 0.0149906
-2 4 0.5 1 0.15862 0.0308402
7 2 3 1 -0.39126 0.399129
7 -2 3 1 0.156059 0.56398
7 2 0.5 1 -0.405833 -0.0117511
7 -2 0.5 1 0.0865075 -0.17527
4 0 3.3 1 0.174436 0.369117
7 0 3.3 1 -0.194299 0.52507
