0 0 4.5 1 -0.459387 0.342056
2 4 3 1 -1.06733 0.321825
4 2 3 1 -0.335323 0.34524
4 -2 3 1 0.0869278 0.232281
2 -4 3 1 0.0132181 0.169301
-2 -4 3 1 -0.245484 0.116043
-4 -2 3 1 -0.479927 0.0983104
-4 2 3 1 -0.901947 0.106175
-2 4 3 1 -1.21522 0.157588
2 4 0.5 1 -0.999155 -0.294885
4 2 0.5 1 -0.279207 -0.198452
4 -2 0.5 1 0.118163 -0.082886
2 -4 0.5 1 0.036513 -0.0638641
-2 -4 0.5 1 -0.225713 -0.0767497
-4 -2 0.5 1 -0.458814 -0.102932
-4 2 0.5 1 -0.87193 -0.16889
-2 4 0.5 1 -1.17068 -0.239298
7 2 3 1 0.327787 0.625013
7 -2 3 1 0.509408 0.332129
7 2 0.5 1 0.410418 -0.232847
7 -2 0.5 1 0.547334 -0.0679755
4 0 3.3 1 -0.0727467 0.3218
7 0 3.3 1 0.44543 0.491063
