0 0 4.5 1 -0.258802 0.224485
2 4 3 1 -0.108746 -0.0367407
4 2 3 1 -0.356593 -0.043102
4 -2 3 1 -0.777324 -0.00563871
2 -4 3 1 -1.07765 0.0833627
-2 -4 3 1 -0.809045 0.313173
-4 -2 3 1 0.0458452 0.285092
-4 2 3 1 0.352693 0.0884446
-2 4 3 1 0.202855 0.0119567
2 4 0.5 1 -0.101854 -0.251502
4 2 0.5 1 -0.358999 -0.268007
4 -2 0.5 1 -0.803881 -0.322473
2 -4 0.5 1 -1.14418 -0.398448
-2 -4 0.5 1 -0.887618 -0.517746
-4 -2 0.5 1 0.0898509 -0.421869
-4 2 0.5 1 0.394907 -0.281058
-2 4 0.5 1 0.225733 -0.25214
7 2 3 1 -0.498137 -0.0693533
7 -2 3 1 -0.894088 -0.046878
7 2 0.5 1 -0.504993 -0.265479
7 -2 0.5 1 -0.921223 -0.309423
4 0 3.3 1 -0.530947 0.00257006
7 0 3.3 1 -0.66649 -0.0338771
