0 0 4.5 1 0.285206 0.195077
2 4 3 1 0.934418 0.00955999
4 2 3 1 0.666075 -0.0302114
4 -2 3 1 0.293971 -0.0354433
2 -4 3 1 0.0714522 -0.0185046
-2 -4 3 1 -0.19117 0.0350446
-4 -2 3 1 -0.26311 0.10072
-4 2 3 1 0.232182 0.202468
-2 4 3 1 0.894111 0.152078
2 4 0.5 1 0.951446 -0.35665
4 2 0.5 1 0.668986 -0.290178
4 -2 0.5 1 0.286453 -0.236513
2 -4 0.5 1 0.0580931 -0.21913
-2 -4 0.5 1 -0.217374 -0.222709
-4 -2 0.5 1 -0.303676 -0.261112
-4 2 0.5 1 0.203506 -0.408771
-2 4 0.5 1 0.91995 -0.463305
7 2 3 1 0.723974 -0.0612607
7 -2 3 1 0.393847 -0.0598553
7 2 0.5 1 0.727971 -0.27515
7 -2 0.5 1 0.389663 -0.232211
4 0 3.3 1 0.457302 -0.00681558
7 0 3.3 1 0.541718 -0.0381977
