0 0 4.5 1 0.232418 0.22604
2 4 3 1 1.14083 0.167445
4 2 3 1 0.825992 0.0569973
4 -2 3 1 0.386721 -0.02075
2 -4 3 1 0.129924 -0.0432163
-2 -4 3 1 -0.199938 -0.0409392
-4 -2 3 1 -0.380158 -0.00106327
-4 2 3 1 -0.166681 0.186174
-2 4 3 1 0.754626 0.326521
2 4 0.5 1 1.27369 -0.365184
4 2 0.5 1 0.891887 -0.281387
4 -2 0.5 1 0.415429 -0.254085
2 -4 0.5 1 0.148038 -0.263524
-2 -4 0.5 1 -0.191766 -0.310074
-4 -2 0.5 1 -0.379389 -0.38008
-4 2 0.5 1 -0.138419 -0.579448
-2 4 0.5 1 0.936805 -0.624401
7 2 3 1 0.969079 0.0383774
7 -2 3 1 0.545041 -0.0248142
7 2 0.5 1 1.0298 -0.241491
7 -2 0.5 1 0.575207 -0.228756
4 0 3.3 1 0.561633 0.0426534
7 0 3.3 1 0.719181 0.0290294
