0 0 4.5 1 0.140348 0.523584
2 4 3 1 0.559977 0.373596
4 2 3 1 0.357101 0.330454
4 -2 3 1 0.0607192 0.302899
2 -4 3 1 -0.127486 0.304752
-2 -4 3 1 -0.317546 0.348586
-4 -2 3 1 -0.256188 0.420538
-4 2 3 1 0.358142 0.512828
-2 4 3 1 0.67154 0.472432
2 4 0.5 1 0.549066 0.1333
4 2 0.5 1 0.354757 0.136659
4 -2 0.5 1 0.0672492 0.127431
2 -4 0.5 1 -0.114404 0.113892
-2 -4 0.5 1 -0.29124 0.0841088
-4 -2 0.5 1 -0.22446 0.0610916
-4 2 0.5 1 0.352833 0.0669736
-2 4 0.5 1 0.648324 0.102469
7 2 3 1 0.356963 0.306259
7 -2 3 1 0.108753 0.285069
7 2 0.5 1 0.355025 0.146354
7 -2 0.5 1 0.113066 0.137851
4 0 3.3 1 0.201359 0.33889
7 0 3.3 1 0.227643 0.314172
