0 0 4.5 1 0.0730967 0.375256
2 4 3 1 0.448966 0.2522
4 2 3 1 0.265891 0.209699
4 -2 3 1 -0.00949159 0.176033
2 -4 3 1 -0.18728 0.171699
-2 -4 3 1 -0.355372 0.207079
-4 -2 3 1 -0.265792 0.275038
-4 2 3 1 0.312676 0.36464
-2 4 3 1 0.559349 0.336091
2 4 0.5 1 0.463095 0.0387765
4 2 0.5 1 0.279637 0.0327454
4 -2 0.5 1 0.00625354 0.0100846
2 -4 0.5 1 -0.167794 -0.0122919
-2 -4 0.5 1 -0.325449 -0.0507586
-4 -2 0.5 1 -0.228004 -0.0682936
-4 2 0.5 1 0.341867 -0.0293933
-2 4 0.5 1 0.578239 0.0164858
7 2 3 1 0.25939 0.188169
7 -2 3 1 0.0292049 0.161085
7 2 0.5 1 0.270857 0.0415128
7 -2 0.5 1 0.0420737 0.0220694
4 0 3.3 1 0.122078 0.213137
7 0 3.3 1 0.139809 0.191572
