0 0 4.5 1 0.433246 0.225787
2 4 3 1 -0.021107 0.0816441
4 2 3 1 -0.0630252 0.128631
4 -2 3 1 0.397855 0.18658
2 -4 3 1 1.01292 0.14325
-2 -4 3 1 1.08673 0.0365956
-4 -2 3 1 0.811474 0.011157
-4 2 3 1 0.42903 0.0166785
-2 4 3 1 0.2117 0.0356669
2 4 0.5 1 -0.0437404 -0.146722
4 2 0.5 1 -0.0941548 -0.178956
4 -2 0.5 1 0.357511 -0.313496
2 -4 0.5 1 0.984764 -0.38975
-2 -4 0.5 1 1.06962 -0.310561
-4 -2 0.5 1 0.796124 -0.238321
-4 2 0.5 1 0.414074 -0.173447
-2 4 0.5 1 0.195265 -0.150096
7 2 3 1 -0.451392 0.216993
7 -2 3 1 -0.0973094 0.396588
7 2 0.5 1 -0.499094 -0.183346
7 -2 0.5 1 -0.180755 -0.405751
4 0 3.3 1 0.11733 0.195627
7 0 3.3 1 -0.325633 0.339573
