0 0 4.5 1 0.420683 0.124389
2 4 3 1 -0.0239429 -0.071871
4 2 3 1 -0.122783 -0.0283819
4 -2 3 1 0.235452 0.0795581
2 -4 3 1 1.00888 0.106534
-2 -4 3 1 1.26542 -0.0159662
-4 -2 3 1 0.946298 -0.074586
-4 2 3 1 0.502397 -0.102175
-2 4 3 1 0.255197 -0.0998283
2 4 0.5 1 -0.0333119 -0.318366
4 2 0.5 1 -0.141781 -0.361411
4 -2 0.5 1 0.242116 -0.523713
2 -4 0.5 1 1.12699 -0.624867
-2 -4 0.5 1 1.36218 -0.484695
-4 -2 0.5 1 0.991539 -0.388255
-4 2 0.5 1 0.515758 -0.322847
-2 4 0.5 1 0.258177 -0.307247
7 2 3 1 -0.555011 0.0226364
7 -2 3 1 -0.511016 0.241427
7 2 0.5 1 -0.612764 -0.389034
7 -2 0.5 1 -0.638227 -0.682833
4 0 3.3 1 0.00852947 0.0578839
7 0 3.3 1 -0.532492 0.153254
