0 0 4.5 1 -0.224796 0.459231
2 4 3 1 -0.0544895 0.719496
4 2 3 1 0.546657 0.319891
4 -2 3 1 0.333682 0.125616
2 -4 3 1 0.0878619 0.102825
-2 -4 3 1 -0.289793 0.131436
-4 -2 3 1 -0.597145 0.191262
-4 2 3 1 -1.18188 0.397251
-2 4 3 1 -1.52931 0.712414
2 4 0.5 1 -0.177867 -0.471241
4 2 0.5 1 0.500728 -0.335494
4 -2 0.5 1 0.307875 -0.195452
2 -4 0.5 1 0.0647206 -0.146086
-2 -4 0.5 1 -0.316389 -0.104708
-4 -2 0.5 1 -0.633467 -0.0905072
-4 2 0.5 1 -1.26398 -0.112854
-2 4 0.5 1 -1.70159 -0.233406
7 2 3 1 1.46302 0.278879
7 -2 3 1 0.750137 0.0962458
7 2 0.5 1 1.44673 -0.454844
7 -2 0.5 1 0.730226 -0.242537
4 0 3.3 1 0.407929 0.240256
7 0 3.3 1 0.979533 0.208527
