0 0 4.5 1 0.28914 0.439667
2 4 3 1 0.801025 0.236184
4 2 3 1 0.55973 0.208765
4 -2 3 1 0.225503 0.2129
2 -4 3 1 0.0223035 0.235526
-2 -4 3 1 -0.200755 0.299136
-4 -2 3 1 -0.203819 0.369086
-4 2 3 1 0.398694 0.431806
-2 4 3 1 0.880139 0.353157
2 4 0.5 1 0.753374 -0.0502541
4 2 0.5 1 0.528875 -0.00910373
4 -2 0.5 1 0.205958 0.0296419
2 -4 0.5 1 0.00599127 0.0441374
-2 -4 0.5 1 -0.216567 0.0423633
-4 -2 0.5 1 -0.225576 0.0113912
-4 2 0.5 1 0.335451 -0.0867713
-2 4 0.5 1 0.800287 -0.109751
7 2 3 1 0.580374 0.180172
7 -2 3 1 0.295077 0.187589
7 2 0.5 1 0.554566 0.00121239
7 -2 0.5 1 0.27738 0.0326626
4 0 3.3 1 0.380853 0.235473
7 0 3.3 1 0.429824 0.204479
