0 0 4.5 1 -0.26934 0.515191
2 4 3 1 -0.0104025 0.295769
4 2 3 1 -0.220364 0.286282
4 -2 3 1 -0.563284 0.296692
2 -4 3 1 -0.80963 0.328557
-2 -4 3 1 -0.876669 0.426332
-4 -2 3 1 -0.360706 0.468584
-4 2 3 1 0.24394 0.391639
-2 4 3 1 0.226561 0.336527
2 4 0.5 1 -0.00504355 0.0992379
4 2 0.5 1 -0.20787 0.0973356
4 -2 0.5 1 -0.534075 0.0707235
2 -4 0.5 1 -0.75784 0.0303838
-2 -4 0.5 1 -0.788698 -0.0551493
-4 -2 0.5 1 -0.313135 -0.0655299
-4 2 0.5 1 0.23689 0.0267522
-2 4 0.5 1 0.222277 0.0742302
7 2 3 1 -0.295519 0.269229
7 -2 3 1 -0.588926 0.274935
7 2 0.5 1 -0.282674 0.109207
7 -2 0.5 1 -0.56393 0.0891352
4 0 3.3 1 -0.378537 0.316804
7 0 3.3 1 -0.433261 0.293261
