0 0 4.5 1 -0.278555 0.403102
2 4 3 1 -0.7671 0.363821
4 2 3 1 -0.399484 0.349495
4 -2 3 1 0.0907672 0.258353
2 -4 3 1 0.118843 0.220198
-2 -4 3 1 -0.0575196 0.209349
-4 -2 3 1 -0.237215 0.220866
-4 2 3 1 -0.534336 0.259292
-2 4 3 1 -0.734114 0.301934
2 4 0.5 1 -0.76394 0.00612316
4 2 0.5 1 -0.412145 -0.0365591
4 -2 0.5 1 0.0651642 -0.0284928
2 -4 0.5 1 0.0985956 0.00219769
-2 -4 0.5 1 -0.0698543 0.039661
-4 -2 0.5 1 -0.245732 0.0568873
-4 2 0.5 1 -0.537738 0.0670867
-2 4 0.5 1 -0.732861 0.0581471
7 2 3 1 -0.231629 0.461773
7 -2 3 1 0.395832 0.293221
7 2 0.5 1 -0.263405 -0.159307
7 -2 0.5 1 0.346486 -0.105751
4 0 3.3 1 -0.115422 0.338412
7 0 3.3 1 0.15728 0.421014
