0 0 4.5 1 0.0524558 0.285778
2 4 3 1 0.409185 0.167587
4 2 3 1 0.232448 0.128058
4 -2 3 1 -0.03618 0.0959371
2 -4 3 1 -0.21042 0.0916333
-2 -4 3 1 -0.36812 0.126147
-4 -2 3 1 -0.263553 0.191462
-4 2 3 1 0.301233 0.271742
-2 4 3 1 0.521244 0.244149
2 4 0.5 1 0.43053 -0.0366004
4 2 0.5 1 0.250072 -0.0435581
4 -2 0.5 1 -0.0198019 -0.0679494
2 -4 0.5 1 -0.192399 -0.0919507
-2 -4 0.5 1 -0.343114 -0.132726
-4 -2 0.5 1 -0.230239 -0.149439
-4 2 0.5 1 0.340182 -0.104398
-2 4 0.5 1 0.553163 -0.0576681
7 2 3 1 0.222665 0.107623
7 -2 3 1 -0.00183765 0.081509
7 2 0.5 1 0.237288 -0.034926
7 -2 0.5 1 0.011917 -0.0556666
4 0 3.3 1 0.092989 0.131707
7 0 3.3 1 0.106547 0.111065
