0 0 4.5 1 -0.246206 0.222708
2 4 3 1 -0.114275 -0.0479704
4 2 3 1 -0.366518 -0.0485704
4 -2 3 1 -0.794514 0.00179636
2 -4 3 1 -1.09605 0.105987
-2 -4 3 1 -0.764497 0.345995
-4 -2 3 1 0.109717 0.28449
-4 2 3 1 0.369889 0.0697615
-2 4 3 1 0.206098 -0.00522675
2 4 0.5 1 -0.111848 -0.266083
4 2 0.5 1 -0.374951 -0.278702
4 -2 0.5 1 -0.833608 -0.327196
2 -4 0.5 1 -1.18734 -0.400987
-2 -4 0.5 1 -0.870382 -0.52869
-4 -2 0.5 1 0.151009 -0.438022
-4 2 0.5 1 0.408959 -0.301732
-2 4 0.5 1 0.22536 -0.271312
7 2 3 1 -0.516979 -0.0727477
7 -2 3 1 -0.925656 -0.0392028
7 2 0.5 1 -0.530038 -0.274146
7 -2 0.5 1 -0.96467 -0.312444
4 0 3.3 1 -0.541423 0.0029932
7 0 3.3 1 -0.688483 -0.0319336
