0 0 4.5 1 0.0574719 0.310127
2 4 3 1 0.419168 0.191272
4 2 3 1 0.240985 0.150775
4 -2 3 1 -0.0291611 0.117929
2 -4 3 1 -0.204204 0.113396
-2 -4 3 1 -0.364645 0.147902
-4 -2 3 1 -0.264275 0.213988
-4 2 3 1 0.303698 0.297339
-2 4 3 1 0.530545 0.269799
2 4 0.5 1 0.438945 -0.0150414
4 2 0.5 1 0.25786 -0.0219981
4 -2 0.5 1 -0.0126799 -0.046254
2 -4 0.5 1 -0.185474 -0.0700009
-2 -4 0.5 1 -0.337877 -0.110258
-4 -2 0.5 1 -0.229282 -0.127005
-4 2 0.5 1 0.340547 -0.0829215
-2 4 0.5 1 0.559517 -0.036208
7 2 3 1 0.232121 0.130059
7 -2 3 1 0.00634669 0.103421
7 2 0.5 1 0.246145 -0.0133666
7 -2 0.5 1 0.0200984 -0.034034
4 0 3.3 1 0.10048 0.154177
7 0 3.3 1 0.115177 0.13333
