0 0 4.5 1 0.261692 0.522547
2 4 3 1 0.743576 0.328042
4 2 3 1 0.511243 0.295871
4 -2 3 1 0.186102 0.291625
2 -4 3 1 -0.0138315 0.30944
-2 -4 3 1 -0.228274 0.369619
-4 -2 3 1 -0.210281 0.4414
-4 2 3 1 0.414703 0.510877
-2 4 3 1 0.843201 0.440847
2 4 0.5 1 0.696828 0.0543452
4 2 0.5 1 0.482909 0.0836046
4 -2 0.5 1 0.171447 0.108578
2 -4 0.5 1 -0.0229457 0.115563
-2 -4 0.5 1 -0.231357 0.106148
-4 -2 0.5 1 -0.21556 0.0761607
-4 2 0.5 1 0.357481 0.00711526
-2 4 0.5 1 0.762995 0.00425949
7 2 3 1 0.523594 0.268366
7 -2 3 1 0.248458 0.268063
7 2 0.5 1 0.499848 0.0939345
7 -2 0.5 1 0.234476 0.113858
4 0 3.3 1 0.338877 0.318062
7 0 3.3 1 0.379596 0.288462
