0 0 4.5 1 0.154133 0.779176
2 4 3 1 -0.104335 0.363229
4 2 3 1 -0.400553 0.406396
4 -2 3 1 -0.863673 0.618277
2 -4 3 1 -0.792535 1.08723
-2 -4 3 1 1.63713 1.15419
-4 -2 3 1 1.35938 0.629515
-4 2 3 1 0.663698 0.401028
-2 4 3 1 0.31772 0.360283
2 4 0.5 1 -0.102769 0.102763
4 2 0.5 1 -0.380939 0.0842753
4 -2 0.5 1 -0.773439 -0.0206996
2 -4 0.5 1 -0.635878 -0.233637
-2 -4 0.5 1 1.2323 -0.300161
-4 -2 0.5 1 1.18087 -0.0707826
-4 2 0.5 1 0.617677 0.064094
-2 4 0.5 1 0.298383 0.0951056
7 2 3 1 -0.773893 0.408279
7 -2 3 1 -1.59028 0.614604
7 2 0.5 1 -0.732674 0.0913836
7 -2 0.5 1 -1.4226 -0.00406347
4 0 3.3 1 -0.558585 0.53276
7 0 3.3 1 -1.05678 0.532302
