0 0 4.5 1 0.431473 0.356152
2 4 3 1 -0.0240799 0.216234
4 2 3 1 -0.0367019 0.263548
4 -2 3 1 0.463586 0.312933
2 -4 3 1 0.992689 0.265016
-2 -4 3 1 1.00101 0.169052
-4 -2 3 1 0.74673 0.145855
-4 2 3 1 0.391698 0.150881
-2 4 3 1 0.187326 0.169571
2 4 0.5 1 -0.0440346 -0.00910951
4 2 0.5 1 -0.0630683 -0.0387003
4 -2 0.5 1 0.405848 -0.145453
2 -4 0.5 1 0.915808 -0.19288
-2 -4 0.5 1 0.949784 -0.13256
-4 -2 0.5 1 0.712976 -0.0791355
-4 2 0.5 1 0.36982 -0.0286086
-2 4 0.5 1 0.168369 -0.0099936
7 2 3 1 -0.401086 0.359379
7 -2 3 1 0.105226 0.524394
7 2 0.5 1 -0.42476 -0.0471322
7 -2 0.5 1 0.032898 -0.225983
4 0 3.3 1 0.165696 0.328227
7 0 3.3 1 -0.220093 0.483131
