0 0 4.5 1 0.149995 0.431004
2 4 3 1 1.23802 0.452414
4 2 3 1 0.889814 0.282987
4 -2 3 1 0.404766 0.164994
2 -4 3 1 0.128945 0.125911
-2 -4 3 1 -0.237365 0.106589
-4 -2 3 1 -0.483121 0.129265
-4 2 3 1 -0.557971 0.321286
-2 4 3 1 0.402397 0.606811
2 4 0.5 1 1.3006 -0.229331
4 2 0.5 1 0.927208 -0.113955
4 -2 0.5 1 0.429126 -0.0848827
2 -4 0.5 1 0.151358 -0.0997069
-2 -4 0.5 1 -0.210651 -0.155869
-4 -2 0.5 1 -0.445628 -0.233356
-4 2 0.5 1 -0.476591 -0.463044
-2 4 0.5 1 0.517496 -0.57707
7 2 3 1 1.12102 0.276871
7 -2 3 1 0.609995 0.173252
7 2 0.5 1 1.15206 -0.0580402
7 -2 0.5 1 0.631506 -0.0505325
4 0 3.3 1 0.588576 0.247458
7 0 3.3 1 0.811623 0.247015
