0 0 4.5 1 -0.101411 0.239739
2 4 3 1 0.145999 0.0485451
4 2 3 1 -0.0322963 0.0584657
4 -2 3 1 -0.309532 0.0927497
2 -4 3 1 -0.493696 0.130116
-2 -4 3 1 -0.590408 0.193461
-4 -2 3 1 -0.317598 0.200637
-4 2 3 1 0.248969 0.113807
-2 4 3 1 0.320311 0.0653711
2 4 0.5 1 0.128495 -0.133743
4 2 0.5 1 -0.0489771 -0.107503
4 -2 0.5 1 -0.328856 -0.0869586
2 -4 0.5 1 -0.518286 -0.0889653
-2 -4 0.5 1 -0.628372 -0.137117
-4 -2 0.5 1 -0.361057 -0.201685
-4 2 0.5 1 0.217198 -0.22561
-2 4 0.5 1 0.297072 -0.18803
7 2 3 1 -0.0757244 0.0499209
7 -2 3 1 -0.30841 0.0777349
7 2 0.5 1 -0.0898709 -0.089358
7 -2 0.5 1 -0.324403 -0.0710926
4 0 3.3 1 -0.163229 0.0955303
7 0 3.3 1 -0.186389 0.0805619
