0 0 4.5 1 0.201537 0.561839
2 4 3 1 0.650979 0.388272
4 2 3 1 0.432916 0.349068
4 -2 3 1 0.121343 0.331573
2 -4 3 1 -0.073534 0.340881
-2 -4 3 1 -0.27661 0.393093
-4 -2 3 1 -0.234887 0.466041
-4 2 3 1 0.395248 0.549482
-2 4 3 1 0.761517 0.495273
2 4 0.5 1 0.619905 0.130034
4 2 0.5 1 0.416565 0.144549
4 -2 0.5 1 0.117532 0.150503
2 -4 0.5 1 -0.0704334 0.146287
-2 -4 0.5 1 -0.262191 0.125562
-4 -2 0.5 1 -0.218183 0.0984474
-4 2 0.5 1 0.361624 0.0702258
-2 4 0.5 1 0.705537 0.090553
7 2 3 1 0.437795 0.323107
7 -2 3 1 0.175973 0.310951
7 2 0.5 1 0.424113 0.154761
7 -2 0.5 1 0.171174 0.158821
4 0 3.3 1 0.268736 0.363813
7 0 3.3 1 0.301304 0.336575
