0 0 4.5 1 -0.103029 0.411641
2 4 3 1 -0.126007 0.0823593
4 2 3 1 -0.401664 0.126986
4 -2 3 1 -0.871438 0.283046
2 -4 3 1 -1.16033 0.527556
-2 -4 3 1 -0.122788 0.764322
-4 -2 3 1 0.687959 0.386082
-4 2 3 1 0.509641 0.115696
-2 4 3 1 0.247513 0.0719456
2 4 0.5 1 -0.149295 -0.146962
4 2 0.5 1 -0.434477 -0.130119
4 -2 0.5 1 -0.944036 -0.134488
2 -4 0.5 1 -1.31047 -0.2016
-2 -4 0.5 1 -0.254877 -0.457764
-4 -2 0.5 1 0.667136 -0.389005
-4 2 0.5 1 0.494287 -0.243321
-2 4 0.5 1 0.229956 -0.190611
7 2 3 1 -0.625685 0.129761
7 -2 3 1 -1.1473 0.264818
7 2 0.5 1 -0.660195 -0.102607
7 -2 0.5 1 -1.21835 -0.0911544
4 0 3.3 1 -0.575376 0.223431
7 0 3.3 1 -0.826046 0.215846
