0 0 4.5 1 0.291888 0.252178
2 4 3 1 0.890879 0.0540781
4 2 3 1 0.631897 0.0227837
4 -2 3 1 0.273977 0.0261101
2 -4 3 1 0.0592315 0.0479124
-2 -4 3 1 -0.188653 0.107717
-4 -2 3 1 -0.238305 0.174956
-4 2 3 1 0.294257 0.256426
-2 4 3 1 0.896208 0.187084
2 4 0.5 1 0.879291 -0.280207
4 2 0.5 1 0.619267 -0.219852
4 -2 0.5 1 0.259304 -0.166445
2 -4 0.5 1 0.041546 -0.146818
-2 -4 0.5 1 -0.216012 -0.145614
-4 -2 0.5 1 -0.278014 -0.179974
-4 2 0.5 1 0.250701 -0.316542
-2 4 0.5 1 0.877013 -0.36745
7 2 3 1 0.676303 -0.00794491
7 -2 3 1 0.36303 0.000235342
7 2 0.5 1 0.666536 -0.207451
7 -2 0.5 1 0.351513 -0.164123
4 0 3.3 1 0.434317 0.0499899
7 0 3.3 1 0.506051 0.0178727
