0 0 4.5 1 -0.262989 0.366345
2 4 3 1 -0.739371 0.328948
4 2 3 1 -0.391593 0.313859
4 -2 3 1 0.0920126 0.223963
2 -4 3 1 0.125441 0.18664
-2 -4 3 1 -0.0451222 0.177295
-4 -2 3 1 -0.220982 0.18976
-4 2 3 1 -0.510368 0.228738
-2 4 3 1 -0.703458 0.270504
2 4 0.5 1 -0.747408 -0.0151084
4 2 0.5 1 -0.411648 -0.0607785
4 -2 0.5 1 0.0647938 -0.058991
2 -4 0.5 1 0.103992 -0.0290557
-2 -4 0.5 1 -0.0592742 0.00993792
-4 -2 0.5 1 -0.232099 0.0287917
-4 2 0.5 1 -0.518513 0.0417405
-2 4 0.5 1 -0.709724 0.0349735
7 2 3 1 -0.245594 0.41849
7 -2 3 1 0.384628 0.255938
7 2 0.5 1 -0.284999 -0.182276
7 -2 0.5 1 0.336631 -0.139366
4 0 3.3 1 -0.112952 0.302585
7 0 3.3 1 0.141048 0.380294
