0 0 4.5 1 0.339798 0.522872
2 4 3 1 -0.0914606 0.356456
4 2 3 1 -0.0610206 0.40725
4 -2 3 1 0.461474 0.483467
2 -4 3 1 0.853916 0.462526
-2 -4 3 1 0.806032 0.376727
-4 -2 3 1 0.58939 0.338615
-4 2 3 1 0.276248 0.317822
-2 4 3 1 0.0898937 0.321704
2 4 0.5 1 -0.0874037 0.127759
4 2 0.5 1 -0.0574262 0.104442
4 -2 0.5 1 0.426512 0.0709733
2 -4 0.5 1 0.793607 0.0803838
-2 -4 0.5 1 0.767022 0.118976
-4 -2 0.5 1 0.566894 0.136584
-4 2 0.5 1 0.267297 0.146215
-2 4 0.5 1 0.086938 0.144238
7 2 3 1 -0.378932 0.491546
7 -2 3 1 0.295912 0.670951
7 2 0.5 1 -0.349085 0.0669233
7 -2 0.5 1 0.26042 -0.00665323
4 0 3.3 1 0.160637 0.48459
7 0 3.3 1 -0.122898 0.630135
