0 0 4.5 1 -0.175545 0.462672
2 4 3 1 0.0748277 0.249706
4 2 3 1 -0.119673 0.255416
4 -2 3 1 -0.428856 0.285731
2 -4 3 1 -0.64225 0.324872
-2 -4 3 1 -0.728765 0.40137
-4 -2 3 1 -0.342778 0.411844
-4 2 3 1 0.257809 0.319145
-2 4 3 1 0.283132 0.270721
2 4 0.5 1 0.0619213 0.0607802
4 2 0.5 1 -0.126368 0.0779641
4 -2 0.5 1 -0.426677 0.0828008
2 -4 0.5 1 -0.630956 0.0670008
-2 -4 0.5 1 -0.706009 -0.00101732
-4 -2 0.5 1 -0.344017 -0.0549014
-4 2 0.5 1 0.22413 -0.0316506
-2 4 0.5 1 0.257318 0.0143688
7 2 3 1 -0.178848 0.245425
7 -2 3 1 -0.440145 0.269191
7 2 0.5 1 -0.183114 0.0957106
7 -2 0.5 1 -0.438046 0.101741
4 0 3.3 1 -0.263616 0.293065
7 0 3.3 1 -0.302077 0.276162
