0 0 4.5 1 0.364543 0.513954
2 4 3 1 -0.0748793 0.351758
4 2 3 1 -0.0508923 0.401937
4 -2 3 1 0.474148 0.472298
2 -4 3 1 0.889531 0.445991
-2 -4 3 1 0.846568 0.35846
-4 -2 3 1 0.622597 0.323097
-4 2 3 1 0.301566 0.307337
-2 4 3 1 0.111769 0.314304
2 4 0.5 1 -0.0758459 0.122515
4 2 0.5 1 -0.0535081 0.0975477
4 -2 0.5 1 0.430326 0.0505313
2 -4 0.5 1 0.818403 0.0513854
-2 -4 0.5 1 0.800151 0.0935309
-4 -2 0.5 1 0.594868 0.116971
-4 2 0.5 1 0.288595 0.133876
-2 4 0.5 1 0.104777 0.135794
7 2 3 1 -0.378819 0.489953
7 -2 3 1 0.281066 0.66636
7 2 0.5 1 -0.357183 0.0653003
7 -2 0.5 1 0.234888 -0.0283845
4 0 3.3 1 0.170242 0.47702
7 0 3.3 1 -0.13179 0.626823
