0 0 4.5 1 0.0592305 0.31829
2 4 3 1 0.422625 0.199103
4 2 3 1 0.243913 0.158309
4 -2 3 1 -0.0267944 0.125271
2 -4 3 1 -0.202133 0.120699
-2 -4 3 1 -0.363504 0.155243
-4 -2 3 1 -0.264513 0.221576
-4 2 3 1 0.304618 0.305862
-2 4 3 1 0.533813 0.27829
2 4 0.5 1 0.441812 -0.00798635
4 2 0.5 1 0.260486 -0.0149011
4 -2 0.5 1 -0.0103247 -0.0390562
2 -4 0.5 1 -0.183218 -0.0626871
-2 -4 0.5 1 -0.336218 -0.102754
-4 -2 0.5 1 -0.229035 -0.119546
-4 2 0.5 1 0.340672 -0.0759008
-2 4 0.5 1 0.561702 -0.0292258
7 2 3 1 0.235351 0.137496
7 -2 3 1 0.00910538 0.110727
7 2 0.5 1 0.249131 -0.00626315
7 -2 0.5 1 0.0228164 -0.0268597
4 0 3.3 1 0.103035 0.16166
7 0 3.3 1 0.118111 0.140737
