0 0 4.5 1 0.293412 0.270798
2 4 3 1 0.880194 0.0704551
4 2 3 1 0.623518 0.0407393
4 -2 3 1 0.269011 0.0455377
2 -4 3 1 0.056095 0.0681968
-2 -4 3 1 -0.18822 0.129193
-4 -2 3 1 -0.232168 0.196727
-4 2 3 1 0.309488 0.273785
-2 4 3 1 0.896218 0.201047
2 4 0.5 1 0.862117 -0.256346
4 2 0.5 1 0.607392 -0.19784
4 -2 0.5 1 0.252868 -0.145114
2 -4 0.5 1 0.0377049 -0.125326
-2 -4 0.5 1 -0.215284 -0.123458
-4 -2 0.5 1 -0.270943 -0.157066
-4 2 0.5 1 0.262304 -0.290323
-2 4 0.5 1 0.866556 -0.339337
7 2 3 1 0.664667 0.0102026
7 -2 3 1 0.355416 0.0194722
7 2 0.5 1 0.651817 -0.185934
7 -2 0.5 1 0.342345 -0.143073
4 0 3.3 1 0.428631 0.0685489
7 0 3.3 1 0.497273 0.0363967
