0 0 4.5 1 -0.306742 0.321578
2 4 3 1 -0.478823 0.566163
4 2 3 1 0.301492 0.261852
4 -2 3 1 0.267803 0.0466462
2 -4 3 1 0.0580567 0.00687949
-2 -4 3 1 -0.297178 0.0140337
-4 -2 3 1 -0.590225 0.0555176
-4 2 3 1 -1.13472 0.208248
-2 4 3 1 -1.4861 0.438819
2 4 0.5 1 -0.639753 -0.497029
4 2 0.5 1 0.293458 -0.400101
4 -2 0.5 1 0.262126 -0.283577
2 -4 0.5 1 0.0452401 -0.244612
-2 -4 0.5 1 -0.322081 -0.215539
-4 -2 0.5 1 -0.631653 -0.208489
-4 2 0.5 1 -1.24559 -0.231977
-2 4 0.5 1 -1.73029 -0.317342
7 2 3 1 1.25754 0.297535
7 -2 3 1 0.704282 0.0421334
7 2 0.5 1 1.37985 -0.518778
7 -2 0.5 1 0.723869 -0.322368
4 0 3.3 1 0.279909 0.168025
7 0 3.3 1 0.873989 0.17792
