0 0 4.5 1 -0.295927 0.436623
2 4 3 1 -0.797327 0.394674
4 2 3 1 -0.40829 0.382018
4 -2 3 1 0.0886752 0.290307
2 -4 3 1 0.111236 0.251151
-2 -4 3 1 -0.0711489 0.238248
-4 -2 3 1 -0.254934 0.24838
-4 2 3 1 -0.560411 0.285634
-2 4 3 1 -0.767511 0.328875
2 4 0.5 1 -0.781764 0.0221983
4 2 0.5 1 -0.412721 -0.0163791
4 -2 0.5 1 0.0654391 -0.000919511
2 -4 0.5 1 0.0928444 0.030485
-2 -4 0.5 1 -0.0811706 0.0659542
-4 -2 0.5 1 -0.260386 0.0811143
-4 2 0.5 1 -0.558488 0.0878196
-2 4 0.5 1 -0.757891 0.0761856
7 2 3 1 -0.216627 0.503456
7 -2 3 1 0.406414 0.329078
7 2 0.5 1 -0.240176 -0.139719
7 -2 0.5 1 0.356824 -0.0742823
4 0 3.3 1 -0.118768 0.371565
7 0 3.3 1 0.173438 0.460241
