0 0 4.5 1 -0.166693 0.559962
2 4 3 1 0.290698 0.798842
4 2 3 1 0.70154 0.371653
4 -2 3 1 0.377402 0.19663
2 -4 3 1 0.110418 0.180594
-2 -4 3 1 -0.28197 0.215505
-4 -2 3 1 -0.599721 0.281165
-4 2 3 1 -1.21262 0.513734
-2 4 3 1 -1.53653 0.889491
2 4 0.5 1 0.158511 -0.448095
4 2 0.5 1 0.623266 -0.271027
4 -2 0.5 1 0.342187 -0.119916
2 -4 0.5 1 0.0849675 -0.0688894
-2 -4 0.5 1 -0.303473 -0.0281833
-4 -2 0.5 1 -0.62271 -0.0173638
-4 2 0.5 1 -1.24427 -0.058774
-2 4 0.5 1 -1.58508 -0.22485
7 2 3 1 1.55533 0.30828
7 -2 3 1 0.776957 0.162063
7 2 0.5 1 1.45316 -0.365348
7 -2 0.5 1 0.736372 -0.161811
4 0 3.3 1 0.489924 0.305936
7 0 3.3 1 1.0356 0.262709
