0 0 4.5 1 -0.310997 0.424949
2 4 3 1 -0.0656772 0.207621
4 2 3 1 -0.28482 0.187164
4 -2 3 1 -0.650687 0.183928
2 -4 3 1 -0.920107 0.21333
-2 -4 3 1 -0.939569 0.341968
-4 -2 3 1 -0.307023 0.410131
-4 2 3 1 0.246567 0.328887
-2 4 3 1 0.190458 0.264153
2 4 0.5 1 -0.0477499 0.0109151
4 2 0.5 1 -0.262875 -0.00647929
4 -2 0.5 1 -0.614284 -0.0585898
2 -4 0.5 1 -0.861269 -0.119766
-2 -4 0.5 1 -0.841617 -0.213579
-4 -2 0.5 1 -0.241293 -0.171419
-4 2 0.5 1 0.267987 -0.0333234
-2 4 0.5 1 0.207229 0.00656381
7 2 3 1 -0.375231 0.163051
7 -2 3 1 -0.694212 0.15528
7 2 0.5 1 -0.355002 -0.00182072
7 -2 0.5 1 -0.66338 -0.0437385
4 0 3.3 1 -0.450203 0.212214
7 0 3.3 1 -0.522447 0.181629
