0 0 4.5 1 0.295873 0.317883
2 4 3 1 0.856765 0.114048
4 2 3 1 0.605053 0.086817
4 -2 3 1 0.257674 0.0936303
2 -4 3 1 0.0484673 0.117514
-2 -4 3 1 -0.188354 0.180494
-4 -2 3 1 -0.219567 0.248647
-4 2 3 1 0.341963 0.317616
-2 4 3 1 0.895137 0.239558
2 4 0.5 1 0.825923 -0.19751
4 2 0.5 1 0.582152 -0.143604
4 -2 0.5 1 0.238978 -0.0934443
2 -4 0.5 1 0.029261 -0.074026
-2 -4 0.5 1 -0.213734 -0.0716469
-4 -2 0.5 1 -0.255083 -0.103983
-4 2 0.5 1 0.287413 -0.228757
-2 4 0.5 1 0.844518 -0.271986
7 2 3 1 0.639251 0.0568166
7 -2 3 1 0.338406 0.0674071
7 2 0.5 1 0.620442 -0.132542
7 -2 0.5 1 0.322529 -0.0916621
4 0 3.3 1 0.415806 0.115348
7 0 3.3 1 0.477822 0.0833134
