0 0 4.5 1 -0.189076 0.521275
2 4 3 1 0.152951 0.771177
4 2 3 1 0.643537 0.350763
4 -2 3 1 0.360997 0.168386
2 -4 3 1 0.101918 0.150312
-2 -4 3 1 -0.284766 0.18365
-4 -2 3 1 -0.598437 0.247735
-4 2 3 1 -1.20075 0.471116
-2 4 3 1 -1.53754 0.823398
2 4 0.5 1 0.0294346 -0.458315
4 2 0.5 1 0.577829 -0.297387
4 -2 0.5 1 0.328902 -0.149626
2 -4 0.5 1 0.0769026 -0.0986473
-2 -4 0.5 1 -0.308762 -0.05677
-4 -2 0.5 1 -0.627377 -0.043821
-4 2 0.5 1 -1.25446 -0.0758746
-2 4 0.5 1 -1.63957 -0.222616
7 2 3 1 1.52462 0.293266
7 -2 3 1 0.767361 0.134778
7 2 0.5 1 1.45295 -0.403183
7 -2 0.5 1 0.733903 -0.194436
4 0 3.3 1 0.459159 0.279648
7 0 3.3 1 1.01584 0.239333
