0 0 4.5 1 -0.272308 0.513454
2 4 3 1 -0.0134582 0.294111
4 2 3 1 -0.223876 0.284024
4 -2 3 1 -0.567898 0.293636
2 -4 3 1 -0.815378 0.325212
-2 -4 3 1 -0.881119 0.424033
-4 -2 3 1 -0.3601 0.467695
-4 2 3 1 0.243437 0.391156
-2 4 3 1 0.22441 0.335676
2 4 0.5 1 -0.00739128 0.0974944
4 2 0.5 1 -0.210735 0.0948257
4 -2 0.5 1 -0.537924 0.0669643
2 -4 0.5 1 -0.762514 0.0256502
-2 -4 0.5 1 -0.791458 -0.0603679
-4 -2 0.5 1 -0.311116 -0.0686127
-4 2 0.5 1 0.237659 0.0261381
-2 4 0.5 1 0.221122 0.0734364
7 2 3 1 -0.299647 0.266654
7 -2 3 1 -0.594183 0.271619
7 2 0.5 1 -0.286249 0.106393
7 -2 0.5 1 -0.568541 0.0852663
4 0 3.3 1 -0.382467 0.314227
7 0 3.3 1 -0.437862 0.290384
