0 0 4.5 1 -0.0447642 0.064943
2 4 3 1 0.236248 -0.0978117
4 2 3 1 0.0626131 -0.104085
4 -2 3 1 -0.205192 -0.0930581
2 -4 3 1 -0.379841 -0.0714772
-2 -4 3 1 -0.495558 -0.0184297
-4 -2 3 1 -0.297197 0.0151526
-4 2 3 1 0.260095 -0.0141974
-2 4 3 1 0.38348 -0.0605569
2 4 0.5 1 0.239034 -0.290589
4 2 0.5 1 0.0594843 -0.27443
4 -2 0.5 1 -0.217312 -0.268437
2 -4 0.5 1 -0.400991 -0.27765
-2 -4 0.5 1 -0.53352 -0.320072
-4 -2 0.5 1 -0.330763 -0.364849
-4 2 0.5 1 0.266976 -0.371313
-2 4 0.5 1 0.395144 -0.334355
7 2 3 1 0.0324767 -0.117802
7 -2 3 1 -0.191676 -0.108956
7 2 0.5 1 0.0290588 -0.260224
7 -2 0.5 1 -0.201357 -0.254879
4 0 3.3 1 -0.0683996 -0.0786482
7 0 3.3 1 -0.07743 -0.0966478
