0 0 4.5 1 0.4292 0.1681
2 4 3 1 -0.0232478 0.0105445
4 2 3 1 -0.0845472 0.0572349
4 -2 3 1 0.346202 0.129857
2 -4 3 1 1.01791 0.102049
-2 -4 3 1 1.14543 -0.012084
-4 -2 3 1 0.855459 -0.0451969
-4 2 3 1 0.452602 -0.0468122
-2 4 3 1 0.225246 -0.0314515
2 4 0.5 1 -0.0433738 -0.22364
4 2 0.5 1 -0.114032 -0.258715
4 -2 0.5 1 0.322109 -0.405443
2 -4 0.5 1 1.03666 -0.494402
-2 -4 0.5 1 1.16293 -0.398078
-4 -2 0.5 1 0.858914 -0.315772
-4 2 0.5 1 0.446145 -0.247125
-2 4 0.5 1 0.214109 -0.224367
7 2 3 1 -0.489143 0.135606
7 -2 3 1 -0.238215 0.330747
7 2 0.5 1 -0.545716 -0.267646
7 -2 0.5 1 -0.334837 -0.515183
4 0 3.3 1 0.0803479 0.129851
7 0 3.3 1 -0.398599 0.26097
