0 0 4.5 1 0.281936 0.472742
2 4 3 1 0.782368 0.271565
4 2 3 1 0.544089 0.24277
4 -2 3 1 0.213084 0.244405
2 -4 3 1 0.0111002 0.265646
-2 -4 3 1 -0.208762 0.328414
-4 -2 3 1 -0.204126 0.399021
-4 2 3 1 0.407935 0.463187
-2 4 3 1 0.870109 0.386899
2 4 0.5 1 0.733571 -0.0098795
4 2 0.5 1 0.513223 0.0271351
4 -2 0.5 1 0.194739 0.0613244
2 -4 0.5 1 -0.00308923 0.0734295
-2 -4 0.5 1 -0.220434 0.0692546
-4 -2 0.5 1 -0.220426 0.0385542
-4 2 0.5 1 0.345337 -0.0499192
-2 4 0.5 1 0.787706 -0.0658629
7 2 3 1 0.56151 0.214567
7 -2 3 1 0.279932 0.219631
7 2 0.5 1 0.535661 0.0374331
7 -2 0.5 1 0.263051 0.065071
4 0 3.3 1 0.367632 0.268123
7 0 3.3 1 0.413445 0.237574
