0 0 4.5 1 0.426719 0.391542
2 4 3 1 -0.0282938 0.249227
4 2 3 1 -0.0339591 0.296841
4 -2 3 1 0.474249 0.347571
2 -4 3 1 0.982913 0.301824
-2 -4 3 1 0.97865 0.207807
-4 -2 3 1 0.72932 0.183358
-4 2 3 1 0.380241 0.186017
-2 4 3 1 0.178512 0.203439
2 4 0.5 1 -0.0461005 0.0233232
4 2 0.5 1 -0.0575067 -0.00573479
4 -2 0.5 1 0.415105 -0.103553
2 -4 0.5 1 0.900374 -0.142534
-2 -4 0.5 1 0.923701 -0.0857787
-4 -2 0.5 1 0.693796 -0.0374977
-4 2 0.5 1 0.358289 0.00794493
-2 4 0.5 1 0.160346 0.0242906
7 2 3 1 -0.392675 0.392819
7 -2 3 1 0.14808 0.557557
7 2 0.5 1 -0.408799 -0.0172923
7 -2 0.5 1 0.0780226 -0.183448
4 0 3.3 1 0.173249 0.362493
7 0 3.3 1 -0.198316 0.518346
