0 0 4.5 1 0.105085 0.465521
2 4 3 1 0.504327 0.330025
4 2 3 1 0.311337 0.286228
4 -2 3 1 0.0253168 0.254412
2 -4 3 1 -0.157885 0.252517
-2 -4 3 1 -0.338042 0.291567
-4 -2 3 1 -0.263944 0.36195
-4 2 3 1 0.334028 0.455614
-2 4 3 1 0.615012 0.422198
2 4 0.5 1 0.506241 0.10271
4 2 0.5 1 0.31748 0.100602
4 -2 0.5 1 0.0372445 0.0836982
2 -4 0.5 1 -0.140402 0.065264
-2 -4 0.5 1 -0.307827 0.0307974
-4 -2 0.5 1 -0.22689 0.0106431
-4 2 0.5 1 0.346468 0.0347122
-2 4 0.5 1 0.613091 0.0766063
7 2 3 1 0.308265 0.263296
7 -2 3 1 0.0690222 0.238163
7 2 0.5 1 0.313419 0.109832
7 -2 0.5 1 0.0782402 0.0950369
4 0 3.3 1 0.161357 0.291573
7 0 3.3 1 0.183692 0.268464
