0 0 4.5 1 0.268444 0.493482
2 4 3 1 -0.135102 0.322613
4 2 3 1 -0.0891835 0.374216
4 -2 3 1 0.414863 0.461793
2 -4 3 1 0.748103 0.452419
-2 -4 3 1 0.693237 0.372814
-4 -2 3 1 0.497282 0.32984
-4 2 3 1 0.206855 0.298163
-2 4 3 1 0.0309322 0.294754
2 4 0.5 1 -0.119301 0.0994196
4 2 0.5 1 -0.0708211 0.0814091
4 -2 0.5 1 0.407546 0.0809142
2 -4 0.5 1 0.722977 0.107744
-2 -4 0.5 1 0.67794 0.137077
-4 -2 0.5 1 0.491033 0.141408
-4 2 0.5 1 0.209253 0.134131
-2 4 0.5 1 0.0384379 0.12296
7 2 3 1 -0.375015 0.447647
7 -2 3 1 0.311244 0.627685
7 2 0.5 1 -0.330177 0.0325873
7 -2 0.5 1 0.30971 0.0100227
4 0 3.3 1 0.128748 0.454549
7 0 3.3 1 -0.103961 0.585204
