0 0 4.5 1 0.431541 0.197174
2 4 3 1 -0.0220687 0.0479181
4 2 3 1 -0.0725616 0.0948416
4 -2 3 1 0.375438 0.15868
2 -4 3 1 1.0157 0.121033
-2 -4 3 1 1.11226 0.0109639
-4 -2 3 1 0.830569 -0.0173265
-4 2 3 1 0.43926 -0.0143211
-2 4 3 1 0.217586 0.00338524
2 4 0.5 1 -0.0439296 -0.182786
4 2 0.5 1 -0.10335 -0.216151
4 -2 0.5 1 0.3421 -0.356544
2 -4 0.5 1 1.00733 -0.439028
-2 -4 0.5 1 1.10957 -0.35275
-4 -2 0.5 1 0.82308 -0.275827
-4 2 0.5 1 0.427795 -0.208768
-2 4 0.5 1 0.203233 -0.18536
7 2 3 1 -0.468142 0.179212
7 -2 3 1 -0.159499 0.365548
7 2 0.5 1 -0.520461 -0.221949
7 -2 0.5 1 -0.248164 -0.4556
4 0 3.3 1 0.101052 0.164058
7 0 3.3 1 -0.358054 0.30285
