0 0 4.5 1 -0.122476 0.0119719
2 4 3 1 -0.507519 -0.0764888
4 2 3 1 -0.306457 -0.0538635
4 -2 3 1 0.140318 -0.0671973
2 -4 3 1 0.237191 -0.0941418
-2 -4 3 1 0.117684 -0.120976
-4 -2 3 1 -0.0349368 -0.128422
-4 2 3 1 -0.279547 -0.125001
-2 4 3 1 -0.435629 -0.111926
2 4 0.5 1 -0.5335 -0.342828
4 2 0.5 1 -0.324535 -0.367159
4 -2 0.5 1 0.149233 -0.348104
2 -4 0.5 1 0.248509 -0.316836
-2 -4 0.5 1 0.122184 -0.288108
-4 -2 0.5 1 -0.0354329 -0.281193
-4 2 0.5 1 -0.287895 -0.286868
-2 4 0.5 1 -0.451374 -0.302488
7 2 3 1 -0.335596 0.0231644
7 -2 3 1 0.312188 -0.00715525
7 2 0.5 1 -0.366757 -0.459683
7 -2 0.5 1 0.339606 -0.417084
4 0 3.3 1 -0.0709421 -0.0275485
7 0 3.3 1 0.0131616 0.0551651
