0 0 4.5 1 -0.186493 0.279172
2 4 3 1 -0.129937 -0.0232608
4 2 3 1 -0.395599 0.000618054
4 -2 3 1 -0.845943 0.105447
2 -4 3 1 -1.14478 0.275033
-2 -4 3 1 -0.518651 0.529782
-4 -2 3 1 0.379428 0.315373
-4 2 3 1 0.435433 0.0533152
-2 4 3 1 0.21995 -0.00837309
2 4 0.5 1 -0.144077 -0.249055
4 2 0.5 1 -0.423166 -0.244372
4 -2 0.5 1 -0.920321 -0.265402
2 -4 0.5 1 -1.30533 -0.328335
-2 -4 0.5 1 -0.674781 -0.508554
-4 -2 0.5 1 0.405536 -0.446947
-4 2 0.5 1 0.451408 -0.31715
-2 4 0.5 1 0.220604 -0.275913
7 2 3 1 -0.581369 -0.0111619
7 -2 3 1 -1.0404 0.0721327
7 2 0.5 1 -0.613302 -0.22855
7 -2 0.5 1 -1.11384 -0.238904
4 0 3.3 1 -0.57025 0.0757477
7 0 3.3 1 -0.765075 0.0522847
