0 0 4.5 1 -0.141981 0.347376
2 4 3 1 -0.130249 0.029819
4 2 3 1 -0.401632 0.0664391
4 -2 3 1 -0.862687 0.201386
2 -4 3 1 -1.15671 0.412019
-2 -4 3 1 -0.315703 0.659606
-4 -2 3 1 0.550313 0.35143
-4 2 3 1 0.475995 0.0805206
-2 4 3 1 0.23341 0.0292076
2 4 0.5 1 -0.150819 -0.197805
4 2 0.5 1 -0.434188 -0.184945
4 -2 0.5 1 -0.941332 -0.193776
2 -4 0.5 1 -1.32319 -0.255602
-2 -4 0.5 1 -0.461477 -0.478473
-4 -2 0.5 1 0.55524 -0.420671
-4 2 0.5 1 0.474364 -0.283898
-2 4 0.5 1 0.22313 -0.235594
7 2 3 1 -0.608424 0.0631211
7 -2 3 1 -1.10026 0.176158
7 2 0.5 1 -0.644206 -0.162072
7 -2 0.5 1 -1.17799 -0.157897
4 0 3.3 1 -0.575539 0.154085
7 0 3.3 1 -0.800576 0.139569
