0 0 4.5 1 -0.112937 0.292049
2 4 3 1 0.132258 0.0958367
4 2 3 1 -0.0485147 0.106576
4 -2 3 1 -0.330613 0.142332
2 -4 3 1 -0.519278 0.181275
-2 -4 3 1 -0.613448 0.246776
-4 -2 3 1 -0.320552 0.251434
-4 2 3 1 0.251781 0.159331
-2 4 3 1 0.313135 0.111288
2 4 0.5 1 0.11361 -0.0862534
4 2 0.5 1 -0.0649514 -0.0603822
4 -2 0.5 1 -0.347488 -0.0406292
2 -4 0.5 1 -0.53909 -0.0437469
-2 -4 0.5 1 -0.642812 -0.0951519
-4 -2 0.5 1 -0.358556 -0.160627
-4 2 0.5 1 0.216241 -0.179569
-2 4 0.5 1 0.286371 -0.14045
7 2 3 1 -0.094984 0.0984119
7 -2 3 1 -0.331996 0.127344
7 2 0.5 1 -0.108654 -0.0418584
7 -2 0.5 1 -0.345959 -0.0240514
4 0 3.3 1 -0.181135 0.144681
7 0 3.3 1 -0.207328 0.129866
