0 0 4.5 1 -0.077232 0.134508
2 4 3 1 0.182074 -0.0447036
4 2 3 1 0.00702494 -0.0401879
4 -2 3 1 -0.263652 -0.0139148
2 -4 3 1 -0.441384 0.0175276
-2 -4 3 1 -0.545719 0.0763953
-4 -2 3 1 -0.311311 0.0940823
-4 2 3 1 0.248101 0.0282793
-2 4 3 1 0.343135 -0.020513
2 4 0.5 1 0.171539 -0.231009
4 2 0.5 1 -0.00601426 -0.207256
4 -2 0.5 1 -0.28333 -0.190226
2 -4 0.5 1 -0.469655 -0.193446
-2 -4 0.5 1 -0.592107 -0.237106
-4 -2 0.5 1 -0.357611 -0.294805
-4 2 0.5 1 0.231159 -0.318295
-2 4 0.5 1 0.333468 -0.282465
7 2 3 1 -0.0300289 -0.0507114
7 -2 3 1 -0.256831 -0.0293719
7 2 0.5 1 -0.0415686 -0.190611
7 -2 0.5 1 -0.273008 -0.175694
4 0 3.3 1 -0.122635 -0.00730532
7 0 3.3 1 -0.139164 -0.0234568
