0 0 4.5 1 -0.00971177 0.0669507
2 4 3 1 0.294302 -0.0768221
4 2 3 1 0.121842 -0.0953116
4 -2 3 1 -0.143921 -0.101312
2 -4 3 1 -0.316923 -0.0903915
-2 -4 3 1 -0.444778 -0.0443573
-4 -2 3 1 -0.27804 0.00337513
-4 2 3 1 0.27727 0.0143864
-2 4 3 1 0.428174 -0.0260618
2 4 0.5 1 0.310286 -0.272734
4 2 0.5 1 0.130062 -0.266226
4 -2 0.5 1 -0.14445 -0.273635
2 -4 0.5 1 -0.324193 -0.290047
-2 -4 0.5 1 -0.462542 -0.332765
-4 -2 0.5 1 -0.288866 -0.364238
-4 2 0.5 1 0.306063 -0.346864
-2 4 0.5 1 0.45863 -0.306718
7 2 3 1 0.098417 -0.111844
7 -2 3 1 -0.123881 -0.116955
7 2 0.5 1 0.104618 -0.254568
7 -2 0.5 1 -0.123768 -0.26066
4 0 3.3 1 -0.0110346 -0.0784422
7 0 3.3 1 -0.0127839 -0.0977198
