0 0 4.5 1 -0.153414 0.031662
2 4 3 1 -0.552196 -0.0401029
4 2 3 1 -0.330733 -0.0274544
4 -2 3 1 0.119656 -0.0623778
2 -4 3 1 0.204421 -0.0928198
-2 -4 3 1 0.0764461 -0.11334
-4 -2 3 1 -0.0788865 -0.113855
-4 2 3 1 -0.328199 -0.0995484
-2 4 3 1 -0.487663 -0.0792871
2 4 0.5 1 -0.59055 -0.316087
4 2 0.5 1 -0.36211 -0.348972
4 -2 0.5 1 0.116099 -0.343032
2 -4 0.5 1 0.205121 -0.313627
-2 -4 0.5 1 0.0730228 -0.279805
-4 -2 0.5 1 -0.0864555 -0.267226
-4 2 0.5 1 -0.34399 -0.26436
-2 4 0.5 1 -0.512343 -0.275286
7 2 3 1 -0.333523 0.0519249
7 -2 3 1 0.312205 -0.0124544
7 2 0.5 1 -0.383319 -0.448008
7 -2 0.5 1 0.321814 -0.420021
4 0 3.3 1 -0.0886114 -0.0122595
7 0 3.3 1 0.0229706 0.0657238
