0 0 4.5 1 -0.130384 0.0135461
2 4 3 1 -0.518889 -0.070789
4 2 3 1 -0.312843 -0.0505588
4 -2 3 1 0.134928 -0.0693251
2 -4 3 1 0.22882 -0.0972279
-2 -4 3 1 0.107189 -0.122495
-4 -2 3 1 -0.046127 -0.128191
-4 2 3 1 -0.29192 -0.122042
-2 4 3 1 -0.448821 -0.107183
2 4 0.5 1 -0.548381 -0.339745
4 2 0.5 1 -0.33457 -0.366205
4 -2 0.5 1 0.140764 -0.350489
2 -4 0.5 1 0.237556 -0.3197
-2 -4 0.5 1 0.109706 -0.289642
-4 -2 0.5 1 -0.048452 -0.281273
-4 2 0.5 1 -0.302293 -0.284799
-2 4 0.5 1 -0.467067 -0.299266
7 2 3 1 -0.335583 0.0271327
7 -2 3 1 0.311948 -0.0117715
7 2 0.5 1 -0.37193 -0.460428
7 -2 0.5 1 0.335195 -0.421612
4 0 3.3 1 -0.075635 -0.0270089
7 0 3.3 1 0.0152196 0.0546015
