0 0 4.5 1 -0.314924 0.465864
2 4 3 1 -0.829649 0.42066
4 2 3 1 -0.417718 0.410587
4 -2 3 1 0.0856557 0.318902
2 -4 3 1 0.102514 0.278563
-2 -4 3 1 -0.0860327 0.263089
-4 -2 3 1 -0.274074 0.271424
-4 2 3 1 -0.588395 0.306902
-2 4 3 1 -0.803367 0.350461
2 4 0.5 1 -0.800734 0.0325318
4 2 0.5 1 -0.413271 -0.000771979
4 -2 0.5 1 0.0655018 0.0230464
2 -4 0.5 1 0.0865959 0.0550548
-2 -4 0.5 1 -0.0932982 0.0880575
-4 -2 0.5 1 -0.276069 0.100733
-4 2 0.5 1 -0.580685 0.103237
-2 4 0.5 1 -0.784707 0.088416
7 2 3 1 -0.200203 0.542727
7 -2 3 1 0.416072 0.36251
7 2 0.5 1 -0.215147 -0.12386
7 -2 0.5 1 0.367415 -0.0456204
4 0 3.3 1 -0.12291 0.401115
7 0 3.3 1 0.189407 0.496969
