0 0 4.5 1 0.0271951 0.0482988
2 4 3 1 -0.33292 -0.0283853
4 2 3 1 -0.198215 -0.00391392
4 -2 3 1 0.23746 -0.0203384
2 -4 3 1 0.384825 -0.0563319
-2 -4 3 1 0.292417 -0.0896365
-4 -2 3 1 0.143327 -0.0955947
-4 2 3 1 -0.0913079 -0.0859899
-2 4 3 1 -0.238094 -0.0681811
2 4 0.5 1 -0.356676 -0.255833
4 2 0.5 1 -0.220693 -0.283009
4 -2 0.5 1 0.236972 -0.305604
2 -4 0.5 1 0.390651 -0.292087
-2 -4 0.5 1 0.293816 -0.262314
-4 -2 0.5 1 0.140535 -0.247007
-4 2 0.5 1 -0.100332 -0.235648
-2 4 0.5 1 -0.252682 -0.236361
7 2 3 1 -0.307046 0.0796384
7 -2 3 1 0.334912 0.0575713
7 2 0.5 1 -0.349092 -0.333533
7 -2 0.5 1 0.341782 -0.369288
4 0 3.3 1 0.0189901 0.0199769
7 0 3.3 1 0.0116972 0.11514
