0 0 4.5 1 -0.0487499 0.0692861
2 4 3 1 0.229605 -0.0955174
4 2 3 1 0.0558455 -0.100421
4 -2 3 1 -0.212191 -0.0874721
2 -4 3 1 -0.387071 -0.0646751
-2 -4 3 1 -0.501418 -0.0108955
-4 -2 3 1 -0.299236 0.0208761
-4 2 3 1 0.258214 -0.0130154
-2 4 3 1 0.378387 -0.0598474
2 4 0.5 1 0.230757 -0.287671
4 2 0.5 1 0.0514098 -0.270475
4 -2 0.5 1 -0.225484 -0.262999
2 -4 0.5 1 -0.40951 -0.271396
-2 -4 0.5 1 -0.541134 -0.31383
-4 -2 0.5 1 -0.334949 -0.360191
-4 2 0.5 1 0.262293 -0.369177
-2 4 0.5 1 0.387574 -0.332484
7 2 3 1 0.0249316 -0.113773
7 -2 3 1 -0.199435 -0.103349
7 2 0.5 1 0.0204222 -0.255972
7 -2 0.5 1 -0.210117 -0.249354
4 0 3.3 1 -0.0749505 -0.0740394
7 0 3.3 1 -0.0848283 -0.0918435
