0 0 4.5 1 -0.291689 0.345817
2 4 3 1 -0.405283 0.598166
4 2 3 1 0.349662 0.270985
4 -2 3 1 0.280271 0.0581886
2 -4 3 1 0.0629527 0.0221263
-2 -4 3 1 -0.29689 0.0344167
-4 -2 3 1 -0.592715 0.0802772
-4 2 3 1 -1.14467 0.244435
-2 4 3 1 -1.4963 0.490863
2 4 0.5 1 -0.55866 -0.492105
4 2 0.5 1 0.33575 -0.391311
4 -2 0.5 1 0.270281 -0.270357
2 -4 0.5 1 0.0475077 -0.228792
-2 -4 0.5 1 -0.323089 -0.19622
-4 -2 0.5 1 -0.634726 -0.186757
-4 2 0.5 1 -1.25466 -0.207609
-2 4 0.5 1 -1.73802 -0.296785
7 2 3 1 1.30344 0.287931
7 -2 3 1 0.713509 0.0472266
7 2 0.5 1 1.40117 -0.514373
7 -2 0.5 1 0.725117 -0.312372
4 0 3.3 1 0.304878 0.178694
7 0 3.3 1 0.896261 0.17824
