0 0 4.5 1 0.090356 0.4298
2 4 3 1 0.479619 0.300296
4 2 3 1 0.291092 0.256776
4 -2 3 1 0.00984232 0.223741
2 -4 3 1 -0.170962 0.22053
-2 -4 3 1 -0.346054 0.25773
-4 -2 3 1 -0.265568 0.327158
-4 2 3 1 0.323952 0.419904
-2 4 3 1 0.58998 0.389009
2 4 0.5 1 0.487127 0.079138
4 2 0.5 1 0.300801 0.0750297
4 -2 0.5 1 0.0237447 0.0552444
2 -4 0.5 1 -0.152189 0.0348968
-2 -4 0.5 1 -0.315295 -0.00144487
-4 -2 0.5 1 -0.227462 -0.0203467
-4 2 0.5 1 0.344086 0.0109006
-2 4 0.5 1 0.597494 0.0549061
7 2 3 1 0.286595 0.234451
7 -2 3 1 0.0514301 0.208124
7 2 0.5 1 0.294718 0.0840418
7 -2 0.5 1 0.062496 0.0669051
4 0 3.3 1 0.143826 0.261065
7 0 3.3 1 0.16423 0.238663
