0 0 4.5 1 -0.250536 0.222478
2 4 3 1 -0.112423 -0.0450534
4 2 3 1 -0.363223 -0.0476481
4 -2 3 1 -0.788847 -0.00172757
2 -4 3 1 -1.09008 0.0972459
-2 -4 3 1 -0.780267 0.334104
-4 -2 3 1 0.087978 0.284235
-4 2 3 1 0.364148 0.0753841
-2 4 3 1 0.205037 -0.000213253
2 4 0.5 1 -0.10847 -0.262092
4 2 0.5 1 -0.369638 -0.276079
4 -2 0.5 1 -0.823794 -0.326696
2 -4 0.5 1 -1.17317 -0.401307
-2 -4 0.5 1 -0.877459 -0.525972
-4 -2 0.5 1 0.130155 -0.433273
-4 2 0.5 1 0.404433 -0.29552
-2 4 0.5 1 0.225601 -0.265687
7 2 3 1 -0.510669 -0.0725879
7 -2 3 1 -0.915062 -0.0428904
7 2 0.5 1 -0.521658 -0.272261
7 -2 0.5 1 -0.950131 -0.312581
4 0 3.3 1 -0.537976 0.00190228
7 0 3.3 1 -0.68112 -0.0336117
