0 0 4.5 1 0.173532 0.77496
2 4 3 1 -0.105612 0.359599
4 2 3 1 -0.39797 0.397854
4 -2 3 1 -0.833415 0.603889
2 -4 3 1 -0.653093 1.07315
-2 -4 3 1 1.72534 1.11855
-4 -2 3 1 1.36376 0.629845
-4 2 3 1 0.66007 0.406888
-2 4 3 1 0.314497 0.362922
2 4 0.5 1 -0.0990741 0.0983643
4 2 0.5 1 -0.372054 0.0723212
4 -2 0.5 1 -0.732127 -0.0487866
2 -4 0.5 1 -0.501307 -0.268965
-2 -4 0.5 1 1.33551 -0.272284
-4 -2 0.5 1 1.20166 -0.045655
-4 2 0.5 1 0.620875 0.0757844
-2 4 0.5 1 0.300241 0.0999117
7 2 3 1 -0.78598 0.394541
7 -2 3 1 -1.62024 0.594594
7 2 0.5 1 -0.736684 0.0710494
7 -2 0.5 1 -1.42843 -0.0499142
4 0 3.3 1 -0.546537 0.522576
7 0 3.3 1 -1.07168 0.517064
