0 0 4.5 1 0.2056 0.561934
2 4 3 1 0.656964 0.386887
4 2 3 1 0.437948 0.348052
4 -2 3 1 0.125453 0.33133
2 -4 3 1 -0.0697961 0.341168
-2 -4 3 1 -0.273633 0.393927
-4 -2 3 1 -0.233257 0.46687
-4 2 3 1 0.39732 0.549516
-2 4 3 1 0.767213 0.494323
2 4 0.5 1 0.624659 0.127603
4 2 0.5 1 0.420711 0.142951
4 -2 0.5 1 0.120929 0.150015
2 -4 0.5 1 -0.0674386 0.146468
-2 -4 0.5 1 -0.26019 0.126406
-4 -2 0.5 1 -0.217774 0.0990604
-4 2 0.5 1 0.361937 0.0684088
-2 4 0.5 1 0.709267 0.0875106
7 2 3 1 0.443204 0.321986
7 -2 3 1 0.180526 0.31052
7 2 0.5 1 0.428778 0.153183
7 -2 0.5 1 0.175109 0.158166
4 0 3.3 1 0.273244 0.363252
7 0 3.3 1 0.306253 0.335856
