0 0 4.5 1 0.102466 0.0779357
2 4 3 1 -0.246604 -0.0401213
4 2 3 1 -0.143705 0.00116945
4 -2 3 1 0.295345 0.0400688
2 -4 3 1 0.482882 0.0195905
-2 -4 3 1 0.408774 -0.0305723
-4 -2 3 1 0.25663 -0.0556981
-4 2 3 1 0.0170969 -0.0727265
-2 4 3 1 -0.132798 -0.0705011
2 4 0.5 1 -0.244795 -0.258925
4 2 0.5 1 -0.136541 -0.272105
4 -2 0.5 1 0.326022 -0.257083
2 -4 0.5 1 0.516927 -0.231522
-2 -4 0.5 1 0.430841 -0.212063
-4 -2 0.5 1 0.271406 -0.211446
-4 2 0.5 1 0.0250618 -0.221655
-2 4 0.5 1 -0.128245 -0.234491
7 2 3 1 -0.302113 0.0739651
7 -2 3 1 0.336684 0.142326
7 2 0.5 1 -0.302646 -0.323962
7 -2 0.5 1 0.387379 -0.308352
4 0 3.3 1 0.0643208 0.0521465
7 0 3.3 1 -0.00539352 0.152774
