0 0 4.5 1 -0.0507131 0.0718027
2 4 3 1 0.226327 -0.0940044
4 2 3 1 0.0525051 -0.0982352
4 -2 3 1 -0.215649 -0.0843405
2 -4 3 1 -0.390652 -0.0609439
-2 -4 3 1 -0.504321 -0.00680704
-4 -2 3 1 -0.300217 0.0240559
-4 2 3 1 0.25731 -0.0120715
-2 4 3 1 0.37588 -0.0591199
2 4 0.5 1 0.226667 -0.28583
4 2 0.5 1 0.0474288 -0.26813
4 -2 0.5 1 -0.229504 -0.259929
2 -4 0.5 1 -0.413695 -0.267927
-2 -4 0.5 1 -0.544846 -0.310376
-4 -2 0.5 1 -0.336943 -0.357521
-4 2 0.5 1 0.259989 -0.367723
-2 4 0.5 1 0.383827 -0.331152
7 2 3 1 0.0212036 -0.111404
7 -2 3 1 -0.203273 -0.100204
7 2 0.5 1 0.0161609 -0.253479
7 -2 0.5 1 -0.214434 -0.24624
4 0 3.3 1 -0.0781855 -0.0713899
7 0 3.3 1 -0.0884856 -0.0890939
