0 0 4.5 1 0.222771 0.697869
2 4 3 1 -0.102247 0.303021
4 2 3 1 -0.373454 0.327824
4 -2 3 1 -0.691171 0.512519
2 -4 3 1 -0.184462 0.943488
-2 -4 3 1 1.77914 0.946785
-4 -2 3 1 1.31496 0.575556
-4 2 3 1 0.63543 0.373412
-2 4 3 1 0.301624 0.32235
2 4 0.5 1 -0.0838333 0.0455773
4 2 0.5 1 -0.336292 0.000523015
4 -2 0.5 1 -0.585175 -0.156146
2 -4 0.5 1 -0.0838898 -0.367661
-2 -4 0.5 1 1.54465 -0.210781
-4 -2 0.5 1 1.22994 -0.0141429
-4 2 0.5 1 0.622074 0.0661786
-2 4 0.5 1 0.303701 0.0713499
7 2 3 1 -0.792928 0.30887
7 -2 3 1 -1.62079 0.483309
7 2 0.5 1 -0.732711 -0.0266348
7 -2 0.5 1 -1.40909 -0.220604
4 0 3.3 1 -0.483369 0.44453
7 0 3.3 1 -1.06722 0.423132
