0 0 4.5 1 -0.0792637 0.0450429
2 4 3 1 -0.445383 -0.0642503
4 2 3 1 -0.271074 -0.0302682
4 -2 3 1 0.169358 -0.0149021
2 -4 3 1 0.282553 -0.0359802
-2 -4 3 1 0.174797 -0.070891
-4 -2 3 1 0.0261177 -0.0875874
-4 2 3 1 -0.211844 -0.0983312
-2 4 3 1 -0.363561 -0.0943638
2 4 0.5 1 -0.449631 -0.313393
4 2 0.5 1 -0.267599 -0.327106
4 -2 0.5 1 0.192797 -0.291203
2 -4 0.5 1 0.305425 -0.25749
-2 -4 0.5 1 0.188828 -0.236065
-4 -2 0.5 1 0.035124 -0.236866
-4 2 0.5 1 -0.208545 -0.253404
-2 4 0.5 1 -0.364203 -0.274426
7 2 3 1 -0.334215 0.0422892
7 -2 3 1 0.312851 0.0579117
7 2 0.5 1 -0.333641 -0.409531
7 -2 0.5 1 0.357487 -0.347958
4 0 3.3 1 -0.0452039 0.01028
7 0 3.3 1 0.00233202 0.0979788
