0 0 4.5 1 0.168443 0.549756
2 4 3 1 0.602208 0.38864
4 2 3 1 0.39212 0.346925
4 -2 3 1 0.0884052 0.323627
2 -4 3 1 -0.103135 0.328784
-2 -4 3 1 -0.299628 0.376491
-4 -2 3 1 -0.247314 0.44915
-4 2 3 1 0.376288 0.538158
-2 4 3 1 0.713917 0.491646
2 4 0.5 1 0.581694 0.139512
4 2 0.5 1 0.383208 0.147715
4 -2 0.5 1 0.0902924 0.145148
2 -4 0.5 1 -0.0943454 0.135741
-2 -4 0.5 1 -0.278116 0.109933
-4 -2 0.5 1 -0.221703 0.0848906
-4 2 0.5 1 0.357578 0.0755855
-2 4 0.5 1 0.674984 0.1048
7 2 3 1 0.394194 0.321868
7 -2 3 1 0.139508 0.30452
7 2 0.5 1 0.386754 0.157695
7 -2 0.5 1 0.139694 0.154689
4 0 3.3 1 0.232331 0.358136
7 0 3.3 1 0.261479 0.332225
