0 0 4.5 1 -0.385082 0.521441
2 4 3 1 -0.944745 0.464309
4 2 3 1 -0.44675 0.468955
4 -2 3 1 0.0703519 0.380098
2 -4 3 1 0.0662576 0.334458
-2 -4 3 1 -0.142979 0.307289
-4 -2 3 1 -0.34546 0.307124
-4 2 3 1 -0.691282 0.332791
-2 4 3 1 -0.93544 0.375535
2 4 0.5 1 -0.868961 0.0203159
4 2 0.5 1 -0.411033 0.0136393
4 -2 0.5 1 0.0649377 0.0702195
2 -4 0.5 1 0.0623517 0.10261
-2 -4 0.5 1 -0.138772 0.123968
-4 -2 0.5 1 -0.334291 0.125662
-4 2 0.5 1 -0.662971 0.109625
-2 4 0.5 1 -0.884839 0.0809786
7 2 3 1 -0.126258 0.647417
7 -2 3 1 0.440407 0.445041
7 2 0.5 1 -0.112382 -0.100143
7 -2 0.5 1 0.404121 0.0231154
4 0 3.3 1 -0.138673 0.463789
7 0 3.3 1 0.242734 0.589657
