0 0 4.5 1 0.197652 0.378336
2 4 3 1 -0.173166 0.215194
4 2 3 1 -0.110908 0.265996
4 -2 3 1 0.362108 0.354125
2 -4 3 1 0.634828 0.350252
-2 -4 3 1 0.576718 0.279971
-4 -2 3 1 0.402846 0.237057
-4 2 3 1 0.137633 0.200254
-2 4 3 1 -0.0259031 0.192297
2 4 0.5 1 -0.15086 0.0011016
4 2 0.5 1 -0.0834921 -0.0108975
4 -2 0.5 1 0.383281 0.0144298
2 -4 0.5 1 0.647293 0.0504511
-2 -4 0.5 1 0.586381 0.0710513
-4 -2 0.5 1 0.413069 0.0659944
-4 2 0.5 1 0.149971 0.0467259
-2 4 0.5 1 -0.0107082 0.0289474
7 2 3 1 -0.353644 0.330203
7 -2 3 1 0.313553 0.493652
7 2 0.5 1 -0.307257 -0.0661272
7 -2 0.5 1 0.348766 -0.045317
4 0 3.3 1 0.0986428 0.343209
7 0 3.3 1 -0.0760698 0.456556
