0 0 4.5 1 -0.0241127 0.736427
2 4 3 1 1.16039 0.849884
4 2 3 1 0.968805 0.500825
4 -2 3 1 0.441807 0.356459
2 -4 3 1 0.137143 0.333469
-2 -4 3 1 -0.283048 0.348907
-4 -2 3 1 -0.615995 0.400062
-4 2 3 1 -1.21289 0.641763
-2 4 3 1 -1.10261 1.1144
2 4 0.5 1 0.913261 -0.305167
4 2 0.5 1 0.857579 -0.0760195
4 -2 0.5 1 0.411109 0.04996
2 -4 0.5 1 0.125992 0.0788266
-2 -4 0.5 1 -0.273809 0.0806838
-4 -2 0.5 1 -0.582686 0.0510041
-4 2 0.5 1 -1.0656 -0.107454
-2 4 0.5 1 -0.856445 -0.39096
7 2 3 1 1.54403 0.463665
7 -2 3 1 0.774979 0.342725
7 2 0.5 1 1.38534 -0.0673932
7 -2 0.5 1 0.727374 0.0496278
4 0 3.3 1 0.628603 0.458078
7 0 3.3 1 1.05476 0.434253
