0 0 4.5 1 0.0378084 0.68643
2 4 3 1 1.3061 0.757435
4 2 3 1 0.970992 0.486347
4 -2 3 1 0.43042 0.346569
2 -4 3 1 0.128454 0.312478
-2 -4 3 1 -0.28221 0.306877
-4 -2 3 1 -0.59642 0.340266
-4 2 3 1 -1.05118 0.55378
-2 4 3 1 -0.492638 0.9801
2 4 0.5 1 1.13645 -0.22334
4 2 0.5 1 0.907056 -0.0272963
4 -2 0.5 1 0.42051 0.057681
2 -4 0.5 1 0.13286 0.0656344
-2 -4 0.5 1 -0.258226 0.0378139
-4 -2 0.5 1 -0.545264 -0.0178703
-4 2 0.5 1 -0.883889 -0.230003
-2 4 0.5 1 -0.327482 -0.487803
7 2 3 1 1.39122 0.472334
7 -2 3 1 0.714961 0.348316
7 2 0.5 1 1.30221 0.0174288
7 -2 0.5 1 0.692519 0.0789599
4 0 3.3 1 0.626275 0.444137
7 0 3.3 1 0.970142 0.437529
