0 0 4.5 1 0.360602 0.516184
2 4 3 1 -0.0775763 0.35321
4 2 3 1 -0.0524872 0.403499
4 -2 3 1 0.472324 0.474863
2 -4 3 1 0.883874 0.449468
-2 -4 3 1 0.83998 0.362207
-4 -2 3 1 0.617201 0.326363
-4 2 3 1 0.297451 0.309748
-2 4 3 1 0.108207 0.3162
2 4 0.5 1 -0.0777047 0.123997
4 2 0.5 1 -0.0540686 0.0992871
4 -2 0.5 1 0.429873 0.0545391
2 -4 0.5 1 0.814389 0.0568819
-2 -4 0.5 1 0.794694 0.0984364
-4 -2 0.5 1 0.59028 0.120883
-4 2 0.5 1 0.28512 0.136558
-2 4 0.5 1 0.101872 0.137821
7 2 3 1 -0.378827 0.490928
7 -2 3 1 0.283994 0.667902
7 2 0.5 1 -0.355752 0.0661376
7 -2 0.5 1 0.239473 -0.0242101
4 0 3.3 1 0.16882 0.478988
7 0 3.3 1 -0.130165 0.628151
