0 0 4.5 1 0.0127961 0.0672573
2 4 3 1 -0.349754 -0.00231337
4 2 3 1 -0.208764 0.0183734
4 -2 3 1 0.22642 -0.00770348
2 -4 3 1 0.36644 -0.0454467
-2 -4 3 1 0.270541 -0.0753072
-4 -2 3 1 0.121928 -0.0779195
-4 2 3 1 -0.111901 -0.0637223
-2 4 3 1 -0.258291 -0.0432624
2 4 0.5 1 -0.376528 -0.230585
4 2 0.5 1 -0.235323 -0.260727
4 -2 0.5 1 0.219224 -0.289294
2 -4 0.5 1 0.365684 -0.277067
-2 -4 0.5 1 0.267422 -0.245344
-4 -2 0.5 1 0.115683 -0.227651
-4 2 0.5 1 -0.123623 -0.212748
-2 4 0.5 1 -0.275461 -0.211489
7 2 3 1 -0.308389 0.10281
7 -2 3 1 0.334349 0.0648221
7 2 0.5 1 -0.355111 -0.31218
7 -2 0.5 1 0.330779 -0.35571
4 0 3.3 1 0.0102692 0.0374023
7 0 3.3 1 0.014728 0.13049
