0 0 4.5 1 0.143771 0.776422
2 4 3 1 -0.103559 0.361614
4 2 3 1 -0.400956 0.407082
4 -2 3 1 -0.874894 0.621142
2 -4 3 1 -0.853497 1.08675
-2 -4 3 1 1.577 1.16557
-4 -2 3 1 1.35149 0.625734
-4 2 3 1 0.663949 0.39477
-2 4 3 1 0.318644 0.355629
2 4 0.5 1 -0.104511 0.102008
4 2 0.5 1 -0.384813 0.0873033
4 -2 0.5 1 -0.791935 -0.00922301
2 -4 0.5 1 -0.699419 -0.216602
-2 -4 0.5 1 1.1746 -0.314164
-4 -2 0.5 1 1.16789 -0.0854618
-4 2 0.5 1 0.61522 0.0555131
-2 4 0.5 1 0.297052 0.0898321
7 2 3 1 -0.766394 0.411307
7 -2 3 1 -1.57066 0.619707
7 2 0.5 1 -0.729801 0.0982701
7 -2 0.5 1 -1.41737 0.0151071
4 0 3.3 1 -0.562827 0.533889
7 0 3.3 1 -1.0467 0.535614
