0 0 4.5 1 0.166465 0.284646
2 4 3 1 -0.19016 0.131281
4 2 3 1 -0.117583 0.180727
4 -2 3 1 0.339164 0.261538
2 -4 3 1 0.581628 0.256267
-2 -4 3 1 0.52102 0.191804
-4 -2 3 1 0.357233 0.151794
-4 2 3 1 0.103817 0.11653
-2 4 3 1 -0.0536623 0.108696
2 4 0.5 1 -0.168976 -0.0799022
4 2 0.5 1 -0.0904613 -0.0896243
4 -2 0.5 1 0.371231 -0.0579037
2 -4 0.5 1 0.609534 -0.0216384
-2 -4 0.5 1 0.540698 -0.00417557
-4 -2 0.5 1 0.373585 -0.0111017
-4 2 0.5 1 0.118778 -0.0325611
-2 4 0.5 1 -0.0375824 -0.051575
7 2 3 1 -0.334201 0.243537
7 -2 3 1 0.318391 0.387711
7 2 0.5 1 -0.295187 -0.145457
7 -2 0.5 1 0.368524 -0.111714
4 0 3.3 1 0.0882552 0.25291
7 0 3.3 1 -0.0537301 0.359141
