0 0 4.5 1 -0.0668541 0.709831
2 4 3 1 0.936231 0.865168
4 2 3 1 0.918096 0.470992
4 -2 3 1 0.434094 0.321384
2 -4 3 1 0.136643 0.304351
-2 -4 3 1 -0.279246 0.331475
-4 -2 3 1 -0.612534 0.392078
-4 2 3 1 -1.24451 0.643036
-2 4 3 1 -1.3639 1.10817
2 4 0.5 1 0.707688 -0.364067
4 2 0.5 1 0.800312 -0.134647
4 -2 0.5 1 0.395993 0.00967346
2 -4 0.5 1 0.117509 0.0498884
-2 -4 0.5 1 -0.281584 0.0695305
-4 -2 0.5 1 -0.597953 0.0569146
-4 2 0.5 1 -1.14823 -0.0579698
-2 4 0.5 1 -1.15671 -0.318935
7 2 3 1 1.59623 0.417044
7 -2 3 1 0.793554 0.297104
7 2 0.5 1 1.42211 -0.159115
7 -2 0.5 1 0.738878 -0.0066235
4 0 3.3 1 0.603731 0.424655
7 0 3.3 1 1.07735 0.389158
