0 0 4.5 1 -0.239352 0.29537
2 4 3 1 -0.696064 0.258948
4 2 3 1 -0.379925 0.244647
4 -2 3 1 0.0928283 0.158878
2 -4 3 1 0.135597 0.122712
-2 -4 3 1 -0.0252854 0.114662
-4 -2 3 1 -0.195082 0.127701
-4 2 3 1 -0.472405 0.166113
-2 4 3 1 -0.655199 0.205632
2 4 0.5 1 -0.720727 -0.0640076
4 2 0.5 1 -0.410763 -0.112483
4 -2 0.5 1 0.0646354 -0.118877
2 -4 0.5 1 0.113674 -0.0902003
-2 -4 0.5 1 -0.0413642 -0.0495548
-4 -2 0.5 1 -0.209569 -0.0288964
-4 2 0.5 1 -0.48738 -0.0129179
-2 4 0.5 1 -0.672526 -0.0171262
7 2 3 1 -0.268812 0.339003
7 -2 3 1 0.364096 0.188253
7 2 0.5 1 -0.319841 -0.230638
7 -2 0.5 1 0.321071 -0.203026
4 0 3.3 1 -0.110422 0.234321
7 0 3.3 1 0.112268 0.306199
