0 0 4.5 1 0.00385798 0.0879142
2 4 3 1 0.31714 -0.0480383
4 2 3 1 0.1451 -0.0714064
4 -2 3 1 -0.119833 -0.0840878
2 -4 3 1 -0.292279 -0.0773038
-2 -4 3 1 -0.425253 -0.034318
-4 -2 3 1 -0.271084 0.0181562
-4 2 3 1 0.283318 0.0453213
-2 4 3 1 0.445672 0.00795097
2 4 0.5 1 0.33729 -0.244325
4 2 0.5 1 0.157336 -0.241689
4 -2 0.5 1 -0.115574 -0.254272
2 -4 0.5 1 -0.293329 -0.273329
-2 -4 0.5 1 -0.433435 -0.316131
-4 -2 0.5 1 -0.271679 -0.342854
-4 2 0.5 1 0.318843 -0.316124
-2 4 0.5 1 0.481446 -0.274397
7 2 3 1 0.124424 -0.0888678
7 -2 3 1 -0.0971297 -0.0994352
7 2 0.5 1 0.134087 -0.230974
7 -2 0.5 1 -0.093018 -0.241472
4 0 3.3 1 0.0114962 -0.0579923
7 0 3.3 1 0.0127173 -0.077573
