0 0 4.5 1 -0.00770902 0.0692528
2 4 3 1 0.29764 -0.0733773
4 2 3 1 0.125249 -0.0925794
4 -2 3 1 -0.140389 -0.0995627
2 -4 3 1 -0.313305 -0.0892527
-2 -4 3 1 -0.441888 -0.0436568
-4 -2 3 1 -0.276965 0.00479905
-4 2 3 1 0.278203 0.0181676
-2 4 3 1 0.430734 -0.0218524
2 4 0.5 1 0.314285 -0.269362
4 2 0.5 1 0.134084 -0.263424
4 -2 0.5 1 -0.140214 -0.271603
2 -4 0.5 1 -0.319678 -0.288414
-2 -4 0.5 1 -0.458291 -0.331151
-4 -2 0.5 1 -0.286324 -0.361904
-4 2 0.5 1 0.308067 -0.343136
-2 4 0.5 1 0.462064 -0.302768
7 2 3 1 0.102219 -0.109254
7 -2 3 1 -0.119966 -0.115168
7 2 0.5 1 0.108949 -0.251907
7 -2 0.5 1 -0.119263 -0.258655
4 0 3.3 1 -0.00773159 -0.0762155
7 0 3.3 1 -0.00905379 -0.0955438
