0 0 4.5 1 0.309222 0.444608
2 4 3 1 -0.0640254 0.113489
4 2 3 1 -0.280161 0.130535
4 -2 3 1 -0.335126 0.294293
2 -4 3 1 0.507433 0.602072
-2 -4 3 1 1.60437 0.553586
-4 -2 3 1 1.17907 0.338986
-4 2 3 1 0.596804 0.187776
-2 4 3 1 0.296444 0.139564
2 4 0.5 1 -0.0391771 -0.134655
4 2 0.5 1 -0.247749 -0.195567
4 -2 0.5 1 -0.268919 -0.372724
2 -4 0.5 1 0.62169 -0.514866
-2 -4 0.5 1 1.68892 -0.24335
-4 -2 0.5 1 1.2262 -0.111827
-4 2 0.5 1 0.62387 -0.0763888
-2 4 0.5 1 0.319545 -0.0882561
7 2 3 1 -0.724988 0.101501
7 -2 3 1 -1.35794 0.264103
7 2 0.5 1 -0.690008 -0.256038
7 -2 0.5 1 -1.28012 -0.549177
4 0 3.3 1 -0.30343 0.236805
7 0 3.3 1 -0.924195 0.210681
