0 0 4.5 1 -0.143033 0.395095
2 4 3 1 0.103036 0.189001
4 2 3 1 -0.0847048 0.198403
4 -2 3 1 -0.380416 0.233144
2 -4 3 1 -0.581448 0.273253
-2 -4 3 1 -0.671427 0.344115
-4 -2 3 1 -0.330597 0.348914
-4 2 3 1 0.257246 0.253275
-2 4 3 1 0.298698 0.205566
2 4 0.5 1 0.0857638 0.00417364
4 2 0.5 1 -0.0972843 0.0265658
4 -2 0.5 1 -0.388386 0.0402267
2 -4 0.5 1 -0.586215 0.0316292
-2 -4 0.5 1 -0.675179 -0.0283984
-4 -2 0.5 1 -0.350845 -0.0905999
-4 2 0.5 1 0.219715 -0.0902036
-2 4 0.5 1 0.269816 -0.047183
7 2 3 1 -0.137935 0.189862
7 -2 3 1 -0.387081 0.217655
7 2 0.5 1 -0.147712 0.0451412
7 -2 0.5 1 -0.393563 0.0582682
4 0 3.3 1 -0.222829 0.237081
7 0 3.3 1 -0.255575 0.22164
