0 0 4.5 1 0.296178 0.332026
2 4 3 1 0.850331 0.12761
4 2 3 1 0.599939 0.100791
4 -2 3 1 0.254386 0.107824
2 -4 3 1 0.0460941 0.131862
-2 -4 3 1 -0.1888 0.195214
-4 -2 3 1 -0.216512 0.263545
-4 2 3 1 0.350385 0.330796
-2 4 3 1 0.894456 0.251832
2 4 0.5 1 0.816464 -0.180162
4 2 0.5 1 0.57547 -0.127643
4 -2 0.5 1 0.235192 -0.0784579
2 -4 0.5 1 0.0268698 -0.0593322
-2 -4 0.5 1 -0.213449 -0.0570645
-4 -2 0.5 1 -0.250828 -0.0891408
-4 2 0.5 1 0.294069 -0.21126
-2 4 0.5 1 0.838778 -0.252517
7 2 3 1 0.63231 0.070956
7 -2 3 1 0.333622 0.0816216
7 2 0.5 1 0.612124 -0.116751
7 -2 0.5 1 0.317161 -0.0766562
4 0 3.3 1 0.412142 0.129359
7 0 3.3 1 0.47241 0.0973994
