0 0 4.5 1 -0.339312 0.493938
2 4 3 1 -0.870262 0.444397
4 2 3 1 -0.429162 0.438576
4 -2 3 1 0.0809003 0.34755
2 -4 3 1 0.0906432 0.305553
-2 -4 3 1 -0.105344 0.286389
-4 -2 3 1 -0.298577 0.292083
-4 2 3 1 -0.62393 0.324689
-2 4 3 1 -0.84891 0.368268
2 4 0.5 1 -0.824581 0.0367495
4 2 0.5 1 -0.413559 0.0113433
4 -2 0.5 1 0.0652995 0.0461938
2 -4 0.5 1 0.0784242 0.078686
-2 -4 0.5 1 -0.108825 0.108118
-4 -2 0.5 1 -0.296045 0.117309
-4 2 0.5 1 -0.608898 0.113928
-2 4 0.5 1 -0.818862 0.0946939
7 2 3 1 -0.177891 0.585503
7 -2 3 1 0.426173 0.398017
7 2 0.5 1 -0.182352 -0.110078
7 -2 0.5 1 0.380261 -0.0157926
4 0 3.3 1 -0.12859 0.430587
7 0 3.3 1 0.208296 0.536293
