0 0 4.5 1 -0.305911 0.32883
2 4 3 1 -0.0854384 0.105122
4 2 3 1 -0.312489 0.0830727
4 -2 3 1 -0.695815 0.0815872
2 -4 3 1 -0.979158 0.120021
-2 -4 3 1 -0.93111 0.282216
-4 -2 3 1 -0.212466 0.347222
-4 2 3 1 0.273358 0.23839
-2 4 3 1 0.186636 0.16647
2 4 0.5 1 -0.0655612 -0.0941149
4 2 0.5 1 -0.292803 -0.117384
4 -2 0.5 1 -0.670801 -0.18009
2 -4 0.5 1 -0.944265 -0.25243
-2 -4 0.5 1 -0.871499 -0.351151
-4 -2 0.5 1 -0.150913 -0.274131
-4 2 0.5 1 0.310204 -0.121775
-2 4 0.5 1 0.212617 -0.0890824
7 2 3 1 -0.417333 0.0552768
7 -2 3 1 -0.75858 0.0470934
7 2 0.5 1 -0.40058 -0.116599
7 -2 0.5 1 -0.738124 -0.167912
4 0 3.3 1 -0.481441 0.109622
7 0 3.3 1 -0.571172 0.0745316
