0 0 4.5 1 0.405633 0.156745
2 4 3 1 -0.0233647 -0.0817488
4 2 3 1 -0.15801 -0.0455403
4 -2 3 1 0.105656 0.0923055
2 -4 3 1 0.954927 0.195532
-2 -4 3 1 1.37532 0.078969
-4 -2 3 1 1.0285 -0.0143216
-4 2 3 1 0.546571 -0.0766557
-2 4 3 1 0.282437 -0.0910911
2 4 0.5 1 -0.0190869 -0.334076
4 2 0.5 1 -0.16118 -0.385907
4 -2 0.5 1 0.133907 -0.556643
2 -4 0.5 1 1.14237 -0.659823
-2 -4 0.5 1 1.53875 -0.468616
-4 -2 0.5 1 1.10724 -0.364914
-4 2 0.5 1 0.576702 -0.31208
-2 4 0.5 1 0.298964 -0.307645
7 2 3 1 -0.606495 -0.0257345
7 -2 3 1 -0.772454 0.193764
7 2 0.5 1 -0.646378 -0.434452
7 -2 0.5 1 -0.902374 -0.760772
4 0 3.3 1 -0.0658859 0.0516008
7 0 3.3 1 -0.651636 0.103633
