0 0 4.5 1 0.287126 0.208682
2 4 3 1 0.921836 0.019011
4 2 3 1 0.656178 -0.0180323
4 -2 3 1 0.288176 -0.020442
2 -4 3 1 0.0679212 -0.00191074
-2 -4 3 1 -0.190451 0.0536466
-4 -2 3 1 -0.256096 0.119855
-4 2 3 1 0.250074 0.215516
-2 4 3 1 0.895038 0.158889
2 4 0.5 1 0.930364 -0.337853
4 2 0.5 1 0.654464 -0.272941
4 -2 0.5 1 0.27845 -0.218994
2 -4 0.5 1 0.0531209 -0.200743
-2 -4 0.5 1 -0.217322 -0.202654
-4 -2 0.5 1 -0.296844 -0.239743
-4 2 0.5 1 0.217167 -0.384487
-2 4 0.5 1 0.907671 -0.438564
7 2 3 1 0.710149 -0.0490708
7 -2 3 1 0.384931 -0.0453824
7 2 0.5 1 0.710039 -0.258765
7 -2 0.5 1 0.378511 -0.215385
4 0 3.3 1 0.450648 0.00665638
7 0 3.3 1 0.531396 -0.0250352
