0 0 4.5 1 0.41749 0.126777
2 4 3 1 -0.0234705 -0.081659
4 2 3 1 -0.132771 -0.0398757
4 -2 3 1 0.200749 0.0776745
2 -4 3 1 0.999084 0.124853
-2 -4 3 1 1.29856 0.002431
-4 -2 3 1 0.97137 -0.065342
-4 2 3 1 0.516212 -0.102293
-2 4 3 1 0.263799 -0.104554
2 4 0.5 1 -0.0289991 -0.33068
4 2 0.5 1 -0.147575 -0.37629
4 -2 0.5 1 0.214677 -0.541592
2 -4 0.5 1 1.14204 -0.643916
-2 -4 0.5 1 1.41718 -0.489471
-4 -2 0.5 1 1.02777 -0.390355
-4 2 0.5 1 0.535013 -0.327883
-2 4 0.5 1 0.270965 -0.315271
7 2 3 1 -0.570966 0.0022687
7 -2 3 1 -0.587017 0.223873
7 2 0.5 1 -0.625321 -0.410171
7 -2 0.5 1 -0.719669 -0.715382
4 0 3.3 1 -0.0120823 0.0499843
7 0 3.3 1 -0.567857 0.133332
