0 0 4.5 1 0.0573812 0.650123
2 4 3 1 1.31049 0.712698
4 2 3 1 0.958715 0.463932
4 -2 3 1 0.42429 0.326193
2 -4 3 1 0.126098 0.289332
-2 -4 3 1 -0.277917 0.278224
-4 -2 3 1 -0.581951 0.306959
-4 2 3 1 -0.973688 0.512376
-2 4 3 1 -0.292223 0.915769
2 4 0.5 1 1.18415 -0.207627
4 2 0.5 1 0.914874 -0.0268907
4 -2 0.5 1 0.42181 0.0447453
2 -4 0.5 1 0.135172 0.0465855
-2 -4 0.5 1 -0.251105 0.0106635
-4 -2 0.5 1 -0.529315 -0.0516229
-4 2 0.5 1 -0.815629 -0.274039
-2 4 0.5 1 -0.159321 -0.510175
7 2 3 1 1.33602 0.454473
7 -2 3 1 0.692958 0.331328
7 2 0.5 1 1.27299 0.0242553
7 -2 0.5 1 0.679885 0.0708935
4 0 3.3 1 0.619374 0.421752
7 0 3.3 1 0.93789 0.418773
