0 0 4.5 1 0.271851 0.502299
2 4 3 1 0.761725 0.304426
4 2 3 1 0.52664 0.273862
4 -2 3 1 0.198841 0.272413
2 -4 3 1 -0.00200962 0.291883
-2 -4 3 1 -0.218845 0.353377
-4 -2 3 1 -0.206713 0.424652
-4 2 3 1 0.413284 0.491413
-2 4 3 1 0.856637 0.418327
2 4 0.5 1 0.713438 0.0273983
4 2 0.5 1 0.496791 0.0601429
4 -2 0.5 1 0.182318 0.0893493
2 -4 0.5 1 -0.0135602 0.0987225
-2 -4 0.5 1 -0.225894 0.0917572
-4 -2 0.5 1 -0.217048 0.0614019
-4 2 0.5 1 0.352997 -0.0165672
-2 4 0.5 1 0.774405 -0.0252624
7 2 3 1 0.541135 0.246045
7 -2 3 1 0.263139 0.248276
7 2 0.5 1 0.516123 0.0704557
7 -2 0.5 1 0.247654 0.0939216
4 0 3.3 1 0.352474 0.29756
7 0 3.3 1 0.395373 0.267514
