0 0 4.5 1 0.335458 0.523297
2 4 3 1 -0.0942864 0.356294
4 2 3 1 -0.0628078 0.407178
4 -2 3 1 0.458997 0.484319
2 -4 3 1 0.847633 0.464236
-2 -4 3 1 0.799077 0.378755
-4 -2 3 1 0.583693 0.340222
-4 2 3 1 0.271911 0.318623
-2 4 3 1 0.0861601 0.321998
2 4 0.5 1 -0.089403 0.127775
4 2 0.5 1 -0.0581881 0.104757
4 -2 0.5 1 0.425642 0.0735181
2 -4 0.5 1 0.789324 0.08426
-2 -4 0.5 1 0.761427 0.122259
-4 -2 0.5 1 0.562146 0.138929
-4 2 0.5 1 0.263665 0.14738
-2 4 0.5 1 0.0838908 0.144768
7 2 3 1 -0.378934 0.490814
7 -2 3 1 0.29779 0.670606
7 2 0.5 1 -0.347831 0.0664002
7 -2 0.5 1 0.264237 -0.00382459
4 0 3.3 1 0.15882 0.484846
7 0 3.3 1 -0.121587 0.629589
