0 0 4.5 1 -0.065566 0.0997755
2 4 3 1 0.201447 -0.0735488
4 2 3 1 0.0270786 -0.0727555
4 -2 3 1 -0.242175 -0.0517795
2 -4 3 1 -0.418372 -0.0238408
-2 -4 3 1 -0.526843 0.0329508
-4 -2 3 1 -0.307 0.0565967
-4 2 3 1 0.251248 0.00362822
-2 4 3 1 0.357128 -0.0446838
2 4 0.5 1 0.195605 -0.262474
4 2 0.5 1 0.0173083 -0.241156
4 -2 0.5 1 -0.259798 -0.227705
2 -4 0.5 1 -0.445163 -0.232824
-2 -4 0.5 1 -0.572045 -0.275644
-4 -2 0.5 1 -0.350227 -0.328765
-4 2 0.5 1 0.24301 -0.347354
-2 4 0.5 1 0.355321 -0.311445
7 2 3 1 -0.00729699 -0.0844686
7 -2 3 1 -0.232794 -0.0674624
7 2 0.5 1 -0.0162091 -0.225385
7 -2 0.5 1 -0.247186 -0.21361
4 0 3.3 1 -0.102893 -0.0424589
7 0 3.3 1 -0.116538 -0.0593291
