0 0 4.5 1 -0.352721 0.255667
2 4 3 1 -0.694357 0.457571
4 2 3 1 0.140301 0.240882
4 -2 3 1 0.227258 0.0272068
2 -4 3 1 0.0454898 -0.0249349
-2 -4 3 1 -0.292126 -0.0371561
-4 -2 3 1 -0.574874 -0.0124984
-4 2 3 1 -1.09449 0.0991363
-2 4 3 1 -1.44386 0.277986
2 4 0.5 1 -0.860744 -0.509848
4 2 0.5 1 0.147252 -0.411888
4 -2 0.5 1 0.236469 -0.306224
2 -4 0.5 1 0.0432911 -0.276911
-2 -4 0.5 1 -0.30913 -0.262281
-4 -2 0.5 1 -0.608361 -0.265915
-4 2 0.5 1 -1.19158 -0.304017
-2 4 0.5 1 -1.65828 -0.384453
7 2 3 1 1.08255 0.349046
7 -2 3 1 0.670907 0.0491673
7 2 0.5 1 1.26365 -0.501837
7 -2 0.5 1 0.715193 -0.329066
4 0 3.3 1 0.196417 0.148511
7 0 3.3 1 0.792204 0.199561
