0 0 4.5 1 0.0843155 0.718557
2 4 3 1 -0.101623 0.321485
4 2 3 1 -0.398369 0.375533
4 -2 3 1 -0.898953 0.59099
2 -4 3 1 -1.06204 1.01211
-2 -4 3 1 1.13772 1.15226
-4 -2 3 1 1.25078 0.577771
-4 2 3 1 0.647251 0.335847
-2 4 3 1 0.313878 0.303165
2 4 0.5 1 -0.114301 0.0700886
4 2 0.5 1 -0.400894 0.0727467
4 -2 0.5 1 -0.864471 0.0182221
2 -4 0.5 1 -0.971651 -0.147136
-2 -4 0.5 1 0.828725 -0.376043
-4 -2 0.5 1 1.07558 -0.17254
-4 2 0.5 1 0.593221 -0.0100936
-2 4 0.5 1 0.28483 0.0380456
7 2 3 1 -0.721009 0.387779
7 -2 3 1 -1.44419 0.594342
7 2 0.5 1 -0.710321 0.0985315
7 -2 0.5 1 -1.37341 0.0682656
4 0 3.3 1 -0.571369 0.500314
7 0 3.3 1 -0.980261 0.508402
