0 0 4.5 1 -0.175627 0.544573
2 4 3 1 0.23503 0.788255
4 2 3 1 0.678658 0.36318
4 -2 3 1 0.37094 0.185255
2 -4 3 1 0.107078 0.168494
-2 -4 3 1 -0.283029 0.202908
-4 -2 3 1 -0.599144 0.268043
-4 2 3 1 -1.2079 0.497111
-2 4 3 1 -1.5377 0.863497
2 4 0.5 1 0.107128 -0.45243
4 2 0.5 1 0.605377 -0.281769
4 -2 0.5 1 0.336889 -0.131836
2 -4 0.5 1 0.081731 -0.0807359
-2 -4 0.5 1 -0.305605 -0.039422
-4 -2 0.5 1 -0.624627 -0.0276255
-4 2 0.5 1 -1.24873 -0.0649927
-2 4 0.5 1 -1.60835 -0.223112
7 2 3 1 1.54383 0.30176
7 -2 3 1 0.773267 0.15092
7 2 0.5 1 1.45337 -0.380914
7 -2 0.5 1 0.735391 -0.175026
4 0 3.3 1 0.477784 0.295321
7 0 3.3 1 1.02802 0.253037
