0 0 4.5 1 -0.0953489 0.210976
2 4 3 1 0.154174 0.0226735
4 2 3 1 -0.0230192 0.0316894
4 -2 3 1 -0.298065 0.0645576
2 -4 3 1 -0.480152 0.100737
-2 -4 3 1 -0.578522 0.162939
-4 -2 3 1 -0.316182 0.172197
-4 2 3 1 0.247844 0.0894655
-2 4 3 1 0.324975 0.0408249
2 4 0.5 1 0.137861 -0.160208
4 2 0.5 1 -0.0393288 -0.134163
4 -2 0.5 1 -0.31816 -0.113825
2 -4 0.5 1 -0.506607 -0.115668
-2 -4 0.5 1 -0.620066 -0.162319
-4 -2 0.5 1 -0.361634 -0.225737
-4 2 0.5 1 0.219008 -0.251069
-2 4 0.5 1 0.304447 -0.214174
7 2 3 1 -0.0647933 0.0227789
7 -2 3 1 -0.295525 0.0494676
7 2 0.5 1 -0.0787638 -0.116317
7 -2 0.5 1 -0.312143 -0.0983355
4 0 3.3 1 -0.153316 0.0679414
7 0 3.3 1 -0.174793 0.0527696
