0 0 4.5 1 -0.364463 0.513047
2 4 3 1 -0.911394 0.459161
4 2 3 1 -0.43967 0.458696
4 -2 3 1 0.0752697 0.368783
2 -4 3 1 0.0775901 0.324884
-2 -4 3 1 -0.125727 0.301504
-4 -2 3 1 -0.324088 0.304127
-4 2 3 1 -0.660645 0.333168
-2 4 3 1 -0.896025 0.376409
2 4 0.5 1 -0.848914 0.0316649
4 2 0.5 1 -0.412873 0.0158282
4 -2 0.5 1 0.0649936 0.0624182
2 -4 0.5 1 0.0697182 0.095035
-2 -4 0.5 1 -0.125073 0.12028
-4 -2 0.5 1 -0.316826 0.125526
-4 2 0.5 1 -0.638228 0.115485
-2 4 0.5 1 -0.854527 0.0912952
7 2 3 1 -0.151752 0.622251
7 -2 3 1 0.434572 0.426954
7 2 0.5 1 -0.145963 -0.102205
7 -2 0.5 1 0.393194 0.00817272
4 0 3.3 1 -0.134391 0.452302
7 0 3.3 1 0.227023 0.568818
