0 0 4.5 1 0.101334 0.550745
2 4 3 1 1.2851 0.596421
4 2 3 1 0.925002 0.3899
4 -2 3 1 0.412535 0.259268
2 -4 3 1 0.124882 0.219026
-2 -4 3 1 -0.261515 0.200198
-4 -2 3 1 -0.539051 0.222676
-4 2 3 1 -0.779668 0.417034
-2 4 3 1 0.0918064 0.766174
2 4 0.5 1 1.25803 -0.198665
4 2 0.5 1 0.924468 -0.0521288
4 -2 0.5 1 0.424989 -0.00561491
2 -4 0.5 1 0.142243 -0.0143933
-2 -4 0.5 1 -0.232197 -0.0637128
-4 -2 0.5 1 -0.489838 -0.136363
-4 2 0.5 1 -0.656267 -0.369376
-2 4 0.5 1 0.188583 -0.547039
7 2 3 1 1.22248 0.385165
7 -2 3 1 0.648452 0.26834
7 2 0.5 1 1.21151 0.00547992
7 -2 0.5 1 0.65443 0.0271769
4 0 3.3 1 0.60283 0.349261
7 0 3.3 1 0.871004 0.350188
