0 0 4.5 1 0.234068 0.668561
2 4 3 1 -0.0992238 0.281491
4 2 3 1 -0.363704 0.303794
4 -2 3 1 -0.647423 0.483833
2 -4 3 1 -0.0725055 0.900187
-2 -4 3 1 1.76358 0.896475
-4 -2 3 1 1.29606 0.551669
-4 2 3 1 0.628615 0.35553
-2 4 3 1 0.299133 0.303596
2 4 0.5 1 -0.0787862 0.0257103
4 2 0.5 1 -0.325517 -0.0229054
4 -2 0.5 1 -0.545091 -0.185211
2 -4 0.5 1 0.0177763 -0.389327
-2 -4 0.5 1 1.5782 -0.20342
-4 -2 0.5 1 1.23195 -0.0165054
-4 2 0.5 1 0.621804 0.0548303
-2 4 0.5 1 0.304965 0.0561864
7 2 3 1 -0.788392 0.281653
7 -2 3 1 -1.60179 0.450521
7 2 0.5 1 -0.728554 -0.0559781
7 -2 0.5 1 -1.39734 -0.26612
4 0 3.3 1 -0.462562 0.418464
7 0 3.3 1 -1.05587 0.393924
