0 0 4.5 1 -0.106164 0.261948
2 4 3 1 0.140067 0.0686008
4 2 3 1 -0.0392036 0.0789926
4 -2 3 1 -0.31836 0.114066
2 -4 3 1 -0.504314 0.152188
-2 -4 3 1 -0.599884 0.216427
-4 -2 3 1 -0.318756 0.222337
-4 2 3 1 0.250079 0.132951
-2 4 3 1 0.317123 0.0846862
2 4 0.5 1 0.121924 -0.113468
4 2 0.5 1 -0.0559195 -0.0872746
4 -2 0.5 1 -0.336804 -0.0668871
2 -4 0.5 1 -0.527091 -0.0692389
-2 -4 0.5 1 -0.634523 -0.118688
-4 -2 0.5 1 -0.360178 -0.183827
-4 2 0.5 1 0.216475 -0.206009
-2 4 0.5 1 0.292179 -0.167819
7 2 3 1 -0.0839103 0.0706536
7 -2 3 1 -0.318305 0.0990816
7 2 0.5 1 -0.097975 -0.068943
7 -2 0.5 1 -0.333573 -0.0507229
4 0 3.3 1 -0.170768 0.116563
7 0 3.3 1 -0.195213 0.101694
