0 0 4.5 1 0.348317 0.521102
2 4 3 1 -0.0858446 0.355966
4 2 3 1 -0.0575132 0.406569
4 -2 3 1 0.466139 0.480885
2 -4 3 1 0.86621 0.458191
-2 -4 3 1 0.819793 0.371783
-4 -2 3 1 0.600664 0.334547
-4 2 3 1 0.284838 0.3154
-2 4 3 1 0.097303 0.320306
2 4 0.5 1 -0.0834553 0.126988
4 2 0.5 1 -0.0559839 0.103094
4 -2 0.5 1 0.428065 0.0651335
2 -4 0.5 1 0.802054 0.0717962
-2 -4 0.5 1 0.778159 0.111574
-4 -2 0.5 1 0.576328 0.131089
-4 2 0.5 1 0.274504 0.143112
-2 4 0.5 1 0.0929817 0.142422
7 2 3 1 -0.378895 0.492154
7 -2 3 1 0.291668 0.670678
7 2 0.5 1 -0.351664 0.06729
7 -2 0.5 1 0.252423 -0.013001
4 0 3.3 1 0.164105 0.483208
7 0 3.3 1 -0.12565 0.630281
