0 0 4.5 1 -0.233592 0.444018
2 4 3 1 -0.103248 0.705393
4 2 3 1 0.522006 0.312776
4 -2 3 1 0.326808 0.115654
2 -4 3 1 0.0844056 0.0914375
-2 -4 3 1 -0.291021 0.11847
-4 -2 3 1 -0.596855 0.176921
-4 2 3 1 -1.17725 0.378129
-2 4 3 1 -1.52606 0.684244
2 4 0.5 1 -0.228868 -0.474046
4 2 0.5 1 0.48075 -0.344083
4 -2 0.5 1 0.30278 -0.206297
2 -4 0.5 1 0.0619499 -0.157604
-2 -4 0.5 1 -0.317984 -0.11679
-4 -2 0.5 1 -0.634574 -0.102679
-4 2 0.5 1 -1.26499 -0.123597
-2 4 0.5 1 -1.71238 -0.238676
7 2 3 1 1.44551 0.277259
7 -2 3 1 0.745631 0.087873
7 2 0.5 1 1.44379 -0.465715
7 -2 0.5 1 0.729431 -0.25346
4 0 3.3 1 0.394945 0.231142
7 0 3.3 1 0.969767 0.202323
