0 0 4.5 1 -0.104554 0.254498
2 4 3 1 0.142031 0.0618679
4 2 3 1 -0.0368995 0.0721226
4 -2 3 1 -0.315389 0.106959
2 -4 3 1 -0.500723 0.144843
-2 -4 3 1 -0.596665 0.208779
-4 -2 3 1 -0.318356 0.215081
-4 2 3 1 0.249689 0.126498
-2 4 3 1 0.318162 0.0781754
2 4 0.5 1 0.124077 -0.120252
4 2 0.5 1 -0.053627 -0.0940245
4 -2 0.5 1 -0.334154 -0.0735544
2 -4 0.5 1 -0.524143 -0.0757696
-2 -4 0.5 1 -0.632473 -0.12477
-4 -2 0.5 1 -0.360508 -0.189747
-4 2 0.5 1 0.21666 -0.212576
-2 4 0.5 1 0.293754 -0.174598
7 2 3 1 -0.081176 0.0637219
7 -2 3 1 -0.314977 0.0919675
7 2 0.5 1 -0.0952884 -0.0757511
7 -2 0.5 1 -0.330511 -0.057491
4 0 3.3 1 -0.168238 0.109534
7 0 3.3 1 -0.192252 0.0946378
