0 0 4.5 1 0.431165 0.191903
2 4 3 1 -0.022275 0.0414235
4 2 3 1 -0.0745297 0.0883229
4 -2 3 1 0.37074 0.153502
2 -4 3 1 1.01616 0.11726
-2 -4 3 1 1.11759 0.00650321
-4 -2 3 1 0.834563 -0.0224834
-4 2 3 1 0.441395 -0.0201257
-2 4 3 1 0.218808 -0.00274881
2 4 0.5 1 -0.0439075 -0.189816
4 2 0.5 1 -0.105169 -0.223437
4 -2 0.5 1 0.338888 -0.364937
2 -4 0.5 1 1.01206 -0.448579
-2 -4 0.5 1 1.11805 -0.360748
-4 -2 0.5 1 0.828789 -0.282908
-4 2 0.5 1 0.430706 -0.215504
-2 4 0.5 1 0.204938 -0.192149
7 2 3 1 -0.471591 0.171786
7 -2 3 1 -0.17232 0.359553
7 2 0.5 1 -0.524722 -0.229649
7 -2 0.5 1 -0.262185 -0.46558
4 0 3.3 1 0.0976815 0.158054
7 0 3.3 1 -0.364702 0.295683
