0 0 4.5 1 -0.464643 0.388144
2 4 3 1 -1.07659 0.34938
4 2 3 1 -0.380002 0.380037
4 -2 3 1 0.0725112 0.27858
2 -4 3 1 0.0120277 0.21809
-2 -4 3 1 -0.237646 0.166284
-4 -2 3 1 -0.466461 0.148755
-4 2 3 1 -0.875805 0.154541
-2 4 3 1 -1.1796 0.199876
2 4 0.5 1 -0.984314 -0.230072
4 2 0.5 1 -0.318458 -0.148939
4 -2 0.5 1 0.10061 -0.0363443
2 -4 0.5 1 0.0337462 -0.0147106
-2 -4 0.5 1 -0.216876 -0.0241553
-4 -2 0.5 1 -0.442205 -0.0478469
-4 2 0.5 1 -0.836685 -0.108501
-2 4 0.5 1 -1.11729 -0.173053
7 2 3 1 0.225624 0.655482
7 -2 3 1 0.490093 0.379164
7 2 0.5 1 0.292077 -0.19658
7 -2 0.5 1 0.51577 -0.0275468
4 0 3.3 1 -0.100444 0.364971
7 0 3.3 1 0.400594 0.536445
