0 0 4.5 1 -0.204626 0.162207
2 4 3 1 -0.632524 0.118207
4 2 3 1 -0.363265 0.111702
4 -2 3 1 0.0955138 0.0408823
2 -4 3 1 0.155564 0.00639571
-2 -4 3 1 0.0100285 -0.0038204
-4 -2 3 1 -0.151653 0.00645504
-4 2 3 1 -0.413024 0.0386467
-2 4 3 1 -0.582348 0.0717771
2 4 0.5 1 -0.675121 -0.177725
4 2 0.5 1 -0.404288 -0.224118
4 -2 0.5 1 0.0721972 -0.234453
2 -4 0.5 1 0.138572 -0.206944
-2 -4 0.5 1 -0.00481695 -0.16658
-4 -2 0.5 1 -0.167574 -0.146326
-4 2 0.5 1 -0.434315 -0.131096
-2 4 0.5 1 -0.611169 -0.13501
7 2 3 1 -0.305873 0.195966
7 -2 3 1 0.331187 0.0737088
7 2 0.5 1 -0.368649 -0.334529
7 -2 0.5 1 0.30521 -0.320095
4 0 3.3 1 -0.107494 0.108121
7 0 3.3 1 0.0641829 0.177946
