0 0 4.5 1 -0.0239336 0.211086
2 4 3 1 -0.374158 0.0817136
4 2 3 1 -0.234033 0.124734
4 -2 3 1 0.204908 0.167932
2 -4 3 1 0.345117 0.152721
-2 -4 3 1 0.251359 0.108511
-4 -2 3 1 0.104736 0.0826305
-4 2 3 1 -0.128483 0.0594931
-2 4 3 1 -0.276988 0.0561573
2 4 0.5 1 -0.35264 -0.144304
4 2 0.5 1 -0.207274 -0.150739
4 -2 0.5 1 0.233158 -0.106108
2 -4 0.5 1 0.368635 -0.071374
-2 -4 0.5 1 0.268431 -0.0562338
-4 -2 0.5 1 0.119541 -0.0630506
-4 2 0.5 1 -0.114098 -0.086592
-2 4 0.5 1 -0.260995 -0.109624
7 2 3 1 -0.345594 0.193689
7 -2 3 1 0.310314 0.25769
7 2 0.5 1 -0.306108 -0.218782
7 -2 0.5 1 0.353135 -0.151577
4 0 3.3 1 -0.0173433 0.179218
7 0 3.3 1 -0.0214178 0.274801
