0 0 4.5 1 -0.232304 0.228386
2 4 3 1 -0.119697 -0.0515697
4 2 3 1 -0.376074 -0.0458239
4 -2 3 1 -0.810839 0.0186024
2 -4 3 1 -1.11268 0.13927
-2 -4 3 1 -0.711223 0.387041
-4 -2 3 1 0.177666 0.287928
-4 2 3 1 0.387198 0.0568022
-2 4 3 1 0.209261 -0.0157043
2 4 0.5 1 -0.121968 -0.272564
4 2 0.5 1 -0.390472 -0.280728
4 -2 0.5 1 -0.861861 -0.32221
2 -4 0.5 1 -1.22756 -0.393115
-2 -4 0.5 1 -0.839849 -0.531521
-4 -2 0.5 1 0.216209 -0.448335
-4 2 0.5 1 0.42165 -0.315871
-2 4 0.5 1 0.224105 -0.283204
7 2 3 1 -0.535804 -0.0673004
7 -2 3 1 -0.957564 -0.0213738
7 2 0.5 1 -0.554924 -0.273612
7 -2 0.5 1 -1.00802 -0.30511
4 0 3.3 1 -0.551237 0.0120017
7 0 3.3 1 -0.710483 -0.0206782
