0 0 4.5 1 0.19558 0.317785
2 4 3 1 1.1901 0.303856
4 2 3 1 0.85902 0.165594
4 -2 3 1 0.398639 0.0654982
2 -4 3 1 0.133003 0.032607
-2 -4 3 1 -0.214632 0.0208737
-4 -2 3 1 -0.42784 0.0501947
-4 2 3 1 -0.349063 0.242885
-2 4 3 1 0.615812 0.458148
2 4 0.5 1 1.30738 -0.292352
4 2 0.5 1 0.919308 -0.197624
4 -2 0.5 1 0.428719 -0.174356
2 -4 0.5 1 0.155738 -0.189143
-2 -4 0.5 1 -0.195301 -0.244069
-4 -2 0.5 1 -0.407448 -0.320347
-4 2 0.5 1 -0.300118 -0.537058
-2 4 0.5 1 0.773958 -0.604288
7 2 3 1 1.04049 0.153984
7 -2 3 1 0.578451 0.0688277
7 2 0.5 1 1.09537 -0.148616
7 -2 0.5 1 0.608265 -0.143008
4 0 3.3 1 0.577183 0.139093
7 0 3.3 1 0.764165 0.133113
