0 0 4.5 1 0.356634 0.304309
2 4 3 1 -0.0395714 0.00902515
4 2 3 1 -0.223581 0.0316313
4 -2 3 1 -0.138723 0.190848
2 -4 3 1 0.749943 0.419447
-2 -4 3 1 1.51068 0.338284
-4 -2 3 1 1.1208 0.180391
-4 2 3 1 0.58376 0.0632178
-2 4 3 1 0.29885 0.0254296
2 4 0.5 1 -0.0192835 -0.240412
4 2 0.5 1 -0.202934 -0.301011
4 -2 0.5 1 -0.0904371 -0.477382
2 -4 0.5 1 0.923886 -0.591357
-2 -4 0.5 1 1.68132 -0.334312
-4 -2 0.5 1 1.20413 -0.221197
-4 2 0.5 1 0.620754 -0.18683
-2 4 0.5 1 0.324872 -0.196522
7 2 3 1 -0.67492 0.0139731
7 -2 3 1 -1.13698 0.199136
7 2 0.5 1 -0.669487 -0.365685
7 -2 0.5 1 -1.16827 -0.690675
4 0 3.3 1 -0.198354 0.135799
7 0 3.3 1 -0.816236 0.130675
