0 0 4.5 1 0.155708 0.245229
2 4 3 1 -0.197012 0.0966676
4 2 3 1 -0.119948 0.14533
4 -2 3 1 0.331642 0.22148
2 -4 3 1 0.563296 0.214674
-2 -4 3 1 0.501231 0.152524
-4 -2 3 1 0.340604 0.114257
-4 2 3 1 0.0909071 0.0806462
-2 4 3 1 -0.0646215 0.0735515
2 4 0.5 1 -0.177461 -0.114404
4 2 0.5 1 -0.0942884 -0.123712
4 -2 0.5 1 0.366352 -0.0916392
2 -4 0.5 1 0.595436 -0.0562328
-2 -4 0.5 1 0.523554 -0.0394241
-4 -2 0.5 1 0.35838 -0.0462427
-4 2 0.5 1 0.106046 -0.0674195
-2 4 0.5 1 -0.0491169 -0.0862911
7 2 3 1 -0.326319 0.208639
7 -2 3 1 0.321485 0.343002
7 2 0.5 1 -0.291945 -0.179252
7 -2 0.5 1 0.375486 -0.143658
4 0 3.3 1 0.0851102 0.214856
7 0 3.3 1 -0.0442076 0.319165
