0 0 4.5 1 0.251335 0.619359
2 4 3 1 -0.092999 0.245071
4 2 3 1 -0.346587 0.264406
4 -2 3 1 -0.576781 0.438458
2 -4 3 1 0.0880834 0.830852
-2 -4 3 1 1.73044 0.817167
-4 -2 3 1 1.26625 0.509273
-4 2 3 1 0.618939 0.322829
-2 4 3 1 0.296455 0.270319
2 4 0.5 1 -0.0701936 -0.00815571
4 2 0.5 1 -0.307986 -0.0612988
4 -2 0.5 1 -0.482021 -0.230105
2 -4 0.5 1 0.169715 -0.42064
-2 -4 0.5 1 1.61931 -0.199198
-4 -2 0.5 1 1.23298 -0.0272329
-4 2 0.5 1 0.621661 0.0319537
-2 4 0.5 1 0.307544 0.0283527
7 2 3 1 -0.777791 0.238314
7 -2 3 1 -1.56096 0.400644
7 2 0.5 1 -0.720594 -0.102687
7 -2 0.5 1 -1.37548 -0.335795
4 0 3.3 1 -0.427999 0.376279
7 0 3.3 1 -1.0325 0.348144
