0 0 4.5 1 -0.243048 0.519666
2 4 3 1 0.0151666 0.300312
4 2 3 1 -0.190806 0.295718
4 -2 3 1 -0.524411 0.312652
2 -4 3 1 -0.761307 0.346978
-2 -4 3 1 -0.836866 0.43714
-4 -2 3 1 -0.36107 0.468243
-4 2 3 1 0.248774 0.387003
-2 4 3 1 0.244453 0.334568
2 4 0.5 1 0.0146873 0.105008
4 2 0.5 1 -0.183919 0.109256
4 -2 0.5 1 -0.502325 0.0926858
2 -4 0.5 1 -0.719823 0.0601367
-2 -4 0.5 1 -0.765273 -0.0210197
-4 -2 0.5 1 -0.32638 -0.0473821
-4 2 0.5 1 0.231974 0.0243417
-2 4 0.5 1 0.232413 0.0726246
7 2 3 1 -0.261098 0.281122
7 -2 3 1 -0.545242 0.29281
7 2 0.5 1 -0.253129 0.123387
7 -2 0.5 1 -0.526271 0.111749
4 0 3.3 1 -0.345258 0.328786
7 0 3.3 1 -0.394816 0.307547
