0 0 4.5 1 0.280153 0.478977
2 4 3 1 0.778411 0.27838
4 2 3 1 0.540753 0.249259
4 -2 3 1 0.210385 0.250319
2 -4 3 1 0.00863105 0.271235
-2 -4 3 1 -0.210617 0.333782
-4 -2 3 1 -0.204465 0.404524
-4 2 3 1 0.409321 0.469125
-2 4 3 1 0.867702 0.393415
2 4 0.5 1 0.729586 -0.00214499
4 2 0.5 1 0.51001 0.0340253
4 -2 0.5 1 0.192356 0.0672494
2 -4 0.5 1 -0.00507 0.0788336
-2 -4 0.5 1 -0.221399 0.0741288
-4 -2 0.5 1 -0.21961 0.0434895
-4 2 0.5 1 0.34705 -0.0429458
-2 4 0.5 1 0.785117 -0.0574515
7 2 3 1 0.557565 0.221133
7 -2 3 1 0.276711 0.225665
7 2 0.5 1 0.531815 0.0443245
7 -2 0.5 1 0.260064 0.0711544
4 0 3.3 1 0.364762 0.274303
7 0 3.3 1 0.409973 0.24385
