0 0 4.5 1 0.203045 0.740114
2 4 3 1 -0.105334 0.333901
4 2 3 1 -0.386902 0.363865
4 -2 3 1 -0.759232 0.557486
2 -4 3 1 -0.383589 1.00994
-2 -4 3 1 1.78573 1.02749
-4 -2 3 1 1.34322 0.607655
-4 2 3 1 0.647118 0.395986
-2 4 3 1 0.306889 0.34728
2 4 0.5 1 -0.091247 0.0740371
4 2 0.5 1 -0.353043 0.0361596
4 -2 0.5 1 -0.650681 -0.108049
2 -4 0.5 1 -0.260115 -0.328096
-2 -4 0.5 1 1.47248 -0.231203
-4 -2 0.5 1 1.22285 -0.0192406
-4 2 0.5 1 0.622417 0.0778791
-2 4 0.5 1 0.302151 0.0904851
7 2 3 1 -0.79531 0.351179
7 -2 3 1 -1.63668 0.536549
7 2 0.5 1 -0.737186 0.0197302
7 -2 0.5 1 -1.42339 -0.144676
4 0 3.3 1 -0.514611 0.484194
7 0 3.3 1 -1.07786 0.469176
