0 0 4.5 1 -0.290638 0.271037
2 4 3 1 -0.0942639 0.0356467
4 2 3 1 -0.328825 0.0169798
4 -2 3 1 -0.726515 0.0254211
2 -4 3 1 -1.01831 0.0785655
-2 -4 3 1 -0.899644 0.26866
-4 -2 3 1 -0.121723 0.311477
-4 2 3 1 0.302454 0.171094
-2 4 3 1 0.192046 0.0954365
2 4 0.5 1 -0.0772596 -0.16859
4 2 0.5 1 -0.315613 -0.191901
4 -2 0.5 1 -0.7182 -0.25582
2 -4 0.5 1 -1.01632 -0.332511
-2 -4 0.5 1 -0.888928 -0.436489
-4 -2 0.5 1 -0.0674599 -0.343345
-4 2 0.5 1 0.345323 -0.19131
-2 4 0.5 1 0.219892 -0.162142
7 2 3 1 -0.446559 -0.0117626
7 -2 3 1 -0.807415 -0.0128434
7 2 0.5 1 -0.436981 -0.19201
7 -2 0.5 1 -0.802172 -0.244526
4 0 3.3 1 -0.500203 0.0487144
7 0 3.3 1 -0.605795 0.0116354
