0 0 4.5 1 -0.372799 0.517248
2 4 3 1 -0.924906 0.462002
4 2 3 1 -0.442737 0.463524
4 -2 3 1 0.0733 0.374032
2 -4 3 1 0.073079 0.329452
-2 -4 3 1 -0.132631 0.30458
-4 -2 3 1 -0.332662 0.306106
-4 2 3 1 -0.672942 0.333834
-2 4 3 1 -0.911831 0.376895
2 4 0.5 1 -0.856989 0.0278918
4 2 0.5 1 -0.412303 0.0155965
4 -2 0.5 1 0.064932 0.0661779
2 -4 0.5 1 0.0667649 0.0987423
-2 -4 0.5 1 -0.130559 0.122471
-4 -2 0.5 1 -0.323822 0.12632
-4 2 0.5 1 -0.648121 0.113921
-2 4 0.5 1 -0.866617 0.0879793
7 2 3 1 -0.141999 0.632951
7 -2 3 1 0.43702 0.43489
7 2 0.5 1 -0.132913 -0.100895
7 -2 0.5 1 0.39754 0.0147218
4 0 3.3 1 -0.136201 0.457643
7 0 3.3 1 0.233281 0.577884
