0 0 4.5 1 -0.449571 0.299815
2 4 3 1 -1.0469 0.303915
4 2 3 1 -0.282207 0.312701
4 -2 3 1 0.104935 0.185039
2 -4 3 1 0.0171699 0.120147
-2 -4 3 1 -0.25161 0.0672863
-4 -2 3 1 -0.492372 0.0510877
-4 2 3 1 -0.927828 0.0645117
-2 4 3 1 -1.24971 0.125271
2 4 0.5 1 -1.01169 -0.355705
4 2 0.5 1 -0.233519 -0.247327
4 -2 0.5 1 0.137662 -0.131667
2 -4 0.5 1 0.0404644 -0.114609
-2 -4 0.5 1 -0.234459 -0.129084
-4 -2 0.5 1 -0.476439 -0.156257
-4 2 0.5 1 -0.911022 -0.22525
-2 4 0.5 1 -1.23092 -0.300474
7 2 3 1 0.435985 0.588787
7 -2 3 1 0.532194 0.280856
7 2 0.5 1 0.539239 -0.272508
7 -2 0.5 1 0.580547 -0.113933
4 0 3.3 1 -0.0399955 0.278911
7 0 3.3 1 0.494115 0.441372
