0 0 4.5 1 0.258786 0.165148
2 4 3 1 1.0792 0.0557804
4 2 3 1 0.780186 -0.0273305
4 -2 3 1 0.36226 -0.0784858
2 -4 3 1 0.115325 -0.0869898
-2 -4 3 1 -0.194227 -0.0660026
-4 -2 3 1 -0.338283 -0.0143051
-4 2 3 1 -0.00541207 0.154077
-2 4 3 1 0.840769 0.216591
2 4 0.5 1 1.19111 -0.420159
4 2 0.5 1 0.834276 -0.342091
4 -2 0.5 1 0.382135 -0.304499
2 -4 0.5 1 0.123877 -0.30453
-2 -4 0.5 1 -0.200059 -0.336697
-4 -2 0.5 1 -0.35755 -0.396165
-4 2 0.5 1 0.00655797 -0.576459
-2 4 0.5 1 1.0024 -0.619806
7 2 3 1 0.890015 -0.0526921
7 -2 3 1 0.499894 -0.0910952
7 2 0.5 1 0.940011 -0.312152
7 -2 0.5 1 0.522381 -0.287119
4 0 3.3 1 0.533979 -0.027182
7 0 3.3 1 0.664454 -0.048982
