0 0 4.5 1 -0.114599 0.645984
2 4 3 1 0.629068 0.847066
4 2 3 1 0.825902 0.42379
4 -2 3 1 0.411647 0.264055
2 -4 3 1 0.127439 0.249714
-2 -4 3 1 -0.278131 0.283824
-4 -2 3 1 -0.605198 0.349576
-4 2 3 1 -1.2375 0.597332
-2 4 3 1 -1.49645 1.02583
2 4 0.5 1 0.452495 -0.413636
4 2 0.5 1 0.721306 -0.202946
4 -2 0.5 1 0.372191 -0.0500941
2 -4 0.5 1 0.10339 -0.00220714
-2 -4 0.5 1 -0.291278 0.0309857
-4 -2 0.5 1 -0.61062 0.0325634
-4 2 0.5 1 -1.20662 -0.0408024
-2 4 0.5 1 -1.40422 -0.257482
7 2 3 1 1.59967 0.358713
7 -2 3 1 0.792962 0.231985
7 2 0.5 1 1.44427 -0.26375
7 -2 0.5 1 0.740744 -0.0810905
4 0 3.3 1 0.555765 0.36963
7 0 3.3 1 1.0695 0.326423
