0 0 4.5 1 -0.418743 0.518815
2 4 3 1 -0.998969 0.457744
4 2 3 1 -0.452992 0.47229
4 -2 3 1 0.0625178 0.384914
2 -4 3 1 0.0463889 0.335884
-2 -4 3 1 -0.172905 0.30167
-4 -2 3 1 -0.382269 0.296284
-4 2 3 1 -0.744173 0.31543
-2 4 3 1 -1.0039 0.357057
2 4 0.5 1 -0.902981 -0.0154812
4 2 0.5 1 -0.403367 -0.00339832
4 -2 0.5 1 0.066287 0.070694
2 -4 0.5 1 0.0499159 0.101855
-2 -4 0.5 1 -0.162529 0.115594
-4 -2 0.5 1 -0.364698 0.110587
-4 2 0.5 1 -0.706755 0.0831886
-2 4 0.5 1 -0.939369 0.0460487
7 2 3 1 -0.0699826 0.678618
7 -2 3 1 0.449177 0.46196
7 2 0.5 1 -0.0430497 -0.106233
7 -2 0.5 1 0.42469 0.0375192
4 0 3.3 1 -0.143167 0.468559
7 0 3.3 1 0.272172 0.610828
