0 0 4.5 1 -0.402193 0.224856
2 4 3 1 -0.904038 0.33887
4 2 3 1 -0.0650076 0.244512
4 -2 3 1 0.173499 0.0596882
2 -4 3 1 0.0341194 -0.00409425
-2 -4 3 1 -0.273658 -0.0413083
-4 -2 3 1 -0.538691 -0.0399193
-4 2 3 1 -1.02209 0.0173562
-2 4 3 1 -1.36458 0.132959
2 4 0.5 1 -1.00529 -0.489985
4 2 0.5 1 -0.0421969 -0.374518
4 -2 0.5 1 0.199359 -0.268831
2 -4 0.5 1 0.0471421 -0.250172
-2 -4 0.5 1 -0.274096 -0.255166
-4 -2 0.5 1 -0.550192 -0.274185
-4 2 0.5 1 -1.07006 -0.334598
-2 4 0.5 1 -1.47548 -0.416344
7 2 3 1 0.806058 0.451253
7 -2 3 1 0.615222 0.121468
7 2 0.5 1 0.985883 -0.414446
7 -2 0.5 1 0.677252 -0.265417
4 0 3.3 1 0.0867932 0.171858
7 0 3.3 1 0.665117 0.28282
