0 0 4.5 1 -0.448917 0.487441
2 4 3 1 -1.04831 0.426974
4 2 3 1 -0.444489 0.452538
4 -2 3 1 0.0581324 0.364535
2 -4 3 1 0.0265205 0.31116
-2 -4 3 1 -0.204061 0.268854
-4 -2 3 1 -0.420869 0.25752
-4 2 3 1 -0.800987 0.269198
-2 4 3 1 -1.07851 0.309956
2 4 0.5 1 -0.938681 -0.0818506
4 2 0.5 1 -0.383766 -0.0442751
4 -2 0.5 1 0.0726507 0.0484802
2 -4 0.5 1 0.0385343 0.076808
-2 -4 0.5 1 -0.187545 0.0809736
-4 -2 0.5 1 -0.397693 0.0679513
-4 2 0.5 1 -0.756895 0.0267668
-2 4 0.5 1 -1.00434 -0.0209817
7 2 3 1 0.0194412 0.691128
7 -2 3 1 0.459882 0.454291
7 2 0.5 1 0.059971 -0.128761
7 -2 0.5 1 0.453074 0.0327315
4 0 3.3 1 -0.13923 0.448108
7 0 3.3 1 0.312492 0.607054
