0 0 4.5 1 0.0374678 0.208346
2 4 3 1 0.378942 0.0888828
4 2 3 1 0.205539 0.0533893
4 -2 3 1 -0.0597663 0.0252763
2 -4 3 1 -0.232252 0.0229046
-2 -4 3 1 -0.38135 0.0586781
-4 -2 3 1 -0.262053 0.12101
-4 2 3 1 0.295279 0.188247
-2 4 3 1 0.494547 0.159008
2 4 0.5 1 0.40332 -0.11034
4 2 0.5 1 0.223988 -0.115993
4 -2 0.5 1 -0.045196 -0.139071
2 -4 0.5 1 -0.2182 -0.162926
-2 -4 0.5 1 -0.364337 -0.204933
-4 -2 0.5 1 -0.236644 -0.222742
-4 2 0.5 1 0.338128 -0.178293
-2 4 0.5 1 0.532964 -0.132388
7 2 3 1 0.192529 0.0338385
7 -2 3 1 -0.0292172 0.0108188
7 2 0.5 1 0.20772 -0.107114
7 -2 0.5 1 -0.0167282 -0.126629
4 0 3.3 1 0.0688241 0.0588491
7 0 3.3 1 0.0785422 0.0386826
