0 0 4.5 1 -0.0109628 0.56782
2 4 3 1 -0.110912 0.20822
4 2 3 1 -0.397122 0.263205
4 -2 3 1 -0.887794 0.456712
2 -4 3 1 -1.15157 0.784059
-2 -4 3 1 0.421211 0.985592
-4 -2 3 1 0.987821 0.476595
-4 2 3 1 0.584862 0.218854
-2 4 3 1 0.283998 0.186069
2 4 0.5 1 -0.133433 -0.0290876
4 2 0.5 1 -0.420749 -0.0124552
4 -2 0.5 1 -0.921539 -0.02671
2 -4 0.5 1 -1.20715 -0.128549
-2 -4 0.5 1 0.267443 -0.424559
-4 -2 0.5 1 0.888607 -0.295266
-4 2 0.5 1 0.543928 -0.131442
-2 4 0.5 1 0.255922 -0.0751989
7 2 3 1 -0.664173 0.275267
7 -2 3 1 -1.27019 0.452658
7 2 0.5 1 -0.683894 0.0200021
7 -2 0.5 1 -1.29471 0.0286535
4 0 3.3 1 -0.571849 0.376118
7 0 3.3 1 -0.889244 0.380616
