0 0 4.5 1 -0.303855 0.318176
2 4 3 1 -0.08703 0.0929343
4 2 3 1 -0.315216 0.0711762
4 -2 3 1 -0.700816 0.0708137
2 -4 3 1 -0.985663 0.111184
-2 -4 3 1 -0.927305 0.277874
-4 -2 3 1 -0.198608 0.340478
-4 2 3 1 0.277758 0.226987
-2 4 3 1 0.18723 0.15433
2 4 0.5 1 -0.0673908 -0.10695
4 2 0.5 1 -0.296342 -0.130479
4 -2 0.5 1 -0.678112 -0.193782
2 -4 0.5 1 -0.955359 -0.26708
-2 -4 0.5 1 -0.874742 -0.366516
-4 -2 0.5 1 -0.138148 -0.286177
-4 2 0.5 1 0.31592 -0.13332
-2 4 0.5 1 0.213802 -0.101352
7 2 3 1 -0.422038 0.0431075
7 -2 3 1 -0.766311 0.0356456
7 2 0.5 1 -0.406221 -0.129969
7 -2 0.5 1 -0.747952 -0.181831
4 0 3.3 1 -0.484576 0.098343
7 0 3.3 1 -0.576728 0.0628287
