0 0 4.5 1 0.426755 0.14578
2 4 3 1 -0.0240635 -0.0222183
4 2 3 1 -0.0967194 0.0239466
4 -2 3 1 0.3144 0.106865
2 -4 3 1 1.01842 0.0924241
-2 -4 3 1 1.18129 -0.0253909
-4 -2 3 1 0.882508 -0.0648916
-4 2 3 1 0.467257 -0.0728938
-2 4 3 1 0.233819 -0.0607599
2 4 0.5 1 -0.0416009 -0.260347
4 2 0.5 1 -0.123918 -0.29754
4 -2 0.5 1 0.300094 -0.449906
2 -4 0.5 1 1.06729 -0.544122
-2 -4 0.5 1 1.22184 -0.435929
-4 -2 0.5 1 0.898317 -0.348594
-4 2 0.5 1 0.466569 -0.279575
-2 4 0.5 1 0.2266 -0.258263
7 2 3 1 -0.51046 0.09499
7 -2 3 1 -0.32091 0.298938
7 2 0.5 1 -0.569621 -0.311101
7 -2 0.5 1 -0.427042 -0.573051
4 0 3.3 1 0.0586437 0.10058
7 0 3.3 1 -0.440361 0.22229
