0 0 4.5 1 0.217109 0.421206
2 4 3 1 -0.163071 0.254376
4 2 3 1 -0.105875 0.305615
4 -2 3 1 0.376805 0.395223
2 -4 3 1 0.667056 0.390676
-2 -4 3 1 0.609866 0.317385
-4 -2 3 1 0.429692 0.273793
-4 2 3 1 0.157185 0.237589
-2 4 3 1 -0.010012 0.230462
2 4 0.5 1 -0.141739 0.037699
4 2 0.5 1 -0.080077 0.0240201
4 -2 0.5 1 0.390255 0.0431831
2 -4 0.5 1 0.669131 0.0775936
-2 -4 0.5 1 0.612676 0.100524
-4 -2 0.5 1 0.435487 0.0975825
-4 2 0.5 1 0.16708 0.0809859
-2 4 0.5 1 0.00354098 0.0646879
7 2 3 1 -0.362255 0.371914
7 -2 3 1 0.312629 0.542573
7 2 0.5 1 -0.314461 -0.0300018
7 -2 0.5 1 0.337653 -0.0200802
4 0 3.3 1 0.106249 0.384531
7 0 3.3 1 -0.0860819 0.502729
