0 0 4.5 1 -0.431564 0.254121
2 4 3 1 -1.00136 0.300245
4 2 3 1 -0.197785 0.275624
4 -2 3 1 0.133151 0.124109
2 -4 3 1 0.0245736 0.0580212
-2 -4 3 1 -0.259826 0.00903992
-4 -2 3 1 -0.510396 -0.00202293
-4 2 3 1 -0.965626 0.0252151
-2 4 3 1 -1.29779 0.104673
2 4 0.5 1 -1.02206 -0.426812
4 2 0.5 1 -0.160571 -0.309161
4 -2 0.5 1 0.165185 -0.196852
2 -4 0.5 1 0.0453396 -0.180839
-2 -4 0.5 1 -0.248683 -0.194078
-4 -2 0.5 1 -0.504517 -0.219929
-4 2 0.5 1 -0.973044 -0.288849
-2 4 0.5 1 -1.32673 -0.368625
7 2 3 1 0.59094 0.532844
7 -2 3 1 0.567059 0.209154
7 2 0.5 1 0.728041 -0.331376
7 -2 0.5 1 0.625615 -0.180985
4 0 3.3 1 0.010848 0.225469
7 0 3.3 1 0.565358 0.371286
