0 0 4.5 1 0.0287268 0.166695
2 4 3 1 0.361825 0.0441265
4 2 3 1 0.189445 0.0116249
4 -2 3 1 -0.0750232 -0.0129683
2 -4 3 1 -0.247086 -0.0133626
-2 -4 3 1 -0.391374 0.0239682
-4 -2 3 1 -0.262642 0.0840768
-4 2 3 1 0.292413 0.141489
-2 4 3 1 0.480458 0.110381
2 4 0.5 1 0.386416 -0.153501
4 2 0.5 1 0.207167 -0.15747
4 -2 0.5 1 -0.0625752 -0.178525
2 -4 0.5 1 -0.236526 -0.201588
-2 -4 0.5 1 -0.380584 -0.24403
-4 -2 0.5 1 -0.243538 -0.263468
-4 2 0.5 1 0.335295 -0.222019
-2 4 0.5 1 0.52033 -0.177087
7 2 3 1 0.174362 -0.00739673
7 -2 3 1 -0.0467105 -0.027613
7 2 0.5 1 0.188858 -0.148246
7 -2 0.5 1 -0.0358885 -0.165999
4 0 3.3 1 0.0538948 0.0188518
7 0 3.3 1 0.0612547 -0.00113645
