0 0 4.5 1 0.269484 0.507674
2 4 3 1 0.757328 0.310583
4 2 3 1 0.522913 0.27963
4 -2 3 1 0.195767 0.277505
2 -4 3 1 -0.00485754 0.29658
-2 -4 3 1 -0.221096 0.35777
-4 -2 3 1 -0.207487 0.429175
-4 2 3 1 0.413877 0.496569
-2 4 3 1 0.853503 0.424209
2 4 0.5 1 0.709335 0.0343971
4 2 0.5 1 0.493386 0.066275
4 -2 0.5 1 0.179678 0.0944414
2 -4 0.5 1 -0.0158241 0.103233
-2 -4 0.5 1 -0.227173 0.0956708
-4 -2 0.5 1 -0.216578 0.0653985
-4 2 0.5 1 0.354255 -0.0103798
-2 4 0.5 1 0.771623 -0.0176145
7 2 3 1 0.536856 0.25189
7 -2 3 1 0.259573 0.253507
7 2 0.5 1 0.512112 0.0765923
7 -2 0.5 1 0.244433 0.0991875
4 0 3.3 1 0.349198 0.302965
7 0 3.3 1 0.39154 0.273026
