0 0 4.5 1 0.286595 0.453236
2 4 3 1 0.793774 0.250555
4 2 3 1 0.553671 0.222642
4 -2 3 1 0.220745 0.225855
2 -4 3 1 0.0180482 0.247976
-2 -4 3 1 -0.203703 0.311303
-4 -2 3 1 -0.203661 0.381512
-4 2 3 1 0.402846 0.444656
-2 4 3 1 0.876515 0.36684
2 4 0.5 1 0.745461 -0.0337953
4 2 0.5 1 0.522686 0.00571899
4 -2 0.5 1 0.201603 0.0426983
2 -4 0.5 1 0.00251978 0.0562824
-2 -4 0.5 1 -0.217923 0.0536005
-4 -2 0.5 1 -0.223302 0.0227324
-4 2 0.5 1 0.339665 -0.0716565
-2 4 0.5 1 0.795312 -0.0918579
7 2 3 1 0.572988 0.194206
7 -2 3 1 0.289204 0.200747
7 2 0.5 1 0.547056 0.016022
7 -2 0.5 1 0.271763 0.0459951
4 0 3.3 1 0.375784 0.248847
7 0 3.3 1 0.423459 0.218024
