0 0 4.5 1 -0.366644 0.240478
2 4 3 1 -0.756744 0.422413
4 2 3 1 0.0860601 0.237876
4 -2 3 1 0.213633 0.0287253
2 -4 3 1 0.0423285 -0.0271843
-2 -4 3 1 -0.288292 -0.0462918
-4 -2 3 1 -0.56696 -0.0278111
-4 2 3 1 -1.07775 0.0693208
-2 4 3 1 -1.42598 0.231082
2 4 0.5 1 -0.91455 -0.510597
4 2 0.5 1 0.0970459 -0.408524
4 -2 0.5 1 0.227722 -0.304507
2 -4 0.5 1 0.0441556 -0.278434
-2 -4 0.5 1 -0.301476 -0.269201
-4 -2 0.5 1 -0.595749 -0.276989
-4 2 0.5 1 -1.16477 -0.321183
-2 4 0.5 1 -1.61872 -0.401735
7 2 3 1 1.01567 0.372512
7 -2 3 1 0.658092 0.0609164
7 2 0.5 1 1.20551 -0.485251
7 -2 0.5 1 0.709129 -0.320593
4 0 3.3 1 0.168054 0.148678
7 0 3.3 1 0.761516 0.21527
