0 0 4.5 1 -0.199719 0.494049
2 4 3 1 0.0539962 0.277724
4 2 3 1 -0.144938 0.280072
4 -2 3 1 -0.463253 0.306118
2 -4 3 1 -0.685233 0.343852
-2 -4 3 1 -0.768788 0.424748
-4 -2 3 1 -0.351087 0.441415
-4 2 3 1 0.255683 0.352465
-2 4 3 1 0.270351 0.302982
2 4 0.5 1 0.0451379 0.0860574
4 2 0.5 1 -0.146909 0.0989384
4 -2 0.5 1 -0.453734 0.096592
2 -4 0.5 1 -0.662632 0.075108
-2 -4 0.5 1 -0.727614 0.001954
-4 -2 0.5 1 -0.338955 -0.043704
-4 2 0.5 1 0.226873 -0.00336838
-2 4 0.5 1 0.248533 0.04407
7 2 3 1 -0.208119 0.268655
7 -2 3 1 -0.477794 0.288578
7 2 0.5 1 -0.208067 0.115678
7 -2 0.5 1 -0.469476 0.115834
4 0 3.3 1 -0.292865 0.316396
7 0 3.3 1 -0.335235 0.298133
