0 0 4.5 1 -0.234759 0.279231
2 4 3 1 -0.687525 0.242565
4 2 3 1 -0.377725 0.228787
4 -2 3 1 0.0929069 0.144283
2 -4 3 1 0.137718 0.10833
-2 -4 3 1 -0.0211615 0.100326
-4 -2 3 1 -0.189777 0.113295
-4 2 3 1 -0.464765 0.151315
-2 4 3 1 -0.645582 0.190224
2 4 0.5 1 -0.715226 -0.076353
4 2 0.5 1 -0.410477 -0.125044
4 -2 0.5 1 0.0648358 -0.132684
2 -4 0.5 1 0.115984 -0.104244
-2 -4 0.5 1 -0.0374267 -0.0634117
-4 -2 0.5 1 -0.204771 -0.0425473
-4 2 0.5 1 -0.480939 -0.0262285
-2 4 0.5 1 -0.664907 -0.0301031
7 2 3 1 -0.273671 0.321401
7 -2 3 1 0.359662 0.173525
7 2 0.5 1 -0.326839 -0.242339
7 -2 0.5 1 0.31815 -0.217374
4 0 3.3 1 -0.110094 0.218915
7 0 3.3 1 0.106066 0.289991
