0 0 4.5 1 0.217999 0.261906
2 4 3 1 1.16257 0.223258
4 2 3 1 0.840985 0.101187
4 -2 3 1 0.392981 0.0134119
2 -4 3 1 0.132463 -0.0139551
-2 -4 3 1 -0.205032 -0.0183038
-4 -2 3 1 -0.399474 0.0167799
-4 2 3 1 -0.241154 0.207595
-2 4 3 1 0.702995 0.380276
2 4 0.5 1 1.29342 -0.334633
4 2 0.5 1 0.906609 -0.247112
4 -2 0.5 1 0.423159 -0.222507
2 -4 0.5 1 0.153146 -0.23479
-2 -4 0.5 1 -0.191706 -0.285696
-4 -2 0.5 1 -0.390181 -0.358929
-4 2 0.5 1 -0.20517 -0.565984
-2 4 0.5 1 0.879338 -0.617505
7 2 3 1 0.99944 0.0856056
7 -2 3 1 0.560153 0.0127014
7 2 0.5 1 1.05976 -0.203188
7 -2 0.5 1 0.591141 -0.194332
4 0 3.3 1 0.569294 0.0813423
7 0 3.3 1 0.738827 0.071116
