0 0 4.5 1 0.251476 0.475048
2 4 3 1 -0.144638 0.304756
4 2 3 1 -0.0951664 0.356339
4 -2 3 1 0.402522 0.445301
2 -4 3 1 0.721886 0.4379
-2 -4 3 1 0.666154 0.360165
-4 -2 3 1 0.475284 0.316679
-4 2 3 1 0.190575 0.283146
-2 4 3 1 0.0173923 0.278332
2 4 0.5 1 -0.126664 0.0835537
4 2 0.5 1 -0.0739761 0.0669332
4 -2 0.5 1 0.402043 0.0733338
2 -4 0.5 1 0.705638 0.103126
-2 -4 0.5 1 0.656787 0.130327
-4 -2 0.5 1 0.473018 0.132042
-4 2 0.5 1 0.195552 0.121406
-2 4 0.5 1 0.0270843 0.108391
7 2 3 1 -0.372085 0.427272
7 -2 3 1 0.311965 0.605379
7 2 0.5 1 -0.325427 0.0161142
7 -2 0.5 1 0.319063 0.00469509
4 0 3.3 1 0.121069 0.436596
7 0 3.3 1 -0.0989794 0.563252
