0 0 4.5 1 0.42787 0.384569
2 4 3 1 -0.0273003 0.242825
4 2 3 1 -0.0343346 0.290369
4 -2 3 1 0.472384 0.340723
2 -4 3 1 0.985084 0.294459
-2 -4 3 1 0.9832 0.200081
-4 -2 3 1 0.732886 0.175929
-4 2 3 1 0.382642 0.179123
-2 4 3 1 0.180401 0.196832
2 4 0.5 1 -0.0455825 0.0170634
4 2 0.5 1 -0.0584966 -0.0121034
4 -2 0.5 1 0.413399 -0.111764
2 -4 0.5 1 0.903439 -0.152449
-2 -4 0.5 1 0.928829 -0.0950087
-4 -2 0.5 1 0.697615 -0.0456942
-4 2 0.5 1 0.360646 0.000801011
-2 4 0.5 1 0.162029 0.0176292
7 2 3 1 -0.394179 0.386374
7 -2 3 1 0.1399 0.551052
7 2 0.5 1 -0.411842 -0.0229821
7 -2 0.5 1 0.0693587 -0.19174
4 0 3.3 1 0.171952 0.355781
7 0 3.3 1 -0.202446 0.511504
