0 0 4.5 1 0.0688261 0.359095
2 4 3 1 0.441029 0.237417
4 2 3 1 0.259317 0.195335
4 -2 3 1 -0.0145998 0.161721
2 -4 3 1 -0.191624 0.157227
-2 -4 3 1 -0.357761 0.192267
-4 -2 3 1 -0.265531 0.259778
-4 2 3 1 0.310064 0.348083
-2 4 3 1 0.551554 0.319949
2 4 0.5 1 0.456768 0.0259592
4 2 0.5 1 0.273997 0.0195696
4 -2 0.5 1 0.0014674 -0.00365929
2 -4 0.5 1 -0.17217 -0.0264734
-2 -4 0.5 1 -0.328411 -0.0654474
-4 -2 0.5 1 -0.228205 -0.0826987
-4 2 0.5 1 0.341446 -0.0421433
-2 4 0.5 1 0.573264 0.0040636
7 2 3 1 0.252235 0.174019
7 -2 3 1 0.0232879 0.146915
7 2 0.5 1 0.26447 0.0282864
7 -2 0.5 1 0.0364966 0.00839566
4 0 3.3 1 0.116399 0.19867
7 0 3.3 1 0.133371 0.177309
