0 0 4.5 1 0.0907274 0.0585312
2 4 3 1 -0.259794 -0.0527183
4 2 3 1 -0.151572 -0.0136702
4 -2 3 1 0.286775 0.0161623
2 -4 3 1 0.467215 -0.00738407
-2 -4 3 1 0.390134 -0.0549942
-4 -2 3 1 0.238655 -0.076984
-4 2 3 1 3.59363e-05 -0.0896834
-2 4 3 1 -0.149276 -0.0849117
2 4 0.5 1 -0.262604 -0.273596
4 2 0.5 1 -0.149494 -0.288637
4 -2 0.5 1 0.313571 -0.279593
2 -4 0.5 1 0.498143 -0.256376
-2 -4 0.5 1 0.409751 -0.235452
-4 -2 0.5 1 0.251106 -0.232462
-4 2 0.5 1 0.00535885 -0.239219
-2 4 0.5 1 -0.147973 -0.250129
7 2 3 1 -0.301406 0.061453
7 -2 3 1 0.33775 0.114836
7 2 0.5 1 -0.30981 -0.339799
7 -2 0.5 1 0.383431 -0.332303
4 0 3.3 1 0.0579111 0.032945
7 0 3.3 1 -0.00104288 0.133208
