0 0 4.5 1 -0.343483 0.497777
2 4 3 1 -0.877129 0.447499
4 2 3 1 -0.431013 0.4425
4 -2 3 1 0.0800086 0.351635
2 -4 3 1 0.0885358 0.309337
-2 -4 3 1 -0.108685 0.289503
-4 -2 3 1 -0.302782 0.294711
-4 2 3 1 -0.629997 0.326767
-2 4 3 1 -0.856691 0.370313
2 4 0.5 1 -0.828624 0.0365533
4 2 0.5 1 -0.413531 0.0126282
4 -2 0.5 1 0.0652471 0.0493981
2 -4 0.5 1 0.0770013 0.0819385
-2 -4 0.5 1 -0.111496 0.110713
-4 -2 0.5 1 -0.299469 0.119276
-4 2 0.5 1 -0.613729 0.114834
-2 4 0.5 1 -0.824722 0.0948083
7 2 3 1 -0.17383 0.592081
7 -2 3 1 0.427689 0.403338
7 2 0.5 1 -0.176555 -0.108353
7 -2 0.5 1 0.382409 -0.0113683
4 0 3.3 1 -0.12957 0.434775
7 0 3.3 1 0.211422 0.54223
