0 0 4.5 1 -0.250892 0.414276
2 4 3 1 -0.196651 0.676054
4 2 3 1 0.472533 0.299361
4 -2 3 1 0.313155 0.0968745
2 -4 3 1 0.0777082 0.0695645
-2 -4 3 1 -0.293284 0.0930061
-4 -2 3 1 -0.596163 0.148362
-4 2 3 1 -1.16806 0.339571
-2 4 3 1 -1.51863 0.627962
2 4 0.5 1 -0.328742 -0.479383
4 2 0.5 1 0.440115 -0.359979
4 -2 0.5 1 0.292889 -0.226936
2 -4 0.5 1 0.0568723 -0.179881
-2 -4 0.5 1 -0.32063 -0.140688
-4 -2 0.5 1 -0.636102 -0.127216
-4 2 0.5 1 -1.26524 -0.146415
-2 4 0.5 1 -1.72847 -0.251909
7 2 3 1 1.40822 0.276428
7 -2 3 1 0.736507 0.0729034
7 2 0.5 1 1.43588 -0.484679
7 -2 0.5 1 0.728013 -0.273644
4 0 3.3 1 0.36896 0.214005
7 0 3.3 1 0.949595 0.191902
