0 0 4.5 1 0.394999 0.189031
2 4 3 1 -0.0252434 -0.0667022
4 2 3 1 -0.174544 -0.0344491
4 -2 3 1 0.041823 0.112419
2 -4 3 1 0.912711 0.251613
-2 -4 3 1 1.41692 0.142404
-4 -2 3 1 1.05835 0.0321528
-4 2 3 1 0.560943 -0.0461133
-2 4 3 1 0.290549 -0.0678567
2 4 0.5 1 -0.0154552 -0.319103
4 2 0.5 1 -0.170462 -0.374228
4 -2 0.5 1 0.0764677 -0.547154
2 -4 0.5 1 1.11123 -0.650976
-2 -4 0.5 1 1.59668 -0.438176
-4 -2 0.5 1 1.14506 -0.3325
-4 2 0.5 1 0.595656 -0.286051
-2 4 0.5 1 0.311432 -0.286476
7 2 3 1 -0.626115 -0.0272875
7 -2 3 1 -0.880784 0.18527
7 2 0.5 1 -0.654182 -0.429901
7 -2 0.5 1 -0.994924 -0.762372
4 0 3.3 1 -0.100836 0.0657414
7 0 3.3 1 -0.699828 0.0992905
