0 0 4.5 1 0.431908 0.202604
2 4 3 1 -0.0218637 0.0545047
4 2 3 1 -0.0706104 0.101448
4 -2 3 1 0.380065 0.163997
2 -4 3 1 1.0152 0.125038
-2 -4 3 1 1.107 0.0156562
-4 -2 3 1 0.826635 -0.0119803
-4 2 3 1 0.437156 -0.00837573
-2 4 3 1 0.216381 0.00963554
2 4 0.5 1 -0.0439284 -0.175686
4 2 0.5 1 -0.101521 -0.208804
4 -2 0.5 1 0.345267 -0.34807
2 -4 0.5 1 1.00266 -0.429365
-2 -4 0.5 1 1.10125 -0.344594
-4 -2 0.5 1 0.817479 -0.268595
-4 2 0.5 1 0.424942 -0.201913
-2 4 0.5 1 0.201567 -0.178473
7 2 3 1 -0.464722 0.186689
7 -2 3 1 -0.146802 0.371617
7 2 0.5 1 -0.516189 -0.214233
7 -2 0.5 1 -0.23432 -0.445616
4 0 3.3 1 0.104387 0.170172
7 0 3.3 1 -0.351457 0.310082
