0 0 4.5 1 0.23977 0.652774
2 4 3 1 -0.0973675 0.269844
4 2 3 1 -0.35831 0.291047
4 -2 3 1 -0.624465 0.468944
2 -4 3 1 -0.0178135 0.87754
-2 -4 3 1 1.75357 0.870473
-4 -2 3 1 1.28622 0.53836
-4 2 3 1 0.625289 0.345365
-2 4 3 1 0.298089 0.293139
2 4 0.5 1 -0.0760499 0.0149211
4 2 0.5 1 -0.319839 -0.0353146
4 -2 0.5 1 -0.524426 -0.20004
2 -4 0.5 1 0.0685837 -0.399912
-2 -4 0.5 1 1.59308 -0.201069
-4 -2 0.5 1 1.23252 -0.0191321
-4 2 0.5 1 0.621709 0.0479562
-2 4 0.5 1 0.30573 0.0475509
7 2 3 1 -0.785332 0.267465
7 -2 3 1 -1.58975 0.433875
7 2 0.5 1 -0.726105 -0.071245
7 -2 0.5 1 -1.39058 -0.289226
4 0 3.3 1 -0.451451 0.404742
7 0 3.3 1 -1.04888 0.378835
