0 0 4.5 1 -0.305911 0.456426
2 4 3 1 -0.0546798 0.239049
4 2 3 1 -0.27152 0.220688
4 -2 3 1 -0.631677 0.219687
2 -4 3 1 -0.895646 0.248553
-2 -4 3 1 -0.931591 0.367614
-4 -2 3 1 -0.329454 0.43116
-4 2 3 1 0.242372 0.354325
-2 4 3 1 0.196553 0.292253
2 4 0.5 1 -0.0390817 0.0423301
4 2 0.5 1 -0.250767 0.0283552
4 -2 0.5 1 -0.594802 -0.0180267
2 -4 0.5 1 -0.834638 -0.074228
-2 -4 0.5 1 -0.829748 -0.166332
-4 -2 0.5 1 -0.265476 -0.138067
-4 2 0.5 1 0.256863 -0.00928805
-2 4 0.5 1 0.208505 0.0331154
7 2 3 1 -0.357639 0.198293
7 -2 3 1 -0.669812 0.193003
7 2 0.5 1 -0.338099 0.0348313
7 -2 0.5 1 -0.63846 -0.00211333
4 0 3.3 1 -0.435435 0.24658
7 0 3.3 1 -0.502592 0.217809
