0 0 4.5 1 -0.153385 0.582673
2 4 3 1 0.375193 0.813442
4 2 3 1 0.734898 0.384581
4 -2 3 1 0.386774 0.213767
2 -4 3 1 0.11522 0.198584
-2 -4 3 1 -0.280573 0.233904
-4 -2 3 1 -0.600766 0.300084
-4 2 3 1 -1.21956 0.537427
-2 4 3 1 -1.53242 0.927085
2 4 0.5 1 0.234632 -0.440895
4 2 0.5 1 0.649332 -0.254496
4 -2 0.5 1 0.350038 -0.102059
2 -4 0.5 1 0.089792 -0.0513807
-2 -4 0.5 1 -0.300282 -0.0119355
-4 -2 0.5 1 -0.619752 -0.00289151
-4 2 0.5 1 -1.23664 -0.0510962
-2 4 0.5 1 -1.54648 -0.229539
7 2 3 1 1.5705 0.319233
7 -2 3 1 0.782041 0.179218
7 2 0.5 1 1.45214 -0.341078
7 -2 0.5 1 0.737775 -0.141707
4 0 3.3 1 0.507623 0.322
7 0 3.3 1 1.04606 0.277892
