0 0 4.5 1 -0.460047 0.455173
2 4 3 1 -1.06737 0.399294
4 2 3 1 -0.428102 0.429575
4 -2 3 1 0.0599379 0.338762
2 -4 3 1 0.018036 0.282649
-2 -4 3 1 -0.21943 0.236003
-4 -2 3 1 -0.440623 0.221606
-4 2 3 1 -0.831632 0.229701
-2 4 3 1 -1.1195 0.270897
2 4 0.5 1 -0.957598 -0.133399
4 2 0.5 1 -0.36443 -0.0791873
4 -2 0.5 1 0.0803743 0.022934
2 -4 0.5 1 0.0345197 0.0489104
-2 -4 0.5 1 -0.200295 0.0473935
-4 -2 0.5 1 -0.415668 0.0298067
-4 2 0.5 1 -0.786724 -0.0194422
-2 4 0.5 1 -1.04502 -0.0737321
7 2 3 1 0.0883638 0.685387
7 -2 3 1 0.468658 0.434424
7 2 0.5 1 0.137269 -0.150166
7 -2 0.5 1 0.473965 0.0174808
4 0 3.3 1 -0.12977 0.422746
7 0 3.3 1 0.341918 0.589055
