0 0 4.5 1 0.217151 0.711217
2 4 3 1 -0.103411 0.312792
4 2 3 1 -0.377778 0.33898
4 -2 3 1 -0.711809 0.526154
2 -4 3 1 -0.241274 0.963869
-2 -4 3 1 1.78411 0.970919
-4 -2 3 1 1.32381 0.586039
-4 2 3 1 0.63885 0.381041
-2 4 3 1 0.303037 0.33055
2 4 0.5 1 -0.0861355 0.0545744
4 2 0.5 1 -0.341363 0.0114543
4 -2 0.5 1 -0.604531 -0.141991
2 -4 0.5 1 -0.134572 -0.356568
-2 -4 0.5 1 1.52585 -0.215704
-4 -2 0.5 1 1.22843 -0.0144094
-4 2 0.5 1 0.622215 0.0706042
-2 4 0.5 1 0.303187 0.077813
7 2 3 1 -0.794352 0.321744
7 -2 3 1 -1.62764 0.499211
7 2 0.5 1 -0.734374 -0.0126709
7 -2 0.5 1 -1.41402 -0.198335
4 0 3.3 1 -0.493 0.456727
7 0 3.3 1 -1.0715 0.437064
