0 0 4.5 1 0.261341 0.160563
2 4 3 1 1.07015 0.044732
4 2 3 1 0.773179 -0.0349484
4 -2 3 1 0.358152 -0.0825521
2 -4 3 1 0.112653 -0.0891269
-2 -4 3 1 -0.194004 -0.0655959
-4 -2 3 1 -0.333203 -0.012486
-4 2 3 1 0.0134912 0.15235
-2 4 3 1 0.848325 0.205228
2 4 0.5 1 1.17707 -0.423909
4 2 0.5 1 0.824596 -0.346438
4 -2 0.5 1 0.376408 -0.307346
2 -4 0.5 1 0.119698 -0.306008
-2 -4 0.5 1 -0.201679 -0.33605
-4 -2 0.5 1 -0.354823 -0.393965
-4 2 0.5 1 0.023262 -0.571847
-2 4 0.5 1 1.00371 -0.616005
7 2 3 1 0.879022 -0.0610438
7 -2 3 1 0.493137 -0.0962323
7 2 0.5 1 0.926587 -0.317748
7 -2 0.5 1 0.514114 -0.291034
4 0 3.3 1 0.529422 -0.0329009
7 0 3.3 1 0.656531 -0.0556722
