0 0 4.5 1 0.141732 0.19223
2 4 3 1 -0.207488 0.0509956
4 2 3 1 -0.123877 0.0982838
4 -2 3 1 0.322191 0.166426
2 -4 3 1 0.540244 0.156707
-2 -4 3 1 0.475651 0.0977178
-4 -2 3 1 0.318483 0.0623557
-4 2 3 1 0.0728628 0.0319805
-2 4 3 1 -0.0804913 0.0265569
2 4 0.5 1 -0.1913 -0.161005
4 2 0.5 1 -0.101512 -0.170342
4 -2 0.5 1 0.358707 -0.139942
2 -4 0.5 1 0.576148 -0.106467
-2 -4 0.5 1 0.50017 -0.0899111
-4 -2 0.5 1 0.337129 -0.0957751
-4 2 0.5 1 0.0873573 -0.115458
-2 4 0.5 1 -0.0666918 -0.133524
7 2 3 1 -0.316554 0.163218
7 -2 3 1 0.326316 0.282182
7 2 0.5 1 -0.290003 -0.225116
7 -2 0.5 1 0.38331 -0.190302
4 0 3.3 1 0.0809061 0.163578
7 0 3.3 1 -0.0314925 0.266083
