0 0 4.5 1 -0.107804 0.269435
2 4 3 1 0.13811 0.0753714
4 2 3 1 -0.0415139 0.0858803
4 -2 3 1 -0.321365 0.121165
2 -4 3 1 -0.507961 0.159512
-2 -4 3 1 -0.603169 0.224058
-4 -2 3 1 -0.319174 0.229607
-4 2 3 1 0.250487 0.139468
-2 4 3 1 0.316104 0.09126
2 4 0.5 1 0.119804 -0.106669
4 2 0.5 1 -0.0581949 -0.080528
4 -2 0.5 1 -0.339459 -0.0602533
2 -4 0.5 1 -0.530055 -0.0627636
-2 -4 0.5 1 -0.636579 -0.112678
-4 -2 0.5 1 -0.359816 -0.177947
-4 2 0.5 1 0.216343 -0.199418
-2 4 0.5 1 0.290656 -0.161007
7 2 3 1 -0.0866548 0.0775961
7 -2 3 1 -0.321667 0.106184
7 2 0.5 1 -0.100651 -0.0621421
7 -2 0.5 1 -0.336645 -0.0439872
4 0 3.3 1 -0.17332 0.123599
7 0 3.3 1 -0.198197 0.108753
