0 0 4.5 1 -0.172278 0.457349
2 4 3 1 0.0776299 0.244941
4 2 3 1 -0.116235 0.251073
4 -2 3 1 -0.424133 0.281912
2 -4 3 1 -0.636334 0.321207
-2 -4 3 1 -0.723208 0.397131
-4 -2 3 1 -0.341577 0.406879
-4 2 3 1 0.257955 0.313744
-2 4 3 1 0.284774 0.265432
2 4 0.5 1 0.0642183 0.056415
4 2 0.5 1 -0.123553 0.0741553
4 -2 0.5 1 -0.422962 0.0799272
2 -4 0.5 1 -0.62661 0.0648758
-2 -4 0.5 1 -0.703022 -0.00240081
-4 -2 0.5 1 -0.344673 -0.057271
-4 2 0.5 1 0.223729 -0.0363248
-2 4 0.5 1 0.258513 0.00945157
7 2 3 1 -0.174851 0.241255
7 -2 3 1 -0.434978 0.265494
7 2 0.5 1 -0.179691 0.0920142
7 -2 0.5 1 -0.433733 0.0988037
4 0 3.3 1 -0.259618 0.288869
7 0 3.3 1 -0.297537 0.272135
