0 0 4.5 1 0.293869 0.277238
2 4 3 1 0.876731 0.0762513
4 2 3 1 0.620799 0.0469922
4 -2 3 1 0.267382 0.0521993
2 -4 3 1 0.0550441 0.0750994
-2 -4 3 1 -0.188129 0.136446
-4 -2 3 1 -0.230208 0.204072
-4 2 3 1 0.314397 0.279781
-2 4 3 1 0.896166 0.206067
2 4 0.5 1 0.856624 -0.248181
4 2 0.5 1 0.603585 -0.190308
4 -2 0.5 1 0.250798 -0.137866
2 -4 0.5 1 0.036466 -0.118068
-2 -4 0.5 1 -0.215036 -0.116038
-4 -2 0.5 1 -0.26861 -0.149425
-4 2 0.5 1 0.266059 -0.28154
-2 4 0.5 1 0.863208 -0.329841
7 2 3 1 0.660899 0.0165258
7 -2 3 1 0.352933 0.0260876
7 2 0.5 1 0.647091 -0.178548
7 -2 0.5 1 0.339391 -0.135895
4 0 3.3 1 0.426772 0.0749629
7 0 3.3 1 0.494418 0.0428116
