0 0 4.5 1 0.432264 0.208185
2 4 3 1 -0.0216624 0.0611769
4 2 3 1 -0.0686787 0.108135
4 -2 3 1 0.384621 0.16945
2 -4 3 1 1.01468 0.129268
-2 -4 3 1 1.10182 0.020573
-4 -2 3 1 0.82276 -0.00645173
-4 2 3 1 0.435083 -0.00229633
-2 4 3 1 0.215193 0.0159955
2 4 0.5 1 -0.0439062 -0.168523
4 2 0.5 1 -0.0996847 -0.201405
4 -2 0.5 1 0.348391 -0.339521
2 -4 0.5 1 0.998069 -0.419599
-2 -4 0.5 1 1.0931 -0.336289
-4 -2 0.5 1 0.811983 -0.261221
-4 2 0.5 1 0.422144 -0.194945
-2 4 0.5 1 0.199939 -0.171496
7 2 3 1 -0.461333 0.194211
7 -2 3 1 -0.134233 0.377757
7 2 0.5 1 -0.511912 -0.206507
7 -2 0.5 1 -0.220656 -0.435633
4 0 3.3 1 0.107684 0.176391
7 0 3.3 1 -0.344914 0.317374
