0 0 4.5 1 0.0557589 0.301982
2 4 3 1 0.415778 0.183404
4 2 3 1 0.238101 0.143217
4 -2 3 1 -0.0315119 0.110587
2 -4 3 1 -0.206272 0.106113
-2 -4 3 1 -0.365792 0.140601
-4 -2 3 1 -0.264033 0.206435
-4 2 3 1 0.302829 0.288806
-2 4 3 1 0.527363 0.261273
2 4 0.5 1 0.436111 -0.0221672
4 2 0.5 1 0.255251 -0.0291449
4 -2 0.5 1 -0.0150422 -0.0534738
2 -4 0.5 1 -0.187754 -0.0773211
-2 -4 0.5 1 -0.339577 -0.117759
-4 -2 0.5 1 -0.229563 -0.134478
-4 2 0.5 1 0.340425 -0.090016
-2 4 0.5 1 0.557369 -0.0432809
7 2 3 1 0.228933 0.122596
7 -2 3 1 0.00360572 0.0961114
7 2 0.5 1 0.243178 -0.0205168
7 -2 0.5 1 0.0173783 -0.0412316
4 0 3.3 1 0.0979561 0.146686
7 0 3.3 1 0.112274 0.12591
