0 0 4.5 1 -0.441872 0.276911
2 4 3 1 -1.02872 0.298991
4 2 3 1 -0.24533 0.294539
4 -2 3 1 0.117426 0.15641
2 -4 3 1 0.0204149 0.0907301
-2 -4 3 1 -0.255229 0.0391378
-4 -2 3 1 -0.500305 0.0248344
-4 2 3 1 -0.944582 0.0436374
-2 4 3 1 -1.27139 0.112043
2 4 0.5 1 -1.01776 -0.390198
4 2 0.5 1 -0.201805 -0.276486
4 -2 0.5 1 0.150236 -0.161959
2 -4 0.5 1 0.0429162 -0.145651
-2 -4 0.5 1 -0.240486 -0.160073
-4 -2 0.5 1 -0.488559 -0.187041
-4 2 0.5 1 -0.937989 -0.256641
-2 4 0.5 1 -1.27261 -0.334252
7 2 3 1 0.50577 0.564045
7 -2 3 1 0.54771 0.24806
7 2 0.5 1 0.623885 -0.298745
7 -2 0.5 1 0.601376 -0.144245
4 0 3.3 1 -0.0175649 0.253521
7 0 3.3 1 0.526037 0.409438
