0 0 4.5 1 0.285155 0.459861
2 4 3 1 0.790046 0.257642
4 2 3 1 0.550545 0.229452
4 -2 3 1 0.218263 0.232164
2 -4 3 1 0.0158084 0.254008
-2 -4 3 1 -0.205305 0.317166
-4 -2 3 1 -0.203722 0.387507
-4 2 3 1 0.404696 0.450942
-2 4 3 1 0.874513 0.3736
2 4 0.5 1 0.741505 -0.0257125
4 2 0.5 1 0.519559 0.0129744
4 -2 0.5 1 0.199361 0.0490419
2 -4 0.5 1 0.000704831 0.0621474
-2 -4 0.5 1 -0.218695 0.0589846
-4 -2 0.5 1 -0.222272 0.0281704
-4 2 0.5 1 0.341643 -0.0642803
-2 4 0.5 1 0.7928 -0.0830731
7 2 3 1 0.569219 0.201095
7 -2 3 1 0.286177 0.207163
7 2 0.5 1 0.543278 0.023274
7 -2 0.5 1 0.268899 0.0524841
4 0 3.3 1 0.373142 0.255386
7 0 3.3 1 0.420186 0.224652
