0 0 4.5 1 0.183529 0.340025
2 4 3 1 -0.180576 0.180619
4 2 3 1 -0.114075 0.230936
4 -2 3 1 0.351558 0.316703
2 -4 3 1 0.610899 0.31267
-2 -4 3 1 0.551893 0.244858
-4 -2 3 1 0.38265 0.20292
-4 2 3 1 0.122836 0.166326
-2 4 3 1 -0.0379492 0.158132
2 4 0.5 1 -0.158246 -0.0318378
4 2 0.5 1 -0.0862161 -0.0426891
4 -2 0.5 1 0.378038 -0.0137329
2 -4 0.5 1 0.630694 0.0228318
-2 -4 0.5 1 0.56635 0.0418644
-4 -2 0.5 1 0.395886 0.0356521
-4 2 0.5 1 0.136642 0.0149655
-2 4 0.5 1 -0.021994 -0.00360468
7 2 3 1 -0.345691 0.294102
7 -2 3 1 0.315058 0.450277
7 2 0.5 1 -0.301682 -0.0984313
7 -2 0.5 1 0.357424 -0.0707739
4 0 3.3 1 0.0936458 0.306298
7 0 3.3 1 -0.0670161 0.416242
