0 0 4.5 1 -0.172662 0.299346
2 4 3 1 -0.130848 -0.00819719
4 2 3 1 -0.398482 0.0201175
4 -2 3 1 -0.852374 0.135147
2 -4 3 1 -1.14981 0.31797
-2 -4 3 1 -0.457227 0.571391
-4 -2 3 1 0.434589 0.326024
-4 2 3 1 0.44842 0.0596576
-2 4 3 1 0.223773 0.00134055
2 4 0.5 1 -0.14745 -0.234663
4 2 0.5 1 -0.42827 -0.226984
4 -2 0.5 1 -0.929654 -0.243368
2 -4 0.5 1 -1.31558 -0.30515
-2 -4 0.5 1 -0.612215 -0.498793
-4 -2 0.5 1 0.455136 -0.440397
-4 2 0.5 1 0.45874 -0.309091
-2 4 0.5 1 0.220701 -0.265444
7 2 3 1 -0.591076 0.0111257
7 -2 3 1 -1.06038 0.104296
7 2 0.5 1 -0.62495 -0.208778
7 -2 0.5 1 -1.13675 -0.213902
4 0 3.3 1 -0.572864 0.0995037
7 0 3.3 1 -0.777355 0.0789072
