0 0 4.5 1 0.194447 0.754
2 4 3 1 -0.10586 0.344056
4 2 3 1 -0.391206 0.376447
4 -2 3 1 -0.784526 0.573968
2 -4 3 1 -0.467665 1.03346
-2 -4 3 1 1.77763 1.0583
-4 -2 3 1 1.35238 0.617318
-4 2 3 1 0.651666 0.401973
-2 4 3 1 0.309289 0.354553
2 4 0.5 1 -0.0938963 0.0834716
4 2 0.5 1 -0.359349 0.0489854
4 -2 0.5 1 -0.676705 -0.0888991
2 -4 0.5 1 -0.334182 -0.310571
-2 -4 0.5 1 1.43579 -0.242371
-4 -2 0.5 1 1.21805 -0.0249141
-4 2 0.5 1 0.622316 0.0795885
-2 4 0.5 1 0.301621 0.095589
7 2 3 1 -0.794063 0.366586
7 -2 3 1 -1.63651 0.556684
7 2 0.5 1 -0.737899 0.0371843
7 -2 0.5 1 -1.42686 -0.114232
4 0 3.3 1 -0.525794 0.498246
7 0 3.3 1 -1.07864 0.48612
