0 0 4.5 1 0.434482 0.305903
2 4 3 1 -0.0210364 0.167108
4 2 3 1 -0.0438919 0.214189
4 -2 3 1 0.443511 0.264123
2 -4 3 1 1.00256 0.215207
-2 -4 3 1 1.03153 0.115888
-4 -2 3 1 0.770059 0.0932955
-4 2 3 1 0.405974 0.100208
-2 4 3 1 0.197445 0.119898
2 4 0.5 1 -0.0430048 -0.0582783
4 2 0.5 1 -0.0731192 -0.0886445
4 -2 0.5 1 0.390158 -0.206737
2 -4 0.5 1 0.938622 -0.265537
-2 -4 0.5 1 0.989124 -0.199454
-4 -2 0.5 1 0.740931 -0.138947
-4 2 0.5 1 0.385434 -0.0821351
-2 4 0.5 1 0.178401 -0.0610045
7 2 3 1 -0.416519 0.3086
7 -2 3 1 0.0374491 0.476547
7 2 0.5 1 -0.450034 -0.0939949
7 -2 0.5 1 -0.0379648 -0.289476
4 0 3.3 1 0.151026 0.278562
7 0 3.3 1 -0.255112 0.430857
