0 0 4.5 1 0.279897 0.167213
2 4 3 1 0.970282 -0.00436963
4 2 3 1 0.694397 -0.0528704
4 -2 3 1 0.310741 -0.0673185
2 -4 3 1 0.0818503 -0.0555498
-2 -4 3 1 -0.192712 -0.00847784
-4 -2 3 1 -0.282192 0.0552022
-4 2 3 1 0.180724 0.174537
-2 4 3 1 0.889638 0.144934
2 4 0.5 1 1.01194 -0.39731
4 2 0.5 1 0.710692 -0.327092
4 -2 0.5 1 0.30987 -0.275459
2 -4 0.5 1 0.073183 -0.261277
-2 -4 0.5 1 -0.215859 -0.270544
-4 -2 0.5 1 -0.320651 -0.313238
-4 2 0.5 1 0.163511 -0.468599
-2 4 0.5 1 0.952978 -0.522456
7 2 3 1 0.763712 -0.0835566
7 -2 3 1 0.419505 -0.0897929
7 2 0.5 1 0.779637 -0.309262
7 -2 0.5 1 0.421967 -0.268743
4 0 3.3 1 0.476429 -0.0338505
7 0 3.3 1 0.571373 -0.0639216
