0 0 4.5 1 -0.0879302 0.176992
2 4 3 1 0.16507 -0.00762779
4 2 3 1 -0.0110378 -0.00017278
4 -2 3 1 -0.283897 0.0303608
2 -4 3 1 -0.463855 0.0647752
-2 -4 3 1 -0.564528 0.125592
-4 -2 3 1 -0.314391 0.13801
-4 2 3 1 0.247208 0.0615044
-2 4 3 1 0.331693 0.0126891
2 4 0.5 1 0.150779 -0.191681
4 2 0.5 1 -0.0263688 -0.166286
4 -2 0.5 1 -0.304313 -0.146854
2 -4 0.5 1 -0.491753 -0.148948
-2 -4 0.5 1 -0.609165 -0.194087
-4 -2 0.5 1 -0.36114 -0.255502
-4 2 0.5 1 0.222795 -0.281145
-2 4 0.5 1 0.315222 -0.244879
7 2 3 1 -0.0508107 -0.00967177
7 -2 3 1 -0.279584 0.0151349
7 2 0.5 1 -0.0641079 -0.148889
7 -2 0.5 1 -0.296437 -0.131796
4 0 3.3 1 -0.140854 0.0348435
7 0 3.3 1 -0.160259 0.0193202
