0 0 4.5 1 0.212717 0.275083
2 4 3 1 1.16956 0.242856
4 2 3 1 0.845656 0.116818
4 -2 3 1 0.394652 0.0258387
2 -4 3 1 0.132882 -0.00302716
-2 -4 3 1 -0.207138 -0.00939514
-4 -2 3 1 -0.406289 0.0241601
-4 2 3 1 -0.267232 0.21572
-2 4 3 1 0.683266 0.399144
2 4 0.5 1 1.29822 -0.324046
4 2 0.5 1 0.910485 -0.23499
4 -2 0.5 1 0.425029 -0.210988
2 -4 0.5 1 0.15423 -0.224046
-2 -4 0.5 1 -0.192207 -0.276161
-4 -2 0.5 1 -0.394174 -0.350299
-4 2 0.5 1 -0.228335 -0.559853
-2 4 0.5 1 0.856037 -0.614529
7 2 3 1 1.00957 0.102251
7 -2 3 1 0.564883 0.0261955
7 2 0.5 1 1.06907 -0.189752
7 -2 0.5 1 0.595824 -0.181943
4 0 3.3 1 0.571477 0.0952261
7 0 3.3 1 0.745199 0.0861041
