0 0 4.5 1 0.0800332 0.399109
2 4 3 1 0.461543 0.27359
4 2 3 1 0.276257 0.230564
4 -2 3 1 -0.00150738 0.197014
2 -4 3 1 -0.180528 0.193055
-2 -4 3 1 -0.351596 0.229099
-4 -2 3 1 -0.265943 0.297705
-4 2 3 1 0.317096 0.388921
-2 4 3 1 0.571833 0.359537
2 4 0.5 1 0.473019 0.0570027
4 2 0.5 1 0.288416 0.0516687
4 -2 0.5 1 0.0135832 0.030072
2 -4 0.5 1 -0.16119 0.00847069
-2 -4 0.5 1 -0.321089 -0.0291538
-4 -2 0.5 1 -0.227768 -0.047209
-4 2 0.5 1 0.342665 -0.0112371
-2 4 0.5 1 0.586127 0.0339834
7 2 3 1 0.270619 0.208703
7 -2 3 1 0.0384169 0.181812
7 2 0.5 1 0.280775 0.0605296
7 -2 0.5 1 0.0506287 0.041934
4 0 3.3 1 0.131022 0.234275
7 0 3.3 1 0.149894 0.212375
