0 0 4.5 1 -0.444539 0.49513
2 4 3 1 -1.04103 0.434
4 2 3 1 -0.447558 0.457804
4 -2 3 1 0.0583303 0.370214
2 -4 3 1 0.0295947 0.317632
-2 -4 3 1 -0.198996 0.276704
-4 -2 3 1 -0.414516 0.266369
-4 2 3 1 -0.791438 0.279282
-2 4 3 1 -1.06586 0.320093
2 4 0.5 1 -0.932739 -0.0682595
4 2 0.5 1 -0.388282 -0.0354319
4 -2 0.5 1 0.0709999 0.0542525
2 -4 0.5 1 0.0401746 0.0831874
-2 -4 0.5 1 -0.183431 0.089062
-4 -2 0.5 1 -0.392122 0.0774402
-4 2 0.5 1 -0.748102 0.0386905
-2 4 0.5 1 -0.992672 -0.00714407
7 2 3 1 0.0014374 0.690896
7 -2 3 1 0.457743 0.457932
7 2 0.5 1 0.0396087 -0.123577
7 -2 0.5 1 0.447548 0.0353994
4 0 3.3 1 -0.140893 0.453758
7 0 3.3 1 0.304675 0.610085
