0 0 4.5 1 0.0210536 0.135924
2 4 3 1 0.347453 0.00964544
4 2 3 1 0.175473 -0.0200565
4 -2 3 1 -0.0888255 -0.0411324
2 -4 3 1 -0.260829 -0.0394557
-2 -4 3 1 -0.401262 -0.000463607
-4 -2 3 1 -0.264325 0.0574614
-4 2 3 1 0.289869 0.105621
-2 4 3 1 0.469064 0.0725993
2 4 0.5 1 0.371325 -0.187244
4 2 0.5 1 0.19192 -0.189351
4 -2 0.5 1 -0.0786921 -0.208078
2 -4 0.5 1 -0.253743 -0.230106
-2 -4 0.5 1 -0.396348 -0.272771
-4 -2 0.5 1 -0.251251 -0.29414
-4 2 0.5 1 0.331457 -0.25656
-2 4 0.5 1 0.508768 -0.212614
7 2 3 1 0.158586 -0.0386089
7 -2 3 1 -0.0623726 -0.0559933
7 2 0.5 1 0.171934 -0.179725
7 -2 0.5 1 -0.0534197 -0.195473
4 0 3.3 1 0.0406862 -0.0110153
7 0 3.3 1 0.0460396 -0.0308798
