0 0 4.5 1 0.245524 0.636345
2 4 3 1 -0.0952892 0.257684
4 2 3 1 -0.352596 0.277896
4 -2 3 1 -0.600892 0.453795
2 -4 3 1 0.0357674 0.854392
-2 -4 3 1 1.74244 0.844013
-4 -2 3 1 1.27626 0.52421
-4 2 3 1 0.622055 0.334448
-2 4 3 1 0.297194 0.282029
2 4 0.5 1 -0.073182 0.00361791
4 2 0.5 1 -0.313989 -0.0481275
4 -2 0.5 1 -0.503392 -0.215017
2 -4 0.5 1 0.119258 -0.410344
-2 -4 0.5 1 1.60677 -0.199653
-4 -2 0.5 1 1.23286 -0.0227124
-4 2 0.5 1 0.621659 0.04032
-2 4 0.5 1 0.30659 0.0382602
7 2 3 1 -0.781787 0.252994
7 -2 3 1 -1.57611 0.417213
7 2 0.5 1 -0.723443 -0.0868335
7 -2 0.5 1 -1.38329 -0.312473
4 0 3.3 1 -0.439917 0.390657
7 0 3.3 1 -1.04107 0.363546
