0 0 4.5 1 -0.178865 0.467799
2 4 3 1 0.0719792 0.254293
4 2 3 1 -0.123158 0.259565
4 -2 3 1 -0.433633 0.289333
2 -4 3 1 -0.648231 0.328308
-2 -4 3 1 -0.734375 0.405393
-4 -2 3 1 -0.343983 0.416633
-4 2 3 1 0.257622 0.324399
-2 4 3 1 0.281444 0.275853
2 4 0.5 1 0.0595976 0.0649667
4 2 0.5 1 -0.129216 0.0815786
4 -2 0.5 1 -0.430434 0.0854561
2 -4 0.5 1 -0.635352 0.0688904
-2 -4 0.5 1 -0.709025 0.000131063
-4 -2 0.5 1 -0.343349 -0.0527197
-4 2 0.5 1 0.224528 -0.0271262
-2 4 0.5 1 0.256108 0.0191276
7 2 3 1 -0.182896 0.249394
7 -2 3 1 -0.44537 0.272667
7 2 0.5 1 -0.186575 0.0992051
7 -2 0.5 1 -0.442408 0.104454
4 0 3.3 1 -0.267665 0.297056
7 0 3.3 1 -0.306671 0.279978
