0 0 4.5 1 -0.075636 0.129028
2 4 3 1 0.184693 -0.049377
4 2 3 1 0.00976045 -0.045348
4 -2 3 1 -0.260674 -0.0197719
2 -4 3 1 -0.43815 0.0112009
-2 -4 3 1 -0.543048 0.0697825
-4 -2 3 1 -0.310782 0.0882864
-4 2 3 1 0.248413 0.0241926
-2 4 3 1 0.344979 -0.0245624
2 4 0.5 1 0.174776 -0.236044
4 2 0.5 1 -0.00286827 -0.212593
4 -2 0.5 1 -0.280137 -0.196006
2 -4 0.5 1 -0.46632 -0.199454
-2 -4 0.5 1 -0.589443 -0.242958
-4 -2 0.5 1 -0.356801 -0.30005
-4 2 0.5 1 0.232647 -0.323
-2 4 0.5 1 0.336378 -0.287189
7 2 3 1 -0.0269096 -0.0560332
7 -2 3 1 -0.253491 -0.0352629
7 2 0.5 1 -0.0381245 -0.196065
7 -2 0.5 1 -0.269479 -0.181542
4 0 3.3 1 -0.119919 -0.0128079
7 0 3.3 1 -0.136038 -0.0290583
