0 0 4.5 1 0.24264 0.644634
2 4 3 1 -0.0963556 0.263825
4 2 3 1 -0.355492 0.284518
4 -2 3 1 -0.61275 0.461397
2 -4 3 1 0.00912616 0.866021
-2 -4 3 1 1.74813 0.857296
-4 -2 3 1 1.28125 0.531387
-4 2 3 1 0.623659 0.339997
-2 4 3 1 0.297622 0.287663
2 4 0.5 1 -0.0746318 0.00933107
4 2 0.5 1 -0.316935 -0.0416734
4 -2 0.5 1 -0.513953 -0.207512
2 -4 0.5 1 0.0939431 -0.405146
-2 -4 0.5 1 1.60007 -0.200243
-4 -2 0.5 1 1.23272 -0.0208038
-4 2 0.5 1 0.621678 0.0442315
-2 4 0.5 1 0.306148 0.0429851
7 2 3 1 -0.783618 0.26026
7 -2 3 1 -1.58313 0.425539
7 2 0.5 1 -0.724799 -0.0790025
7 -2 0.5 1 -1.387 -0.300836
4 0 3.3 1 -0.445734 0.397741
7 0 3.3 1 -1.04507 0.37121
