0 0 4.5 1 -0.287802 0.352191
2 4 3 1 -0.386023 0.606136
4 2 3 1 0.361816 0.273472
4 -2 3 1 0.283454 0.0614507
2 -4 3 1 0.0642722 0.0263058
-2 -4 3 1 -0.296704 0.0398294
-4 -2 3 1 -0.593222 0.0867386
-4 2 3 1 -1.14709 0.253708
-2 4 3 1 -1.49874 0.504182
2 4 0.5 1 -0.537297 -0.490852
4 2 0.5 1 0.346301 -0.388763
4 -2 0.5 1 0.272397 -0.266644
2 -4 0.5 1 0.0482089 -0.224458
-2 -4 0.5 1 -0.323152 -0.191078
-4 -2 0.5 1 -0.635253 -0.181076
-4 2 0.5 1 -1.25648 -0.201425
-2 4 0.5 1 -1.73896 -0.291777
7 2 3 1 1.31459 0.285952
7 -2 3 1 0.715812 0.0489792
7 2 0.5 1 1.40577 -0.512597
7 -2 0.5 1 0.7254 -0.309351
4 0 3.3 1 0.31119 0.181687
7 0 3.3 1 0.901752 0.178783
