0 0 4.5 1 0.36712 0.273229
2 4 3 1 -0.0348895 -0.0130106
4 2 3 1 -0.210829 0.0116923
4 -2 3 1 -0.0931878 0.169066
2 -4 3 1 0.79646 0.376851
-2 -4 3 1 1.48891 0.288073
-4 -2 3 1 1.10691 0.142315
-4 2 3 1 0.579729 0.0341444
-2 4 3 1 0.29828 -0.000228372
2 4 0.5 1 -0.0165964 -0.263265
4 2 0.5 1 -0.193802 -0.322984
4 -2 0.5 1 -0.0482859 -0.498728
2 -4 0.5 1 0.981932 -0.608685
-2 -4 0.5 1 1.66888 -0.360283
-4 -2 0.5 1 1.19423 -0.249679
-4 2 0.5 1 0.617396 -0.213339
-2 4 0.5 1 0.323858 -0.221358
7 2 3 1 -0.663023 -0.00115015
7 -2 3 1 -1.07807 0.19102
7 2 0.5 1 -0.665653 -0.386761
7 -2 0.5 1 -1.13359 -0.716264
4 0 3.3 1 -0.173828 0.115255
7 0 3.3 1 -0.788848 0.118
