0 0 4.5 1 0.225586 0.690852
2 4 3 1 -0.101578 0.297877
4 2 3 1 -0.371152 0.32202
4 -2 3 1 -0.680529 0.505509
2 -4 3 1 -0.156219 0.932953
-2 -4 3 1 1.7759 0.934446
-4 -2 3 1 1.31037 0.569941
-4 2 3 1 0.633716 0.369262
-2 4 3 1 0.300956 0.317947
2 4 0.5 1 -0.0826263 0.0408372
4 2 0.5 1 -0.333675 -0.00514653
4 -2 0.5 1 -0.57532 -0.163326
2 -4 0.5 1 -0.0584943 -0.373142
-2 -4 0.5 1 1.55353 -0.208621
-4 -2 0.5 1 1.23056 -0.0143712
-4 2 0.5 1 0.622001 0.0636495
-2 4 0.5 1 0.303986 0.067833
7 2 3 1 -0.792001 0.302234
7 -2 3 1 -1.6167 0.475212
7 2 0.5 1 -0.731772 -0.0338042
7 -2 0.5 1 -1.40638 -0.231874
4 0 3.3 1 -0.478354 0.438209
7 0 3.3 1 -1.06473 0.41598
