0 0 4.5 1 -0.167692 0.0542563
2 4 3 1 -0.573278 -0.00937588
4 2 3 1 -0.341034 -0.00189555
4 -2 3 1 0.110946 -0.047076
2 -4 3 1 0.189529 -0.0788854
-2 -4 3 1 0.0573338 -0.096351
-4 -2 3 1 -0.0993369 -0.0936227
-4 2 3 1 -0.351085 -0.074129
-2 4 3 1 -0.51244 -0.0503467
2 4 0.5 1 -0.615658 -0.289656
4 2 0.5 1 -0.377301 -0.326626
4 -2 0.5 1 0.101409 -0.326515
2 -4 0.5 1 0.184999 -0.297903
-2 -4 0.5 1 0.0502374 -0.261885
-4 -2 0.5 1 -0.109946 -0.246782
-4 2 0.5 1 -0.369661 -0.239958
-2 4 0.5 1 -0.540167 -0.248629
7 2 3 1 -0.329855 0.0784436
7 -2 3 1 0.313926 -0.00214575
7 2 0.5 1 -0.386294 -0.428637
7 -2 0.5 1 0.314054 -0.406736
4 0 3.3 1 -0.0957232 0.00791418
7 0 3.3 1 0.030099 0.0833867
