0 0 4.5 1 0.131946 0.157103
2 4 3 1 -0.216066 0.0215107
4 2 3 1 -0.12758 0.0675757
4 -2 3 1 0.315668 0.129008
2 -4 3 1 0.524933 0.116764
-2 -4 3 1 0.458185 0.0600198
-4 -2 3 1 0.302872 0.0270411
-4 2 3 1 0.0594487 -0.000414807
-2 4 3 1 -0.0927056 -0.00422488
2 4 0.5 1 -0.202992 -0.191826
4 2 0.5 1 -0.1084 -0.20164
4 -2 0.5 1 0.352135 -0.173879
2 -4 0.5 1 0.562011 -0.142196
-2 -4 0.5 1 0.483216 -0.125358
-4 -2 0.5 1 0.321353 -0.130015
-4 2 0.5 1 0.0728656 -0.147906
-2 4 0.5 1 -0.0807344 -0.164991
7 2 3 1 -0.310889 0.134214
7 -2 3 1 0.329728 0.241037
7 2 0.5 1 -0.29076 -0.255699
7 -2 0.5 1 0.387105 -0.223713
4 0 3.3 1 0.0775599 0.129492
7 0 3.3 1 -0.0232315 0.231209
