0 0 4.5 1 -0.433348 0.257525
2 4 3 1 -1.00635 0.299475
4 2 3 1 -0.205945 0.278538
4 -2 3 1 0.130493 0.129295
2 -4 3 1 0.0238779 0.0632288
-2 -4 3 1 -0.259027 0.0137284
-4 -2 3 1 -0.508662 0.00205271
-4 2 3 1 -0.962043 0.0277355
-2 4 3 1 -1.29336 0.105209
2 4 0.5 1 -1.02164 -0.421114
4 2 0.5 1 -0.167684 -0.303925
4 -2 0.5 1 0.162723 -0.191198
2 -4 0.5 1 0.0449911 -0.175186
-2 -4 0.5 1 -0.247235 -0.188708
-4 -2 0.5 1 -0.501748 -0.214811
-4 2 0.5 1 -0.967006 -0.283954
-2 4 0.5 1 -1.31742 -0.363424
7 2 3 1 0.576666 0.538136
7 -2 3 1 0.563803 0.215557
7 2 0.5 1 0.710565 -0.325868
7 -2 0.5 1 0.621667 -0.174888
4 0 3.3 1 0.00601602 0.229927
7 0 3.3 1 0.558749 0.377593
