0 0 4.5 1 -0.298479 0.479336
2 4 3 1 -0.043579 0.261421
4 2 3 1 -0.258527 0.245295
4 -2 3 1 -0.613874 0.247016
2 -4 3 1 -0.873019 0.276207
-2 -4 3 1 -0.920299 0.388169
-4 -2 3 1 -0.343511 0.446371
-4 2 3 1 0.240979 0.371246
-2 4 3 1 0.203618 0.311344
2 4 0.5 1 -0.0305033 0.0645934
4 2 0.5 1 -0.239513 0.0538763
4 -2 0.5 1 -0.577955 0.0128691
2 -4 0.5 1 -0.812521 -0.0388838
-2 -4 0.5 1 -0.818939 -0.129383
-4 -2 0.5 1 -0.282597 -0.112803
-4 2 0.5 1 0.249301 0.00664431
-2 4 0.5 1 0.211082 0.050929
7 2 3 1 -0.341279 0.224429
7 -2 3 1 -0.647951 0.221888
7 2 0.5 1 -0.323034 0.0619465
7 -2 0.5 1 -0.617344 0.0296287
4 0 3.3 1 -0.421033 0.272284
7 0 3.3 1 -0.484271 0.24506
