0 0 4.5 1 0.118321 0.491227
2 4 3 1 0.525692 0.35026
4 2 3 1 0.328865 0.306528
4 -2 3 1 0.0387849 0.276135
2 -4 3 1 -0.146413 0.275575
-2 -4 3 1 -0.330595 0.316389
-4 -2 3 1 -0.261585 0.387463
-4 2 3 1 0.343159 0.48108
-2 4 3 1 0.63674 0.445163
2 4 0.5 1 0.522691 0.117794
4 2 0.5 1 0.331799 0.117648
4 -2 0.5 1 0.0487669 0.103523
2 -4 0.5 1 -0.130413 0.0868847
-2 -4 0.5 1 -0.3015 0.0541426
-4 -2 0.5 1 -0.226151 0.0328783
-4 2 0.5 1 0.348816 0.0502459
-2 4 0.5 1 0.626613 0.08994
7 2 3 1 0.326946 0.283094
7 -2 3 1 0.0842095 0.259299
7 2 0.5 1 0.329422 0.127065
7 -2 0.5 1 0.0916418 0.11454
4 0 3.3 1 0.176612 0.312964
7 0 3.3 1 0.200511 0.289236
