0 0 4.5 1 0.159901 0.260905
2 4 3 1 -0.194237 0.110377
4 2 3 1 -0.118984 0.15937
4 -2 3 1 0.334546 0.237494
2 -4 3 1 0.570406 0.231362
-2 -4 3 1 0.508957 0.168294
-4 -2 3 1 0.347139 0.129295
-4 2 3 1 0.0960377 0.0949546
-2 4 3 1 -0.0602298 0.0875173
2 4 0.5 1 -0.173953 -0.100659
4 2 0.5 1 -0.0926488 -0.110091
4 -2 0.5 1 0.368333 -0.0779998
2 -4 0.5 1 0.601008 -0.0421919
-2 -4 0.5 1 0.530331 -0.0251689
-4 -2 0.5 1 0.364426 -0.0320902
-4 2 0.5 1 0.11117 -0.0534612
-2 4 0.5 1 -0.0444296 -0.0724344
7 2 3 1 -0.329407 0.222408
7 -2 3 1 0.320192 0.360817
7 2 0.5 1 -0.293076 -0.165778
7 -2 0.5 1 0.372817 -0.130678
4 0 3.3 1 0.0863268 0.229997
7 0 3.3 1 -0.0479946 0.335005
