0 0 4.5 1 -0.193076 0.1207
2 4 3 1 -0.612945 0.0712422
4 2 3 1 -0.357075 0.0689601
4 -2 3 1 0.0988035 0.00565935
2 -4 3 1 0.164997 -0.0281284
-2 -4 3 1 0.0241171 -0.0403207
-4 -2 3 1 -0.135612 -0.0321088
-4 2 3 1 -0.393181 -0.00355227
-2 4 3 1 -0.559315 0.0267188
2 4 0.5 1 -0.6576 -0.21852
4 2 0.5 1 -0.398284 -0.262403
4 -2 0.5 1 0.0792046 -0.27071
2 -4 0.5 1 0.151445 -0.243092
-2 -4 0.5 1 0.0111886 -0.203758
-4 -2 0.5 1 -0.150495 -0.184741
-4 2 0.5 1 -0.414602 -0.171581
-2 4 0.5 1 -0.58923 -0.176621
7 2 3 1 -0.315969 0.151513
7 -2 3 1 0.3232 0.0418132
7 2 0.5 1 -0.378945 -0.370039
7 -2 0.5 1 0.305233 -0.355305
4 0 3.3 1 -0.105094 0.069238
7 0 3.3 1 0.050617 0.140383
