0 0 4.5 1 -0.311452 0.419411
2 4 3 1 -0.0672716 0.202001
4 2 3 1 -0.286811 0.181264
4 -2 3 1 -0.653638 0.177783
2 -4 3 1 -0.923935 0.207389
-2 -4 3 1 -0.940317 0.337739
-4 -2 3 1 -0.302701 0.406438
-4 2 3 1 0.247544 0.324193
-2 4 3 1 0.189701 0.259014
2 4 0.5 1 -0.0490357 0.00526807
4 2 0.5 1 -0.264767 -0.0126363
4 -2 0.5 1 -0.617491 -0.0656138
2 -4 0.5 1 -0.865768 -0.127575
-2 -4 0.5 1 -0.843502 -0.221659
-4 -2 0.5 1 -0.236872 -0.177224
-4 2 0.5 1 0.270056 -0.0377876
-2 4 0.5 1 0.207205 0.00166364
7 2 3 1 -0.377971 0.156881
7 -2 3 1 -0.698123 0.148798
7 2 0.5 1 -0.357722 -0.00826491
7 -2 0.5 1 -0.667533 -0.0509398
4 0 3.3 1 -0.452422 0.206234
7 0 3.3 1 -0.525561 0.175353
