0 0 4.5 1 -0.25183 0.335318
2 4 3 1 -0.719092 0.298763
4 2 3 1 -0.386017 0.283694
4 -2 3 1 0.0925322 0.195322
2 -4 3 1 0.13015 0.15856
-2 -4 3 1 -0.0359805 0.150014
-4 -2 3 1 -0.209001 0.162914
-4 2 3 1 -0.492715 0.201886
-2 4 3 1 -0.680947 0.242757
2 4 0.5 1 -0.735104 -0.0353361
4 2 0.5 1 -0.41129 -0.082641
4 -2 0.5 1 0.0645725 -0.0850015
2 -4 0.5 1 0.108221 -0.0556558
-2 -4 0.5 1 -0.0512068 -0.015759
-4 -2 0.5 1 -0.221831 0.00407521
-4 2 0.5 1 -0.50418 0.0186754
-2 4 0.5 1 -0.692538 0.0132606
7 2 3 1 -0.256189 0.383237
7 -2 3 1 0.375463 0.22573
7 2 0.5 1 -0.301136 -0.202787
7 -2 0.5 1 0.329291 -0.167334
4 0 3.3 1 -0.111567 0.272625
7 0 3.3 1 0.128131 0.34728
