0 0 4.5 1 -0.260094 0.358699
2 4 3 1 -0.734142 0.32157
4 2 3 1 -0.390137 0.306435
4 -2 3 1 0.0921761 0.216875
2 -4 3 1 0.126659 0.1797
-2 -4 3 1 -0.0427779 0.170589
-4 -2 3 1 -0.217907 0.18319
-4 2 3 1 -0.505831 0.222203
-2 4 3 1 -0.697664 0.263761
2 4 0.5 1 -0.744258 -0.0199132
4 2 0.5 1 -0.411557 -0.0660531
4 -2 0.5 1 0.0647259 -0.0653775
2 -4 0.5 1 0.10505 -0.0355924
-2 -4 0.5 1 -0.0572306 0.00365325
-4 -2 0.5 1 -0.229484 0.022779
-4 2 0.5 1 -0.514847 0.0361865
-2 4 0.5 1 -0.705321 0.0297898
7 2 3 1 -0.248287 0.409711
7 -2 3 1 0.382344 0.248396
7 2 0.5 1 -0.289128 -0.187238
7 -2 0.5 1 0.334743 -0.146285
4 0 3.3 1 -0.11256 0.295181
7 0 3.3 1 0.137807 0.372056
