0 0 4.5 1 0.0247384 0.0509304
2 4 3 1 -0.335776 -0.0245071
4 2 3 1 -0.200026 -0.00067267
4 -2 3 1 0.23555 -0.0187756
2 -4 3 1 0.38167 -0.0550992
-2 -4 3 1 0.288673 -0.0878196
-4 -2 3 1 0.139668 -0.0931952
-4 2 3 1 -0.0948198 -0.082788
-2 4 3 1 -0.241527 -0.0645153
2 4 0.5 1 -0.360113 -0.252093
4 2 0.5 1 -0.22326 -0.279775
4 -2 0.5 1 0.233914 -0.303445
2 -4 0.5 1 0.386378 -0.290179
-2 -4 0.5 1 0.289297 -0.260067
-4 -2 0.5 1 0.136275 -0.244335
-4 2 0.5 1 -0.104332 -0.232346
-2 4 0.5 1 -0.256599 -0.232707
7 2 3 1 -0.307301 0.0830568
7 -2 3 1 0.334769 0.0582336
7 2 0.5 1 -0.350249 -0.330418
7 -2 0.5 1 0.339881 -0.367596
4 0 3.3 1 0.0174802 0.0223747
7 0 3.3 1 0.012165 0.117207
