0 0 4.5 1 0.0397611 0.0385009
2 4 3 1 -0.318373 -0.0447057
4 2 3 1 -0.188898 -0.0170513
4 -2 3 1 0.24732 -0.0247358
2 -4 3 1 0.401018 -0.0588523
-2 -4 3 1 0.311599 -0.0951095
-4 -2 3 1 0.162066 -0.104103
-4 2 3 1 -0.0733436 -0.0986944
-2 4 3 1 -0.220574 -0.0833172
2 4 0.5 1 -0.338802 -0.271383
4 2 0.5 1 -0.207197 -0.295993
4 -2 0.5 1 0.252678 -0.312817
2 -4 0.5 1 0.412469 -0.297847
-2 -4 0.5 1 0.316941 -0.26983
-4 -2 0.5 1 0.162391 -0.256781
-4 2 0.5 1 -0.0797397 -0.248769
-2 4 0.5 1 -0.232474 -0.251365
7 2 3 1 -0.305627 0.0654223
7 -2 3 1 0.335817 0.0576494
7 2 0.5 1 -0.342488 -0.346121
7 -2 0.5 1 0.351462 -0.374127
4 0 3.3 1 0.0268034 0.0112121
7 0 3.3 1 0.00950729 0.107906
