0 0 4.5 1 -0.0891685 0.434959
2 4 3 1 -0.123936 0.101481
4 2 3 1 -0.401103 0.148381
4 -2 3 1 -0.874012 0.311078
2 -4 3 1 -1.16068 0.567607
-2 -4 3 1 -0.0496416 0.799913
-4 -2 3 1 0.735146 0.398952
-4 2 3 1 0.521375 0.129787
-2 4 3 1 0.252881 0.0883233
2 4 0.5 1 -0.147693 -0.128641
4 2 0.5 1 -0.433323 -0.111003
4 -2 0.5 1 -0.942776 -0.115073
2 -4 0.5 1 -1.30116 -0.185454
-2 -4 0.5 1 -0.178641 -0.451754
-4 -2 0.5 1 0.7038 -0.376451
-4 2 0.5 1 0.501545 -0.227505
-2 4 0.5 1 0.233176 -0.17364
7 2 3 1 -0.631256 0.153021
7 -2 3 1 -1.16412 0.295235
7 2 0.5 1 -0.664513 -0.0821928
7 -2 0.5 1 -1.23083 -0.0693465
4 0 3.3 1 -0.574863 0.247633
7 0 3.3 1 -0.83482 0.24227
