0 0 4.5 1 0.016177 0.119489
2 4 3 1 0.338626 -0.00942237
4 2 3 1 0.166729 -0.0373201
4 -2 3 1 -0.0976502 -0.056053
2 -4 3 1 -0.269722 -0.0529676
-2 -4 3 1 -0.407889 -0.0128535
-4 -2 3 1 -0.265889 0.0435955
-4 2 3 1 0.288146 0.0857782
-2 4 3 1 0.462195 0.0514999
2 4 0.5 1 0.361689 -0.206051
4 2 0.5 1 0.182132 -0.206863
4 -2 0.5 1 -0.0891212 -0.223938
2 -4 0.5 1 -0.264932 -0.245193
-2 -4 0.5 1 -0.406752 -0.287938
-4 -2 0.5 1 -0.256724 -0.310713
-4 2 0.5 1 0.328391 -0.275992
-2 4 0.5 1 0.501211 -0.232688
7 2 3 1 0.148728 -0.0555701
7 -2 3 1 -0.0723163 -0.0710583
7 2 0.5 1 0.161154 -0.196948
7 -2 0.5 1 -0.0646752 -0.211281
4 0 3.3 1 0.0323326 -0.0270597
7 0 3.3 1 0.0364625 -0.0468496
