0 0 4.5 1 -0.0938306 0.427098
2 4 3 1 -0.124655 0.09504
4 2 3 1 -0.401312 0.141206
4 -2 3 1 -0.873163 0.301716
2 -4 3 1 -1.16061 0.554195
-2 -4 3 1 -0.0745407 0.788032
-4 -2 3 1 0.719364 0.394593
-4 2 3 1 0.517441 0.124973
-2 4 3 1 0.25106 0.0827641
2 4 0.5 1 -0.14828 -0.134799
4 2 0.5 1 -0.433767 -0.117394
4 -2 0.5 1 -0.943305 -0.121491
2 -4 0.5 1 -1.30455 -0.190693
-2 -4 0.5 1 -0.204411 -0.453706
-4 -2 0.5 1 0.691628 -0.38074
-4 2 0.5 1 0.499092 -0.232885
-2 4 0.5 1 0.232054 -0.179384
7 2 3 1 -0.629397 0.145236
7 -2 3 1 -1.15843 0.285079
7 2 0.5 1 -0.663118 -0.0889992
7 -2 0.5 1 -1.22671 -0.0765519
4 0 3.3 1 -0.57505 0.23953
7 0 3.3 1 -0.831865 0.233435
