0 0 4.5 1 -0.462034 0.444736
2 4 3 1 -1.07094 0.390863
4 2 3 1 -0.421803 0.421975
4 -2 3 1 0.0612031 0.329927
2 -4 3 1 0.016293 0.273049
-2 -4 3 1 -0.223145 0.225325
-4 -2 3 1 -0.445577 0.2102
-4 2 3 1 -0.839642 0.217531
-2 4 3 1 -1.13032 0.259079
2 4 0.5 1 -0.962504 -0.149013
4 2 0.5 1 -0.357885 -0.0901115
4 -2 0.5 1 0.0831487 0.0142599
2 -4 0.5 1 0.0338754 0.0395197
-2 -4 0.5 1 -0.203479 0.0364963
-4 -2 0.5 1 -0.420403 0.0177236
-4 2 0.5 1 -0.795053 -0.0336656
-2 4 0.5 1 -1.05671 -0.0897631
7 2 3 1 0.109666 0.682016
7 -2 3 1 0.471621 0.426888
7 2 0.5 1 0.16111 -0.157123
7 -2 0.5 1 0.480405 0.0115274
4 0 3.3 1 -0.126012 0.414143
7 0 3.3 1 0.350958 0.581994
