0 0 4.5 1 0.173544 0.372553
2 4 3 1 1.21387 0.377708
4 2 3 1 0.874148 0.224419
4 -2 3 1 0.401944 0.114745
2 -4 3 1 0.131455 0.0781602
-2 -4 3 1 -0.225309 0.0616922
-4 -2 3 1 -0.454826 0.0870117
-4 2 3 1 -0.450785 0.279588
-2 4 3 1 0.519793 0.530813
2 4 0.5 1 1.30867 -0.257936
4 2 0.5 1 0.925082 -0.154264
4 -2 0.5 1 0.430016 -0.12951
2 -4 0.5 1 0.154647 -0.145056
-2 -4 0.5 1 -0.201741 -0.201576
-4 -2 0.5 1 -0.425388 -0.279161
-4 2 0.5 1 -0.387235 -0.503206
-2 4 0.5 1 0.656312 -0.59096
7 2 3 1 1.07875 0.2159
7 -2 3 1 0.593861 0.120957
7 2 0.5 1 1.12402 -0.101365
7 -2 0.5 1 0.620498 -0.0961857
4 0 3.3 1 0.582897 0.192939
7 0 3.3 1 0.786905 0.190123
