0 0 4.5 1 0.164236 0.276712
2 4 3 1 -0.191512 0.124277
4 2 3 1 -0.118049 0.173578
4 -2 3 1 0.337586 0.25353
2 -4 3 1 0.577808 0.247992
-2 -4 3 1 0.516931 0.183998
-4 -2 3 1 0.353824 0.144313
-4 2 3 1 0.101208 0.109333
-2 4 3 1 -0.0558534 0.101616
2 4 0.5 1 -0.170601 -0.08683
4 2 0.5 1 -0.0911581 -0.0964416
4 -2 0.5 1 0.370271 -0.064544
2 -4 0.5 1 0.606664 -0.028411
-2 -4 0.5 1 0.53721 -0.0111106
-4 -2 0.5 1 0.370515 -0.0180553
-4 2 0.5 1 0.116248 -0.0395126
-2 4 0.5 1 -0.0398448 -0.058528
7 2 3 1 -0.332585 0.23644
7 -2 3 1 0.31897 0.378732
7 2 0.5 1 -0.294432 -0.152236
7 -2 0.5 1 0.369991 -0.117959
4 0 3.3 1 0.0875946 0.245255
7 0 3.3 1 -0.0518143 0.351055
