0 0 4.5 1 -0.140799 0.0191558
2 4 3 1 -0.533894 -0.0595945
4 2 3 1 -0.321088 -0.0426781
4 -2 3 1 0.127908 -0.0686873
2 -4 3 1 0.217773 -0.0977865
-2 -4 3 1 0.0933164 -0.120941
-4 -2 3 1 -0.0609064 -0.124308
-4 2 3 1 -0.308263 -0.114507
-2 4 3 1 -0.466277 -0.097246
2 4 0.5 1 -0.56768 -0.33181
4 2 0.5 1 -0.347388 -0.361138
4 -2 0.5 1 0.129561 -0.349854
2 -4 0.5 1 0.222958 -0.319697
-2 -4 0.5 1 0.0931671 -0.287913
-4 -2 0.5 1 -0.0656302 -0.277631
-4 2 0.5 1 -0.321191 -0.278282
-2 4 0.5 1 -0.487613 -0.291176
7 2 3 1 -0.335103 0.0358157
7 -2 3 1 0.311817 -0.0145123
7 2 0.5 1 -0.377873 -0.457555
7 -2 0.5 1 0.329164 -0.423709
4 0 3.3 1 -0.0816667 -0.0228506
7 0 3.3 1 0.0183122 0.0571949
