0 0 4.5 1 -0.425273 0.515246
2 4 3 1 -1.00953 0.453771
4 2 3 1 -0.452908 0.4705
4 -2 3 1 0.0611814 0.383272
2 -4 3 1 0.0422988 0.33346
-2 -4 3 1 -0.179121 0.2977
-4 -2 3 1 -0.389911 0.291169
-4 2 3 1 -0.755248 0.308866
-2 4 3 1 -1.01833 0.350257
2 4 0.5 1 -0.910008 -0.0258852
4 2 0.5 1 -0.400719 -0.00932006
4 -2 0.5 1 0.0669865 0.0684533
2 -4 0.5 1 0.0474562 0.0991994
-2 -4 0.5 1 -0.16748 0.111188
-4 -2 0.5 1 -0.371103 0.104683
-4 2 0.5 1 -0.716192 0.0747301
-2 4 0.5 1 -0.951342 0.0356589
7 2 3 1 -0.0554651 0.682977
7 -2 3 1 0.451006 0.462865
7 2 0.5 1 -0.0259034 -0.10918
7 -2 0.5 1 0.429523 0.0384721
4 0 3.3 1 -0.143341 0.466879
7 0 3.3 1 0.279065 0.612545
