0 0 4.5 1 0.02263 0.141754
2 4 3 1 0.350355 0.0162897
4 2 3 1 0.178324 -0.0139934
4 -2 3 1 -0.0859763 -0.0358127
2 -4 3 1 -0.257973 -0.0345789
-2 -4 3 1 -0.399168 0.00405837
-4 -2 3 1 -0.263896 0.0624469
-4 2 3 1 0.290405 0.11253
-2 4 3 1 0.471341 0.0799114
2 4 0.5 1 0.374434 -0.180714
4 2 0.5 1 0.195072 -0.183224
4 -2 0.5 1 -0.0753428 -0.20246
2 -4 0.5 1 -0.250155 -0.224721
-2 -4 0.5 1 -0.393035 -0.26735
-4 -2 0.5 1 -0.249565 -0.288292
-4 2 0.5 1 0.332347 -0.249845
-2 4 0.5 1 0.511177 -0.205692
7 2 3 1 0.161803 -0.0326427
7 -2 3 1 -0.0591511 -0.0506274
7 2 0.5 1 0.17542 -0.173686
7 -2 0.5 1 -0.0497915 -0.189872
4 0 3.3 1 0.0433963 -0.00533777
7 0 3.3 1 0.0491542 -0.0252266
