0 0 4.5 1 0.415977 0.129419
2 4 3 1 -0.0232961 -0.0839899
4 2 3 1 -0.136812 -0.0429973
4 -2 3 1 0.186097 0.078263
2 -4 3 1 0.993896 0.134106
-2 -4 3 1 1.31172 0.0120824
-4 -2 3 1 0.981279 -0.0596082
-4 2 3 1 0.521625 -0.100537
-2 4 3 1 0.267173 -0.104739
2 4 0.5 1 -0.0272223 -0.333848
4 2 0.5 1 -0.149809 -0.380505
4 -2 0.5 1 0.202732 -0.546881
2 -4 0.5 1 1.14601 -0.64949
-2 -4 0.5 1 1.43877 -0.489106
-4 -2 0.5 1 1.04194 -0.389056
-4 2 0.5 1 0.542527 -0.327968
-2 4 0.5 1 0.275996 -0.316643
7 2 3 1 -0.577141 -0.00451791
7 -2 3 1 -0.617708 0.217629
7 2 0.5 1 -0.629683 -0.416919
7 -2 0.5 1 -0.75167 -0.726369
4 0 3.3 1 -0.0205902 0.0482284
7 0 3.3 1 -0.581935 0.126544
