0 0 4.5 1 0.433536 0.231919
2 4 3 1 -0.0209474 0.0885952
4 2 3 1 -0.061197 0.135588
4 -2 3 1 0.402118 0.192531
2 -4 3 1 1.01227 0.148321
-2 -4 3 1 1.08183 0.0423348
-4 -2 3 1 0.807817 0.0173434
-4 2 3 1 0.42706 0.023226
-2 4 3 1 0.210551 0.0423987
2 4 0.5 1 -0.0436612 -0.139376
4 2 0.5 1 -0.0923142 -0.171413
4 -2 0.5 1 0.360468 -0.304716
2 -4 0.5 1 0.980491 -0.379642
-2 -4 0.5 1 1.06212 -0.301743
-4 -2 0.5 1 0.791041 -0.230456
-4 2 0.5 1 0.411484 -0.166107
-2 4 0.5 1 0.193768 -0.142831
7 2 3 1 -0.448164 0.22464
7 -2 3 1 -0.0852711 0.402993
7 2 0.5 1 -0.494841 -0.175653
7 -2 0.5 1 -0.167824 -0.39583
4 0 3.3 1 0.120455 0.202215
7 0 3.3 1 -0.319332 0.347065
