0 0 4.5 1 -0.232372 0.516875
2 4 3 1 0.0250129 0.29793
4 2 3 1 -0.179307 0.295158
4 -2 3 1 -0.509206 0.314508
2 -4 3 1 -0.742418 0.349761
-2 -4 3 1 -0.820433 0.437382
-4 -2 3 1 -0.359481 0.464522
-4 2 3 1 0.25071 0.381368
-2 4 3 1 0.251213 0.329799
2 4 0.5 1 0.02234 0.103349
4 2 0.5 1 -0.174643 0.109859
4 -2 0.5 1 -0.490138 0.096996
2 -4 0.5 1 -0.705408 0.0673194
-2 -4 0.5 1 -0.756006 -0.0119785
-4 -2 0.5 1 -0.330196 -0.0437406
-4 2 0.5 1 0.230547 0.020069
-2 4 0.5 1 0.236455 0.0683617
7 2 3 1 -0.247799 0.281427
7 -2 3 1 -0.528369 0.295309
7 2 0.5 1 -0.241796 0.12474
7 -2 0.5 1 -0.511956 0.116194
4 0 3.3 1 -0.33221 0.32913
7 0 3.3 1 -0.379912 0.308699
