0 0 4.5 1 -0.264695 0.228106
2 4 3 1 -0.106063 -0.0284309
4 2 3 1 -0.351656 -0.0373987
4 -2 3 1 -0.768612 -0.00585341
2 -4 3 1 -1.06799 0.0761041
-2 -4 3 1 -0.828353 0.300052
-4 -2 3 1 0.0154141 0.286942
-4 2 3 1 0.344126 0.0997209
-2 4 3 1 0.201146 0.0228452
2 4 0.5 1 -0.0970935 -0.241405
4 2 0.5 1 -0.351124 -0.259584
4 -2 0.5 1 -0.788892 -0.316554
2 -4 0.5 1 -1.12216 -0.393283
-2 -4 0.5 1 -0.892186 -0.509115
-4 -2 0.5 1 0.0608835 -0.411713
-4 2 0.5 1 0.387349 -0.268591
-2 4 0.5 1 0.225489 -0.240125
7 2 3 1 -0.488901 -0.0644458
7 -2 3 1 -0.878642 -0.0469443
7 2 0.5 1 -0.492708 -0.257857
7 -2 0.5 1 -0.899881 -0.304125
4 0 3.3 1 -0.525633 0.00551791
7 0 3.3 1 -0.655688 -0.0314231
