0 0 4.5 1 -0.259961 0.518865
2 4 3 1 -0.00101039 0.299312
4 2 3 1 -0.209548 0.291648
4 -2 3 1 -0.549078 0.304491
2 -4 3 1 -0.791955 0.337257
-2 -4 3 1 -0.862559 0.432025
-4 -2 3 1 -0.361731 0.470044
-4 2 3 1 0.245621 0.39168
-2 4 3 1 0.233169 0.33763
2 4 0.5 1 0.00218422 0.103123
4 2 0.5 1 -0.199078 0.103532
4 -2 0.5 1 -0.522347 0.0806872
2 -4 0.5 1 -0.743699 0.0432769
-2 -4 0.5 1 -0.780177 -0.0407178
-4 -2 0.5 1 -0.318682 -0.057336
-4 2 0.5 1 0.234811 0.0273808
-2 4 0.5 1 0.225917 0.0752937
7 2 3 1 -0.282867 0.275535
7 -2 3 1 -0.572849 0.283485
7 2 0.5 1 -0.271767 0.116289
7 -2 0.5 1 -0.549947 0.0993917
4 0 3.3 1 -0.366401 0.323135
7 0 3.3 1 -0.419148 0.300477
