0 0 4.5 1 -0.172211 0.0634932
2 4 3 1 -0.580085 0.00245668
4 2 3 1 -0.344123 0.00823329
4 -2 3 1 0.108404 -0.0402154
2 -4 3 1 0.184919 -0.0724212
-2 -4 3 1 0.0513093 -0.0889149
-4 -2 3 1 -0.105822 -0.0851673
-4 2 3 1 -0.358428 -0.0640246
-2 4 3 1 -0.52047 -0.0391014
2 4 0.5 1 -0.623404 -0.279262
4 2 0.5 1 -0.381685 -0.317522
4 -2 0.5 1 0.0969858 -0.319154
2 -4 0.5 1 0.178726 -0.290769
-2 -4 0.5 1 0.0430818 -0.254092
-4 -2 0.5 1 -0.117326 -0.23822
-4 2 0.5 1 -0.377746 -0.230172
-2 4 0.5 1 -0.548943 -0.238141
7 2 3 1 -0.328156 0.0888899
7 -2 3 1 0.314887 0.00311166
7 2 0.5 1 -0.386327 -0.420492
7 -2 0.5 1 0.311875 -0.400305
4 0 3.3 1 -0.097746 0.0163195
7 0 3.3 1 0.0329116 0.0909776
