0 0 4.5 1 0.409285 0.146132
2 4 3 1 -0.0231013 -0.0848501
4 2 3 1 -0.151417 -0.0470756
4 -2 3 1 0.131088 0.0862026
2 -4 3 1 0.96908 0.174601
-2 -4 3 1 1.35671 0.0557761
-4 -2 3 1 1.01484 -0.030698
-4 2 3 1 0.539555 -0.0863912
-2 4 3 1 0.278229 -0.0976956
2 4 0.5 1 -0.0212824 -0.336743
4 2 0.5 1 -0.157639 -0.387055
4 -2 0.5 1 0.15619 -0.556651
2 -4 0.5 1 1.14807 -0.659727
-2 -4 0.5 1 1.51053 -0.477878
-4 -2 0.5 1 1.08885 -0.37512
-4 2 0.5 1 0.567194 -0.31963
-2 4 0.5 1 0.292589 -0.313081
7 2 3 1 -0.597915 -0.0216703
7 -2 3 1 -0.725913 0.199565
7 2 0.5 1 -0.642183 -0.432129
7 -2 0.5 1 -0.859152 -0.754275
4 0 3.3 1 -0.0517688 0.0484717
7 0 3.3 1 -0.630846 0.108503
