0 0 4.5 1 0.0178281 0.124786
2 4 3 1 0.34159 -0.00321731
4 2 3 1 0.169677 -0.0317263
4 -2 3 1 -0.0946622 -0.0512585
2 -4 3 1 -0.266704 -0.0486556
-2 -4 3 1 -0.405623 -0.00892445
-4 -2 3 1 -0.265322 0.0480312
-4 2 3 1 0.288741 0.0922397
-2 4 3 1 0.464494 0.0583871
2 4 0.5 1 0.364953 -0.199922
4 2 0.5 1 0.18545 -0.201179
4 -2 0.5 1 -0.0855816 -0.218824
2 -4 0.5 1 -0.261133 -0.240349
-2 -4 0.5 1 -0.403209 -0.283071
-4 -2 0.5 1 -0.254832 -0.305358
-4 2 0.5 1 0.32948 -0.269642
-2 4 0.5 1 0.503787 -0.226121
7 2 3 1 0.15205 -0.0500792
7 -2 3 1 -0.0689549 -0.0662149
7 2 0.5 1 0.164802 -0.191364
7 -2 0.5 1 -0.0608616 -0.206185
4 0 3.3 1 0.0351551 -0.0218823
7 0 3.3 1 0.0396945 -0.0416976
