0 0 4.5 1 0.119849 0.119208
2 4 3 1 -0.227929 -0.00917253
4 2 3 1 -0.133385 0.0351077
4 -2 3 1 0.307515 0.0874965
2 -4 3 1 0.507039 0.0718684
-2 -4 3 1 0.437352 0.0178658
-4 -2 3 1 0.283703 -0.0119429
-4 2 3 1 0.0422771 -0.0352962
-2 4 3 1 -0.10875 -0.0367622
2 4 0.5 1 -0.219284 -0.224653
4 2 0.5 1 -0.118856 -0.235552
4 -2 0.5 1 0.342485 -0.212383
2 -4 0.5 1 0.543918 -0.183179
-2 -4 0.5 1 0.461873 -0.165525
-4 -2 0.5 1 0.301153 -0.168223
-4 2 0.5 1 0.0537647 -0.183253
-2 4 0.5 1 -0.0995851 -0.198763
7 2 3 1 -0.305822 0.104219
7 -2 3 1 0.33333 0.1953
7 2 0.5 1 -0.294158 -0.288664
7 -2 0.5 1 0.389226 -0.262322
4 0 3.3 1 0.0727049 0.0925913
7 0 3.3 1 -0.0145581 0.19373
