0 0 4.5 1 0.011062 0.104741
2 4 3 1 0.329583 -0.0270543
4 2 3 1 0.157673 -0.0530619
4 -2 3 1 -0.106891 -0.0692943
2 -4 3 1 -0.279092 -0.0646888
-2 -4 3 1 -0.415021 -0.0233796
-4 -2 3 1 -0.267863 0.0314591
-4 2 3 1 0.286226 0.0673755
-2 4 3 1 0.455218 0.0317891
2 4 0.5 1 0.351567 -0.223509
4 2 0.5 1 0.171838 -0.22291
4 -2 0.5 1 -0.10011 -0.23816
2 -4 0.5 1 -0.276734 -0.258537
-2 -4 0.5 1 -0.417807 -0.301327
-4 -2 0.5 1 -0.262787 -0.325684
-4 2 0.5 1 0.324714 -0.29418
-2 4 0.5 1 0.493118 -0.251543
7 2 3 1 0.138538 -0.0709896
7 -2 3 1 -0.0826809 -0.0844477
7 2 0.5 1 0.149879 -0.212672
7 -2 0.5 1 -0.0764791 -0.225446
4 0 3.3 1 0.0236322 -0.0414976
7 0 3.3 1 0.0265244 -0.0612061
