0 0 4.5 1 -0.102971 0.247092
2 4 3 1 0.144008 0.0551803
4 2 3 1 -0.0345981 0.0652779
4 -2 3 1 -0.312447 0.0998514
2 -4 3 1 -0.497185 0.137483
-2 -4 3 1 -0.593507 0.201121
-4 -2 3 1 -0.317971 0.207846
-4 2 3 1 0.249318 0.120114
-2 4 3 1 0.319223 0.0717347
2 4 0.5 1 0.126266 -0.127013
4 2 0.5 1 -0.0513139 -0.10077
4 -2 0.5 1 -0.331506 -0.0802475
2 -4 0.5 1 -0.52121 -0.0823478
-2 -4 0.5 1 -0.630424 -0.130915
-4 -2 0.5 1 -0.360802 -0.195702
-4 2 0.5 1 0.2169 -0.219112
-2 4 0.5 1 0.295384 -0.181338
7 2 3 1 -0.0784485 0.0568085
7 -2 3 1 -0.31168 0.0848493
7 2 0.5 1 -0.0925882 -0.0825587
7 -2 0.5 1 -0.327456 -0.0642835
4 0 3.3 1 -0.165726 0.102521
7 0 3.3 1 -0.189312 0.0875912
