0 0 4.5 1 0.188963 0.355551
2 4 3 1 -0.177697 0.194586
4 2 3 1 -0.112899 0.24511
4 -2 3 1 0.355595 0.331943
2 -4 3 1 0.620153 0.32805
-2 -4 3 1 0.561526 0.259257
-4 -2 3 1 0.390503 0.216886
-4 2 3 1 0.128609 0.180132
-2 4 3 1 -0.0332401 0.171983
2 4 0.5 1 -0.155291 -0.0184587
4 2 0.5 1 -0.0851198 -0.0297381
4 -2 0.5 1 0.380081 -0.00206758
2 -4 0.5 1 0.637167 0.0343614
-2 -4 0.5 1 0.574169 0.053978
-4 -2 0.5 1 0.40261 0.0481622
-4 2 0.5 1 0.141891 0.027955
-2 4 0.5 1 -0.0175219 0.00965344
7 2 3 1 -0.348928 0.308614
7 -2 3 1 0.314367 0.467832
7 2 0.5 1 -0.303843 -0.0853248
7 -2 0.5 1 0.354026 -0.0601582
4 0 3.3 1 0.0955104 0.321257
7 0 3.3 1 -0.0707005 0.432488
