0 0 4.5 1 0.401351 0.471858
2 4 3 1 -0.0484591 0.31929
4 2 3 1 -0.0373037 0.368171
4 -2 3 1 0.485057 0.427763
2 -4 3 1 0.94273 0.391473
-2 -4 3 1 0.913368 0.301212
-4 -2 3 1 0.677106 0.271344
-4 2 3 1 0.342807 0.264924
-2 4 3 1 0.147381 0.277333
2 4 0.5 1 -0.0582064 0.0910116
4 2 0.5 1 -0.0507483 0.0637146
4 -2 0.5 1 0.429719 -0.00784898
2 -4 0.5 1 0.859022 -0.0246144
-2 -4 0.5 1 0.858108 0.0240174
-4 -2 0.5 1 0.642729 0.0587408
-4 2 0.5 1 0.323985 0.0892326
-2 4 0.5 1 0.133952 0.0982539
7 2 3 1 -0.380733 0.461455
7 -2 3 1 0.235431 0.631077
7 2 0.5 1 -0.376129 0.0415573
7 -2 0.5 1 0.174712 -0.0875673
4 0 3.3 1 0.179645 0.438478
7 0 3.3 1 -0.154956 0.593278
