0 0 4.5 1 0.125395 0.502912
2 4 3 1 0.536852 0.359028
4 2 3 1 0.338039 0.315427
4 -2 3 1 0.0458759 0.285889
2 -4 3 1 -0.140329 0.286082
-2 -4 3 1 -0.326498 0.32786
-4 -2 3 1 -0.260033 0.39925
-4 2 3 1 0.348015 0.492588
-2 4 3 1 0.648087 0.455269
2 4 0.5 1 0.531274 0.123951
4 2 0.5 1 0.339268 0.124901
4 -2 0.5 1 0.0547733 0.112316
2 -4 0.5 1 -0.125213 0.096659
-2 -4 0.5 1 -0.298187 0.0648542
-4 -2 0.5 1 -0.225666 0.0430125
-4 2 0.5 1 0.350107 0.0567323
-2 4 0.5 1 0.633681 0.0951482
7 2 3 1 0.336705 0.291739
7 -2 3 1 0.0921668 0.268735
7 2 0.5 1 0.337756 0.134412
7 -2 0.5 1 0.0986136 0.12315
4 0 3.3 1 0.184629 0.322484
7 0 3.3 1 0.209317 0.298433
