0 0 4.5 1 0.205882 0.734885
2 4 3 1 -0.105058 0.330083
4 2 3 1 -0.385273 0.359261
4 -2 3 1 -0.750256 0.551578
2 -4 3 1 -0.355241 1.00136
-2 -4 3 1 1.78681 1.01666
-4 -2 3 1 1.33971 0.603874
-4 2 3 1 0.645519 0.393485
-2 4 3 1 0.306095 0.344384
2 4 0.5 1 -0.0902966 0.0705081
4 2 0.5 1 -0.350824 0.0315387
4 -2 0.5 1 -0.641721 -0.11465
2 -4 0.5 1 -0.235185 -0.33387
-2 -4 0.5 1 1.48391 -0.22777
-4 -2 0.5 1 1.2242 -0.0178052
-4 2 0.5 1 0.622405 0.0768639
-2 4 0.5 1 0.302337 0.0883608
7 2 3 1 -0.795421 0.345644
7 -2 3 1 -1.6358 0.529419
7 2 0.5 1 -0.736784 0.0135637
7 -2 0.5 1 -1.42187 -0.155141
4 0 3.3 1 -0.510581 0.479082
7 0 3.3 1 -1.0771 0.463111
