0 0 4.5 1 -0.151112 0.415264
2 4 3 1 0.0959066 0.207163
4 2 3 1 -0.0936072 0.215775
4 -2 3 1 -0.392813 0.249612
2 -4 3 1 -0.597027 0.289619
-2 -4 3 1 -0.686136 0.361876
-4 -2 3 1 -0.33362 0.367719
-4 2 3 1 0.257849 0.272442
-2 4 3 1 0.294967 0.224643
2 4 0.5 1 0.0795537 0.0213184
4 2 0.5 1 -0.104807 0.0424965
4 -2 0.5 1 -0.398247 0.0540835
2 -4 0.5 1 -0.597718 0.0437579
-2 -4 0.5 1 -0.683109 -0.0183899
-4 -2 0.5 1 -0.349039 -0.078864
-4 2 0.5 1 0.220894 -0.0728241
-2 4 0.5 1 0.266512 -0.0289347
7 2 3 1 -0.148409 0.206939
7 -2 3 1 -0.400688 0.233899
7 2 0.5 1 -0.156873 0.0609314
7 -2 0.5 1 -0.405029 0.0724074
4 0 3.3 1 -0.233224 0.254303
7 0 3.3 1 -0.267476 0.238549
