0 0 4.5 1 0.290579 0.500748
2 4 3 1 -0.0740585 0.155989
4 2 3 1 -0.302227 0.172581
4 -2 3 1 -0.412254 0.338381
2 -4 3 1 0.390991 0.673983
-2 -4 3 1 1.64369 0.637326
-4 -2 3 1 1.20428 0.396911
-4 2 3 1 0.602367 0.233908
-2 4 3 1 0.295351 0.183334
2 4 0.5 1 -0.0489642 -0.0929999
4 2 0.5 1 -0.26679 -0.152502
4 -2 0.5 1 -0.337335 -0.328596
2 -4 0.5 1 0.486458 -0.485435
-2 -4 0.5 1 1.67604 -0.220245
-4 -2 0.5 1 1.22985 -0.0778569
-4 2 0.5 1 0.623001 -0.0376057
-2 4 0.5 1 0.315556 -0.0481634
7 2 3 1 -0.743583 0.142659
7 -2 3 1 -1.43148 0.301477
7 2 0.5 1 -0.699642 -0.208395
7 -2 0.5 1 -1.31407 -0.484867
4 0 3.3 1 -0.344003 0.280075
7 0 3.3 1 -0.96228 0.250751
