0 0 4.5 1 0.210307 0.407401
2 4 3 1 -0.16661 0.241693
4 2 3 1 -0.107726 0.292804
4 -2 3 1 0.371662 0.382086
2 -4 3 1 0.655893 0.377872
-2 -4 3 1 0.598406 0.305586
-4 -2 3 1 0.420417 0.262157
-4 2 3 1 0.150431 0.225649
-2 4 3 1 -0.0155073 0.21818
2 4 0.5 1 -0.144839 0.0259383
4 2 0.5 1 -0.0812568 0.012851
4 -2 0.5 1 0.387842 0.0342851
2 -4 0.5 1 0.661615 0.0693559
-2 -4 0.5 1 0.603627 0.0914584
-4 -2 0.5 1 0.427782 0.0877231
-4 2 0.5 1 0.16122 0.0701181
-2 4 0.5 1 -0.00132019 0.0532624
7 2 3 1 -0.359534 0.358308
7 -2 3 1 0.312849 0.526754
7 2 0.5 1 -0.312025 -0.0416508
7 -2 0.5 1 0.34145 -0.0277848
4 0 3.3 1 0.103507 0.371219
7 0 3.3 1 -0.082864 0.487715
