0 0 4.5 1 0.0477545 0.261796
2 4 3 1 0.399706 0.143776
4 2 3 1 0.224203 0.105328
4 -2 3 1 -0.0431524 0.0741564
2 -4 3 1 -0.216718 0.0702455
-2 -4 3 1 -0.371752 0.104943
-4 -2 3 1 -0.262891 0.169438
-4 2 3 1 0.299147 0.246256
-2 4 3 1 0.512623 0.218393
2 4 0.5 1 0.422315 -0.0585865
4 2 0.5 1 0.242345 -0.0653607
4 -2 0.5 1 -0.0270821 -0.0896394
2 -4 0.5 1 -0.199632 -0.113756
-2 -4 0.5 1 -0.34881 -0.154976
-4 -2 0.5 1 -0.231585 -0.171816
-4 2 0.5 1 0.339768 -0.126349
-2 4 0.5 1 0.547028 -0.0797364
7 2 3 1 0.213481 0.0851655
7 -2 3 1 -0.00996106 0.0597641
7 2 0.5 1 0.228504 -0.0566956
7 -2 0.5 1 0.00361835 -0.0773028
4 0 3.3 1 0.0856847 0.109363
7 0 3.3 1 0.0980993 0.0888948
