0 0 4.5 1 -0.272182 0.235659
2 4 3 1 -0.102645 -0.0147738
4 2 3 1 -0.345218 -0.026893
4 -2 3 1 -0.757046 -0.00260982
2 -4 3 1 -1.05484 0.0705836
-2 -4 3 1 -0.851284 0.28609
-4 -2 3 1 -0.0236113 0.291022
-4 2 3 1 0.332762 0.116535
-2 4 3 1 0.19877 0.039497
2 4 0.5 1 -0.0911161 -0.225321
4 2 0.5 1 -0.340924 -0.245415
4 -2 0.5 1 -0.769127 -0.305167
2 -4 0.5 1 -1.09288 -0.382515
-2 -4 0.5 1 -0.894925 -0.494379
-4 -2 0.5 1 0.0239722 -0.396171
-4 2 0.5 1 0.376753 -0.2501
-2 4 0.5 1 0.224679 -0.22192
7 2 3 1 -0.476919 -0.0547545
7 -2 3 1 -0.858571 -0.0432555
7 2 0.5 1 -0.476798 -0.244528
7 -2 0.5 1 -0.872155 -0.293345
4 0 3.3 1 -0.518601 0.0125895
7 0 3.3 1 -0.641637 -0.0247488
