0 0 4.5 1 -0.414523 0.231412
2 4 3 1 -0.948292 0.317426
4 2 3 1 -0.120386 0.254039
4 -2 3 1 0.157354 0.0820702
2 -4 3 1 0.0305586 0.0167295
-2 -4 3 1 -0.267738 -0.0260682
-4 -2 3 1 -0.526956 -0.0303549
-4 2 3 1 -0.999064 0.0134713
-2 4 3 1 -1.33799 0.11324
2 4 0.5 1 -1.01833 -0.469942
4 2 0.5 1 -0.0921722 -0.351648
4 -2 0.5 1 0.186406 -0.243457
2 -4 0.5 1 0.0472132 -0.226465
-2 -4 0.5 1 -0.263203 -0.235625
-4 -2 0.5 1 -0.531205 -0.258033
-4 2 0.5 1 -1.03024 -0.322981
-2 4 0.5 1 -1.41462 -0.404502
7 2 3 1 0.720077 0.484144
7 -2 3 1 0.596323 0.154188
7 2 0.5 1 0.884864 -0.381507
7 -2 0.5 1 0.65861 -0.233866
4 0 3.3 1 0.0557252 0.190052
7 0 3.3 1 0.625282 0.316448
