0 0 4.5 1 -0.15395 0.328243
2 4 3 1 -0.130852 0.0144405
4 2 3 1 -0.400843 0.0480545
4 -2 3 1 -0.859176 0.175632
2 -4 3 1 -1.15457 0.375611
-2 -4 3 1 -0.37185 0.625848
-4 -2 3 1 0.506106 0.341282
-4 2 3 1 0.465391 0.0714659
-2 4 3 1 0.229471 0.0175162
2 4 0.5 1 -0.150095 -0.212749
4 2 0.5 1 -0.432634 -0.20168
4 -2 0.5 1 -0.938032 -0.213015
2 -4 0.5 1 -1.32239 -0.274391
-2 -4 0.5 1 -0.521895 -0.486042
-4 -2 0.5 1 0.517653 -0.429057
-4 2 0.5 1 0.468311 -0.294681
-2 4 0.5 1 0.221835 -0.248073
7 2 3 1 -0.602211 0.0426122
7 -2 3 1 -1.08523 0.148204
7 2 0.5 1 -0.637601 -0.180523
7 -2 0.5 1 -1.16321 -0.179596
4 0 3.3 1 -0.574907 0.132647
7 0 3.3 1 -0.792028 0.115816
