0 0 4.5 1 -0.129481 0.367728
2 4 3 1 -0.129216 0.0463678
4 2 3 1 -0.401995 0.0858377
4 -2 3 1 -0.865851 0.228002
2 -4 3 1 -1.15835 0.449591
-2 -4 3 1 -0.255617 0.694025
-4 -2 3 1 0.595418 0.362295
-4 2 3 1 0.486916 0.0909668
-2 4 3 1 0.237742 0.042257
2 4 0.5 1 -0.150907 -0.181734
4 2 0.5 1 -0.434978 -0.167299
4 -2 0.5 1 -0.94339 -0.174097
2 -4 0.5 1 -1.32147 -0.236986
-2 -4 0.5 1 -0.396644 -0.471167
-4 -2 0.5 1 0.592753 -0.411166
-4 2 0.5 1 0.480698 -0.271657
-2 4 0.5 1 0.224915 -0.221752
7 2 3 1 -0.614357 0.0846124
7 -2 3 1 -1.11552 0.205058
7 2 0.5 1 -0.650127 -0.142779
7 -2 0.5 1 -1.19204 -0.135724
4 0 3.3 1 -0.575785 0.176478
7 0 3.3 1 -0.80903 0.164291
