0 0 4.5 1 0.0281315 0.701389
2 4 3 1 1.29793 0.777236
4 2 3 1 0.97548 0.494384
4 -2 3 1 0.433334 0.353794
2 -4 3 1 0.12991 0.321301
-2 -4 3 1 -0.283527 0.318789
-4 -2 3 1 -0.602151 0.354802
-4 2 3 1 -1.08577 0.572835
-2 4 3 1 -0.595057 1.0097
2 4 0.5 1 1.10885 -0.23352
4 2 0.5 1 0.902009 -0.0303725
4 -2 0.5 1 0.419738 0.0614255
2 -4 0.5 1 0.131862 0.0726194
-2 -4 0.5 1 -0.261336 0.0491947
-4 -2 0.5 1 -0.552514 -0.00281557
-4 2 0.5 1 -0.91632 -0.208494
-2 4 0.5 1 -0.412276 -0.475082
7 2 3 1 1.41848 0.477524
7 -2 3 1 0.725839 0.35351
7 2 0.5 1 1.31662 0.0102419
7 -2 0.5 1 0.698787 0.0798636
4 0 3.3 1 0.629042 0.452224
7 0 3.3 1 0.985891 0.4434
