0 0 4.5 1 -0.203312 0.497613
2 4 3 1 0.0508687 0.280896
4 2 3 1 -0.148689 0.282712
4 -2 3 1 -0.468311 0.308071
2 -4 3 1 -0.69154 0.345561
-2 -4 3 1 -0.774591 0.427142
-4 -2 3 1 -0.352204 0.444846
-4 2 3 1 0.255234 0.356508
-2 4 3 1 0.268353 0.306833
2 4 0.5 1 0.0426529 0.0888602
4 2 0.5 1 -0.149942 0.101074
4 -2 0.5 1 -0.457721 0.09762
2 -4 0.5 1 -0.667304 0.0752677
-2 -4 0.5 1 -0.730767 0.00139769
-4 -2 0.5 1 -0.338136 -0.042897
-4 2 0.5 1 0.227261 -1.09799e-05
-2 4 0.5 1 0.247222 0.047582
7 2 3 1 -0.212452 0.271062
7 -2 3 1 -0.48334 0.290367
7 2 0.5 1 -0.211751 0.117638
7 -2 0.5 1 -0.474114 0.116882
4 0 3.3 1 -0.297184 0.318808
7 0 3.3 1 -0.340129 0.300325
