0 0 4.5 1 0.0313522 0.696662
2 4 3 1 1.30116 0.770836
4 2 3 1 0.974132 0.491946
4 -2 3 1 0.432384 0.351615
2 -4 3 1 0.129411 0.318575
-2 -4 3 1 -0.283148 0.315013
-4 -2 3 1 -0.600355 0.350134
-4 2 3 1 -1.07458 0.566636
-2 4 3 1 -0.560875 1.00007
2 4 0.5 1 1.11834 -0.229971
4 2 0.5 1 0.903786 -0.0291377
4 -2 0.5 1 0.420011 0.0603836
2 -4 0.5 1 0.132187 0.070487
-2 -4 0.5 1 -0.260332 0.0455753
-4 -2 0.5 1 -0.550154 -0.00768485
-4 2 0.5 1 -0.905647 -0.21561
-2 4 0.5 1 -0.38399 -0.479439
7 2 3 1 1.40945 0.476076
7 -2 3 1 0.722238 0.35203
7 2 0.5 1 1.31184 0.0129147
7 -2 0.5 1 0.69671 0.0797974
4 0 3.3 1 0.628187 0.449768
7 0 3.3 1 0.980692 0.44171
