0 0 4.5 1 0.295115 0.51332
2 4 3 1 -0.119473 0.342843
4 2 3 1 -0.079093 0.394308
4 -2 3 1 0.43349 0.478613
2 -4 3 1 0.788384 0.465525
-2 -4 3 1 0.735327 0.383327
-4 -2 3 1 0.531567 0.341671
-4 2 3 1 0.232472 0.313491
-2 4 3 1 0.0524801 0.312554
2 4 0.5 1 -0.107601 0.116996
4 2 0.5 1 -0.0657357 0.0969015
4 -2 0.5 1 0.415585 0.0848852
2 -4 0.5 1 0.749633 0.106201
-2 -4 0.5 1 0.710891 0.138914
-4 -2 0.5 1 0.51912 0.147743
-4 2 0.5 1 0.2307 0.146231
-2 4 0.5 1 0.0562901 0.138212
7 2 3 1 -0.377753 0.471777
7 -2 3 1 0.308534 0.653084
7 2 0.5 1 -0.337158 0.0517346
7 -2 0.5 1 0.293828 0.0109647
4 0 3.3 1 0.140946 0.474121
7 0 3.3 1 -0.110915 0.610736
