0 0 4.5 1 0.21996 0.70466
2 4 3 1 -0.102858 0.307995
4 2 3 1 -0.375663 0.33348
4 -2 3 1 -0.701601 0.519404
2 -4 3 1 -0.212825 0.953799
-2 -4 3 1 1.7819 0.958947
-4 -2 3 1 1.31945 0.580924
-4 2 3 1 0.637143 0.37734
-2 4 3 1 0.302318 0.326553
2 4 0.5 1 -0.085003 0.0501579
4 2 0.5 1 -0.338855 0.00605843
4 -2 0.5 1 -0.594914 -0.149033
2 -4 0.5 1 -0.109253 -0.362136
-2 -4 0.5 1 1.53542 -0.213144
-4 -2 0.5 1 1.22923 -0.0141558
-4 2 0.5 1 0.622146 0.0684977
-2 4 0.5 1 0.303436 0.0746778
7 2 3 1 -0.793713 0.315376
7 -2 3 1 -1.62444 0.491314
7 2 0.5 1 -0.733579 -0.019588
7 -2 0.5 1 -1.41164 -0.209421
4 0 3.3 1 -0.488252 0.450706
7 0 3.3 1 -1.06948 0.430164
