0 0 4.5 1 0.283603 0.466367
2 4 3 1 0.786246 0.264648
4 2 3 1 0.547352 0.236165
4 -2 3 1 0.21571 0.23835
2 -4 3 1 0.0134925 0.259901
-2 -4 3 1 -0.206991 0.322872
-4 -2 3 1 -0.203878 0.393346
-4 2 3 1 0.406393 0.457123
-2 4 3 1 0.872379 0.38029
2 4 0.5 1 0.737543 -0.0177379
4 2 0.5 1 0.516406 0.0201157
4 -2 0.5 1 0.197073 0.0552529
2 -4 0.5 1 -0.00116453 0.0678653
-2 -4 0.5 1 -0.219532 0.0642046
-4 -2 0.5 1 -0.221314 0.0334461
-4 2 0.5 1 0.343534 -0.0570326
-2 4 0.5 1 0.790266 -0.0744058
7 2 3 1 0.565393 0.207885
7 -2 3 1 0.283087 0.213461
7 2 0.5 1 0.539481 0.0304137
7 -2 0.5 1 0.265996 0.0588452
4 0 3.3 1 0.370425 0.261814
7 0 3.3 1 0.416849 0.231172
