0 0 4.5 1 0.0758579 0.0425467
2 4 3 1 -0.276786 -0.0602845
4 2 3 1 -0.162145 -0.0242945
4 -2 3 1 0.275557 -0.00573442
2 -4 3 1 0.447743 -0.0328393
-2 -4 3 1 0.366972 -0.0772129
-4 -2 3 1 0.216139 -0.0953047
-4 2 3 1 -0.0215018 -0.102576
-2 4 3 1 -0.170167 -0.094611
2 4 0.5 1 -0.285241 -0.283406
4 2 0.5 1 -0.1664 -0.301042
4 -2 0.5 1 0.296692 -0.299722
2 -4 0.5 1 0.473782 -0.279258
-2 -4 0.5 1 0.382889 -0.256331
-4 -2 0.5 1 0.225282 -0.250317
-4 2 0.5 1 -0.0196426 -0.25266
-2 4 0.5 1 -0.172953 -0.261095
7 2 3 1 -0.301842 0.0534606
7 -2 3 1 0.338003 0.0884007
7 2 0.5 1 -0.31959 -0.351544
7 -2 0.5 1 0.37609 -0.354654
4 0 3.3 1 0.0492041 0.0168716
7 0 3.3 1 0.0029875 0.116485
