0 0 4.5 1 0.289597 0.22921
2 4 3 1 0.905887 0.0348598
4 2 3 1 0.64366 0.000970825
4 -2 3 1 0.280869 0.00175792
2 -4 3 1 0.0634751 0.0221038
-2 -4 3 1 -0.189486 0.079983
-4 -2 3 1 -0.246991 0.146765
-4 2 3 1 0.272805 0.23492
-2 4 3 1 0.895834 0.171245
2 4 0.5 1 0.903865 -0.310259
4 2 0.5 1 0.636212 -0.247556
4 -2 0.5 1 0.268489 -0.193645
2 -4 0.5 1 0.0470529 -0.174533
-2 -4 0.5 1 -0.216835 -0.174642
-4 -2 0.5 1 -0.287489 -0.21023
-4 2 0.5 1 0.234427 -0.350981
-2 4 0.5 1 0.891882 -0.403825
7 2 3 1 0.692686 -0.0299565
7 -2 3 1 0.373658 -0.0237317
7 2 0.5 1 0.687497 -0.234354
7 -2 0.5 1 0.364522 -0.19078
4 0 3.3 1 0.44224 0.0270859
7 0 3.3 1 0.518341 -0.00488493
