0 0 4.5 1 0.17344 0.308478
2 4 3 1 -0.186106 0.152419
4 2 3 1 -0.116158 0.202268
4 -2 3 1 0.344169 0.285433
2 -4 3 1 0.593607 0.28083
-2 -4 3 1 0.533744 0.214949
-4 -2 3 1 0.367767 0.174036
-4 2 3 1 0.111779 0.138057
-2 4 3 1 -0.0470357 0.129971
2 4 0.5 1 -0.164265 -0.0591535
4 2 0.5 1 -0.08853 -0.0692854
4 -2 0.5 1 0.374109 -0.0384207
2 -4 0.5 1 0.618348 -0.00188746
-2 -4 0.5 1 0.5514 0.0161561
-4 -2 0.5 1 0.382943 0.0094094
-4 2 0.5 1 0.126374 -0.0118893
-2 4 0.5 1 -0.0308753 -0.0308065
7 2 3 1 -0.339114 0.265075
7 -2 3 1 0.316797 0.414645
7 2 0.5 1 -0.297734 -0.125159
7 -2 0.5 1 0.363932 -0.0935227
4 0 3.3 1 0.0903791 0.275894
7 0 3.3 1 -0.0594705 0.383565
