0 0 4.5 1 0.418859 0.125098
2 4 3 1 -0.0236621 -0.0784151
4 2 3 1 -0.128762 -0.0359025
4 -2 3 1 0.214952 0.0778502
2 -4 3 1 1.00352 0.116688
-2 -4 3 1 1.28533 -0.00591714
-4 -2 3 1 0.961375 -0.0699167
-4 2 3 1 0.51072 -0.103018
-2 4 3 1 0.260374 -0.103391
2 4 0.5 1 -0.0307595 -0.326496
4 2 0.5 1 -0.145304 -0.371068
4 -2 0.5 1 0.226056 -0.535224
2 -4 0.5 1 1.13682 -0.637165
-2 -4 0.5 1 1.39531 -0.488536
-4 -2 0.5 1 1.01338 -0.390432
-4 2 0.5 1 0.52737 -0.326691
-2 4 0.5 1 0.265868 -0.312841
7 2 3 1 -0.564674 0.00984772
7 -2 3 1 -0.556478 0.230568
7 2 0.5 1 -0.620583 -0.402423
7 -2 0.5 1 -0.687285 -0.703191
4 0 3.3 1 -0.00373056 0.0525464
7 0 3.3 1 -0.553737 0.140807
