0 0 4.5 1 -0.271799 0.378812
2 4 3 1 -0.305435 0.637709
4 2 3 1 0.41079 0.284215
4 -2 3 1 0.296436 0.0759075
2 -4 3 1 0.0699157 0.0443593
-2 -4 3 1 -0.295539 0.0625731
-4 -2 3 1 -0.594848 0.113469
-4 2 3 1 -1.15653 0.291471
-2 4 3 1 -1.50805 0.558457
2 4 0.5 1 -0.447938 -0.485798
4 2 0.5 1 0.388306 -0.377235
4 -2 0.5 1 0.281184 -0.250309
2 -4 0.5 1 0.0515483 -0.205782
-2 -4 0.5 1 -0.322688 -0.169476
-4 -2 0.5 1 -0.636453 -0.15761
-4 2 0.5 1 -1.26204 -0.176655
-2 4 0.5 1 -1.73857 -0.272683
7 2 3 1 1.35774 0.279831
7 -2 3 1 0.725017 0.0578455
7 2 0.5 1 1.42152 -0.502809
7 -2 0.5 1 0.726509 -0.295296
4 0 3.3 1 0.33668 0.194898
7 0 3.3 1 0.923383 0.1828
