0 0 4.5 1 -0.268996 0.381369
2 4 3 1 -0.750148 0.343323
4 2 3 1 -0.394628 0.328432
4 -2 3 1 0.0916055 0.237952
2 -4 3 1 0.12291 0.200315
-2 -4 3 1 -0.0499412 0.190435
-4 -2 3 1 -0.2273 0.202575
-4 2 3 1 -0.519698 0.241407
-2 4 3 1 -0.715383 0.283556
2 4 0.5 1 -0.753863 -0.00603969
4 2 0.5 1 -0.411836 -0.0506444
4 -2 0.5 1 0.0649415 -0.0464868
2 -4 0.5 1 0.101862 -0.0162488
-2 -4 0.5 1 -0.0634283 0.0221872
-4 -2 0.5 1 -0.237436 0.0404434
-4 2 0.5 1 -0.526022 0.0523833
-2 4 0.5 1 -0.718752 0.0448111
7 2 3 1 -0.240114 0.435944
7 -2 3 1 0.389162 0.27096
7 2 0.5 1 -0.276551 -0.172709
7 -2 0.5 1 0.340498 -0.125706
4 0 3.3 1 -0.113836 0.317177
7 0 3.3 1 0.147539 0.396699
