0 0 4.5 1 0.0709384 0.699701
2 4 3 1 -0.102062 0.30788
4 2 3 1 -0.397656 0.362889
4 -2 3 1 -0.899065 0.57664
2 -4 3 1 -1.08611 0.984826
-2 -4 3 1 1.03097 1.13616
-4 -2 3 1 1.21902 0.563981
-4 2 3 1 0.640361 0.319878
-2 4 3 1 0.310901 0.287938
2 4 0.5 1 -0.116734 0.0586339
4 2 0.5 1 -0.403842 0.0641998
4 -2 0.5 1 -0.875488 0.017314
2 -4 0.5 1 -1.01622 -0.138026
-2 -4 0.5 1 0.749629 -0.385801
-4 -2 0.5 1 1.05176 -0.191373
-4 2 0.5 1 0.586954 -0.0267397
-2 4 0.5 1 0.281212 0.0234377
7 2 3 1 -0.711539 0.375895
7 -2 3 1 -1.41647 0.579733
7 2 0.5 1 -0.70605 0.0919377
7 -2 0.5 1 -1.36223 0.070019
4 0 3.3 1 -0.571568 0.486453
7 0 3.3 1 -0.965626 0.494834
