0 0 4.5 1 0.4043 0.160725
2 4 3 1 -0.0235163 -0.08026
4 2 3 1 -0.160267 -0.0445938
4 -2 3 1 0.0969233 0.094685
2 -4 3 1 0.949702 0.202946
-2 -4 3 1 1.38142 0.0872574
-4 -2 3 1 1.03295 -0.00836663
-4 2 3 1 0.548802 -0.0729451
-2 4 3 1 0.28375 -0.0884284
2 4 0.5 1 -0.0184277 -0.332675
4 2 0.5 1 -0.162407 -0.385001
4 -2 0.5 1 0.126164 -0.556088
2 -4 0.5 1 1.13949 -0.659312
-2 -4 0.5 1 1.54774 -0.464986
-4 -2 0.5 1 1.1131 -0.360989
-4 2 0.5 1 0.579698 -0.309061
-2 4 0.5 1 0.300964 -0.305331
7 2 3 1 -0.609324 -0.0266387
7 -2 3 1 -0.787965 0.192107
7 2 0.5 1 -0.647646 -0.434656
7 -2 0.5 1 -0.916332 -0.762171
4 0 3.3 1 -0.0707021 0.0530409
7 0 3.3 1 -0.658545 0.102405
