0 0 4.5 1 -0.180882 0.0843
2 4 3 1 -0.593413 0.0282087
4 2 3 1 -0.349782 0.0306489
4 -2 3 1 0.103929 -0.0240588
2 -4 3 1 0.176308 -0.0569727
-2 -4 3 1 0.0398399 -0.0716204
-4 -2 3 1 -0.118259 -0.0659506
-4 2 3 1 -0.372692 -0.0416622
-2 4 3 1 -0.536222 -0.0145221
2 4 0.5 1 -0.637958 -0.256502
4 2 0.5 1 -0.389382 -0.297193
4 -2 0.5 1 0.0889724 -0.301935
2 -4 0.5 1 0.166959 -0.273937
-2 -4 0.5 1 0.029527 -0.236064
-4 -2 0.5 1 -0.131346 -0.218786
-4 2 0.5 1 -0.393184 -0.208475
-2 4 0.5 1 -0.565743 -0.21514
7 2 3 1 -0.324016 0.111977
7 -2 3 1 0.317481 0.0162048
7 2 0.5 1 -0.384888 -0.402048
7 -2 0.5 1 0.308303 -0.384711
4 0 3.3 1 -0.101235 0.0354332
7 0 3.3 1 0.0392517 0.108547
