0 0 4.5 1 -0.312042 0.40817
2 4 3 1 -0.0702677 0.190502
4 2 3 1 -0.29062 0.16927
4 -2 3 1 -0.65938 0.165414
2 -4 3 1 -0.931407 0.195538
-2 -4 3 1 -0.941324 0.329416
-4 -2 3 1 -0.29357 0.398956
-4 2 3 1 0.249736 0.314476
-2 4 3 1 0.188406 0.24841
2 4 0.5 1 -0.0514854 -0.00631977
4 2 0.5 1 -0.268464 -0.0251884
4 -2 0.5 1 -0.6239 -0.0798177
2 -4 0.5 1 -0.874851 -0.143306
-2 -4 0.5 1 -0.847209 -0.237928
-4 -2 0.5 1 -0.227695 -0.188999
-4 2 0.5 1 0.274371 -0.0470658
-2 4 0.5 1 0.207309 -0.0084931
7 2 3 1 -0.383308 0.144362
7 -2 3 1 -0.705842 0.135752
7 2 0.5 1 -0.363104 -0.0213742
7 -2 0.5 1 -0.675873 -0.0654957
4 0 3.3 1 -0.456674 0.194136
7 0 3.3 1 -0.531646 0.162672
