0 0 4.5 1 -0.0467664 0.0669986
2 4 3 1 0.232913 -0.0967874
4 2 3 1 0.0592157 -0.102372
4 -2 3 1 -0.208704 -0.0903793
2 -4 3 1 -0.383467 -0.0681877
-2 -4 3 1 -0.498497 -0.0147712
-4 -2 3 1 -0.298229 0.0179071
-4 2 3 1 0.259143 -0.0137247
-2 4 3 1 0.380921 -0.060327
2 4 0.5 1 0.23488 -0.289259
4 2 0.5 1 0.0554294 -0.272577
4 -2 0.5 1 -0.221419 -0.265836
2 -4 0.5 1 -0.405275 -0.274638
-2 -4 0.5 1 -0.537358 -0.317064
-4 -2 0.5 1 -0.332888 -0.362635
-4 2 0.5 1 0.264623 -0.370374
-2 4 0.5 1 0.391348 -0.333553
7 2 3 1 0.0286901 -0.115907
7 -2 3 1 -0.195569 -0.106268
7 2 0.5 1 0.0247226 -0.258221
7 -2 0.5 1 -0.205757 -0.252235
4 0 3.3 1 -0.0716879 -0.07646
7 0 3.3 1 -0.0811424 -0.0943627
