0 0 4.5 1 0.0410465 0.680941
2 4 3 1 1.30786 0.75044
4 2 3 1 0.969219 0.48319
4 -2 3 1 0.429413 0.343709
2 -4 3 1 0.128002 0.309114
-2 -4 3 1 -0.28165 0.302528
-4 -2 3 1 -0.594282 0.335081
-4 2 3 1 -1.039 0.547146
-2 4 3 1 -0.458679 0.969794
2 4 0.5 1 1.14507 -0.220272
4 2 0.5 1 0.908557 -0.026693
4 -2 0.5 1 0.420742 0.0560231
2 -4 0.5 1 0.133212 0.0629195
-2 -4 0.5 1 -0.257123 0.0336803
-4 -2 0.5 1 -0.542736 -0.0231762
-4 2 0.5 1 -0.872813 -0.237267
-2 4 0.5 1 -0.299284 -0.491811
7 2 3 1 1.38204 0.470043
7 -2 3 1 0.711298 0.346085
7 2 0.5 1 1.29736 0.0192673
7 -2 0.5 1 0.690411 0.0781903
4 0 3.3 1 0.625232 0.440969
7 0 3.3 1 0.964809 0.435042
