0 0 4.5 1 -0.114557 0.0126713
2 4 3 1 -0.496136 -0.0798217
4 2 3 1 -0.299987 -0.0548989
4 -2 3 1 0.145727 -0.0628472
2 -4 3 1 0.245549 -0.0887911
-2 -4 3 1 0.128163 -0.117163
-4 -2 3 1 -0.023751 -0.126345
-4 2 3 1 -0.267169 -0.125618
-2 4 3 1 -0.422442 -0.114294
2 4 0.5 1 -0.51842 -0.343392
4 2 0.5 1 -0.314286 -0.365639
4 -2 0.5 1 0.157624 -0.343286
2 -4 0.5 1 0.259337 -0.311543
-2 -4 0.5 1 0.134597 -0.284157
-4 -2 0.5 1 -0.0224234 -0.278694
-4 2 0.5 1 -0.273435 -0.286485
-2 4 0.5 1 -0.435575 -0.303217
7 2 3 1 -0.335402 0.0214135
7 -2 3 1 0.312471 -0.000373779
7 2 0.5 1 -0.36114 -0.456422
7 -2 0.5 1 0.343785 -0.410072
4 0 3.3 1 -0.0661873 -0.0258661
7 0 3.3 1 0.0112476 0.0578818
