0 0 4.5 1 -0.162243 0.56759
2 4 3 1 0.318754 0.803884
4 2 3 1 0.712796 0.375937
4 -2 3 1 0.380573 0.202339
2 -4 3 1 0.11205 0.186619
-2 -4 3 1 -0.281477 0.221711
-4 -2 3 1 -0.600045 0.287581
-4 2 3 1 -1.21496 0.521806
-2 4 3 1 -1.5355 0.902223
2 4 0.5 1 0.184028 -0.445791
4 2 0.5 1 0.63206 -0.265569
4 -2 0.5 1 0.344819 -0.113955
2 -4 0.5 1 0.0865825 -0.0630125
-2 -4 0.5 1 -0.302406 -0.0226801
-4 -2 0.5 1 -0.621733 -0.0124114
-4 2 0.5 1 -1.24185 -0.0559904
-2 4 0.5 1 -1.57271 -0.226138
7 2 3 1 1.56067 0.31178
7 -2 3 1 0.778716 0.16773
7 2 0.5 1 1.45291 -0.357373
7 -2 0.5 1 0.736852 -0.15514
4 0 3.3 1 0.495897 0.311278
7 0 3.3 1 1.03922 0.267687
