0 0 4.5 1 0.386236 0.494744
2 4 3 1 -0.0596052 0.337647
4 2 3 1 -0.0424568 0.387124
4 -2 3 1 0.48229 0.451463
2 -4 3 1 0.92071 0.419641
-2 -4 3 1 0.884369 0.330593
-4 -2 3 1 0.653508 0.298221
-4 2 3 1 0.325069 0.28762
-2 4 3 1 0.132112 0.297633
2 4 0.5 1 -0.0655024 0.108674
4 2 0.5 1 -0.0511499 0.0823235
4 -2 0.5 1 0.431317 0.0217669
2 -4 0.5 1 0.841365 0.013252
-2 -4 0.5 1 0.832236 0.0589328
-4 -2 0.5 1 0.621595 0.0884672
-4 2 0.5 1 0.308602 0.112806
-2 4 0.5 1 0.121395 0.118645
7 2 3 1 -0.379252 0.478307
7 -2 3 1 0.259326 0.651019
7 2 0.5 1 -0.366701 0.0555867
7 -2 0.5 1 0.204365 -0.0577892
4 0 3.3 1 0.176906 0.459628
7 0 3.3 1 -0.143101 0.612627
