0 0 4.5 1 0.254568 0.173667
2 4 3 1 1.09244 0.0742199
4 2 3 1 0.790335 -0.0141439
4 -2 3 1 0.368101 -0.0706642
2 -4 3 1 0.119074 -0.0820611
-2 -4 3 1 -0.194734 -0.0649104
-4 -2 3 1 -0.346073 -0.0154331
-4 2 3 1 -0.0348753 0.157848
-2 4 3 1 0.827868 0.235236
2 4 0.5 1 1.21102 -0.412708
4 2 0.5 1 0.848022 -0.333716
4 -2 0.5 1 0.390244 -0.298375
2 -4 0.5 1 0.129813 -0.300441
-2 -4 0.5 1 -0.197755 -0.335747
-4 -2 0.5 1 -0.36163 -0.39751
-4 2 0.5 1 -0.0196851 -0.581502
-2 4 0.5 1 0.997474 -0.623941
7 2 3 1 0.906324 -0.0383185
7 -2 3 1 0.509751 -0.0816188
7 2 0.5 1 0.959596 -0.301854
7 -2 0.5 1 0.534323 -0.279378
4 0 3.3 1 0.540472 -0.0168854
7 0 3.3 1 0.676093 -0.0371588
