0 0 4.5 1 0.272446 0.151537
2 4 3 1 1.01806 0.0033094
4 2 3 1 0.732253 -0.0587659
4 -2 3 1 0.333558 -0.0877411
2 -4 3 1 0.0965096 -0.0840647
-2 -4 3 1 -0.193542 -0.0472346
-4 -2 3 1 -0.306238 0.0124383
-4 2 3 1 0.107651 0.154623
-2 4 3 1 0.877173 0.159568
2 4 0.5 1 1.09233 -0.425296
4 2 0.5 1 0.766158 -0.351244
4 -2 0.5 1 0.341925 -0.304547
2 -4 0.5 1 0.0950267 -0.295909
-2 -4 0.5 1 -0.210445 -0.314381
-4 -2 0.5 1 -0.338641 -0.363843
-4 2 0.5 1 0.104171 -0.529314
-2 4 0.5 1 0.988204 -0.579172
7 2 3 1 0.817773 -0.0879831
7 -2 3 1 0.454391 -0.106661
7 2 0.5 1 0.849496 -0.328826
7 -2 0.5 1 0.465918 -0.293744
4 0 3.3 1 0.502093 -0.046988
7 0 3.3 1 0.611603 -0.07429
