0 0 4.5 1 -0.426074 0.244926
2 4 3 1 -0.985339 0.303925
4 2 3 1 -0.172767 0.267484
4 -2 3 1 0.141181 0.109117
2 -4 3 1 0.0266372 0.0430814
-2 -4 3 1 -0.262315 -0.00414027
-4 -2 3 1 -0.515732 -0.0131928
-4 2 3 1 -0.976549 0.0190637
-2 4 3 1 -1.31115 0.104806
2 4 0.5 1 -1.02247 -0.442859
4 2 0.5 1 -0.138648 -0.324295
4 -2 0.5 1 0.172464 -0.213316
2 -4 0.5 1 0.0462262 -0.197175
-2 -4 0.5 1 -0.253231 -0.209358
-4 -2 0.5 1 -0.513081 -0.234293
-4 2 0.5 1 -0.991585 -0.302282
-2 4 0.5 1 -1.35528 -0.382839
7 2 3 1 0.633892 0.516794
7 -2 3 1 0.576854 0.190234
7 2 0.5 1 0.780552 -0.348017
7 -2 0.5 1 0.637167 -0.199096
4 0 3.3 1 0.0255449 0.212683
7 0 3.3 1 0.585274 0.35257
