0 0 4.5 1 0.364572 0.280803
2 4 3 1 -0.0359882 -0.00770884
4 2 3 1 -0.213949 0.0164525
4 -2 3 1 -0.104409 0.174337
2 -4 3 1 0.785326 0.387353
-2 -4 3 1 1.49433 0.300435
-4 -2 3 1 1.1104 0.151704
-4 2 3 1 0.580798 0.0412683
-2 4 3 1 0.298492 0.00601602
2 4 0.5 1 -0.0171661 -0.257753
4 2 0.5 1 -0.195997 -0.317719
4 -2 0.5 1 -0.0586874 -0.49363
2 -4 0.5 1 0.968181 -0.604482
-2 -4 0.5 1 1.67241 -0.353784
-4 -2 0.5 1 1.19692 -0.242613
-4 2 0.5 1 0.618367 -0.206833
-2 4 0.5 1 0.324226 -0.215307
7 2 3 1 -0.665967 0.00233831
7 -2 3 1 -1.09289 0.192753
7 2 0.5 1 -0.666575 -0.381794
7 -2 0.5 1 -1.14257 -0.710317
4 0 3.3 1 -0.179875 0.120179
7 0 3.3 1 -0.795695 0.120871
