0 0 4.5 1 0.0345774 0.691673
2 4 3 1 1.30388 0.764234
4 2 3 1 0.972633 0.489267
4 -2 3 1 0.431411 0.349205
2 -4 3 1 0.128924 0.315633
-2 -4 3 1 -0.282709 0.311041
-4 -2 3 1 -0.598444 0.345286
-4 2 3 1 -1.06305 0.56028
-2 4 3 1 -0.526719 0.990199
2 4 0.5 1 1.12754 -0.226575
4 2 0.5 1 0.905467 -0.0281117
4 -2 0.5 1 0.420267 0.0591351
2 -4 0.5 1 0.132519 0.0681578
-2 -4 0.5 1 -0.259296 0.0417803
-4 -2 0.5 1 -0.547736 -0.0127048
-4 2 0.5 1 -0.894835 -0.222782
-2 4 0.5 1 -0.355722 -0.483679
7 2 3 1 1.40036 0.474346
7 -2 3 1 0.71861 0.350298
7 2 0.5 1 1.30704 0.0153108
7 -2 0.5 1 0.69462 0.0794959
4 0 3.3 1 0.627262 0.447071
7 0 3.3 1 0.97544 0.439752
