0 0 4.5 1 0.152154 0.536461
2 4 3 1 0.577878 0.381738
4 2 3 1 0.371911 0.339112
4 -2 3 1 0.0723604 0.313268
2 -4 3 1 -0.117309 0.316483
-2 -4 3 1 -0.310194 0.361946
-4 -2 3 1 -0.252691 0.434248
-4 2 3 1 0.365936 0.525345
-2 4 3 1 0.689595 0.482427
2 4 0.5 1 0.562865 0.137587
4 2 0.5 1 0.366782 0.142931
4 -2 0.5 1 0.0769658 0.136446
2 -4 0.5 1 -0.105964 0.124617
-2 -4 0.5 1 -0.285754 0.0964735
-4 -2 0.5 1 -0.223363 0.0725754
-4 2 0.5 1 0.354916 0.0721532
-2 4 0.5 1 0.659642 0.105137
7 2 3 1 0.372699 0.314542
7 -2 3 1 0.121707 0.294902
7 2 0.5 1 0.368429 0.152755
7 -2 0.5 1 0.124301 0.146512
4 0 3.3 1 0.214421 0.348688
7 0 3.3 1 0.241921 0.32346
