0 0 4.5 1 -0.127292 0.625926
2 4 3 1 0.545185 0.837647
4 2 3 1 0.797308 0.410791
4 -2 3 1 0.403991 0.247663
2 -4 3 1 0.123798 0.233328
-2 -4 3 1 -0.278626 0.268245
-4 -2 3 1 -0.603522 0.334475
-4 2 3 1 -1.23223 0.579462
-2 4 3 1 -1.51316 0.995703
2 4 0.5 1 0.381971 -0.423708
4 2 0.5 1 0.698423 -0.220333
4 -2 0.5 1 0.365114 -0.0669929
2 -4 0.5 1 0.099068 -0.0178837
-2 -4 0.5 1 -0.294142 0.0177961
-4 -2 0.5 1 -0.613685 0.0222049
-4 2 0.5 1 -1.21785 -0.0420438
-2 4 0.5 1 -1.456 -0.246024
7 2 3 1 1.59282 0.344677
7 -2 3 1 0.790157 0.214389
7 2 0.5 1 1.44769 -0.290045
7 -2 0.5 1 0.740044 -0.10116
4 0 3.3 1 0.540678 0.354026
7 0 3.3 1 1.06315 0.309969
