0 0 4.5 1 0.26017 0.593014
2 4 3 1 -0.0891947 0.225427
4 2 3 1 -0.337074 0.243668
4 -2 3 1 -0.539783 0.415248
2 -4 3 1 0.163919 0.795017
-2 -4 3 1 1.71126 0.776315
-4 -2 3 1 1.25131 0.485513
-4 2 3 1 0.614523 0.304201
-2 4 3 1 0.295646 0.251747
2 4 0.5 1 -0.065515 -0.0266002
4 2 0.5 1 -0.29874 -0.0816285
4 -2 0.5 1 -0.449412 -0.25287
2 -4 0.5 1 0.244804 -0.435862
-2 -4 0.5 1 1.63611 -0.200354
-4 -2 0.5 1 1.23283 -0.0357353
-4 2 0.5 1 0.621777 0.0181119
-2 4 0.5 1 0.309145 0.0124231
7 2 3 1 -0.771035 0.216063
7 -2 3 1 -1.53556 0.376183
7 2 0.5 1 -0.716038 -0.126844
7 -2 0.5 1 -1.36289 -0.370776
4 0 3.3 1 -0.40949 0.35431
7 0 3.3 1 -1.01835 0.325016
