0 0 4.5 1 0.157483 0.779377
2 4 3 1 -0.104585 0.36326
4 2 3 1 -0.400299 0.405631
4 -2 3 1 -0.859367 0.616667
2 -4 3 1 -0.770847 1.08626
-2 -4 3 1 1.65479 1.14941
-4 -2 3 1 1.36114 0.630255
-4 2 3 1 0.66337 0.402633
-2 4 3 1 0.317299 0.361347
2 4 0.5 1 -0.10218 0.102577
4 2 0.5 1 -0.37957 0.0828241
4 -2 0.5 1 -0.766955 -0.024922
2 -4 0.5 1 -0.614112 -0.239435
-2 -4 0.5 1 1.25063 -0.295471
-4 -2 0.5 1 1.18481 -0.0661812
-4 2 0.5 1 0.618362 0.0665601
-2 4 0.5 1 0.29876 0.0964444
7 2 3 1 -0.776195 0.406691
7 -2 3 1 -1.59618 0.612158
7 2 0.5 1 -0.733512 0.0885926
7 -2 0.5 1 -1.42401 -0.0110322
4 0 3.3 1 -0.55692 0.53179
7 0 3.3 1 -1.05977 0.530547
