0 0 4.5 1 0.418192 0.125817
2 4 3 1 -0.0235653 -0.0801504
4 2 3 1 -0.130763 -0.0379946
4 -2 3 1 0.207906 0.0776665
2 -4 3 1 1.00139 0.120633
-2 -4 3 1 1.29195 -0.00190702
-4 -2 3 1 0.966381 -0.067775
-4 2 3 1 0.513474 -0.102784
-2 4 3 1 0.262091 -0.104094
2 4 0.5 1 -0.0298831 -0.328714
4 2 0.5 1 -0.146446 -0.373804
4 -2 0.5 1 0.220436 -0.538541
2 -4 0.5 1 1.13958 -0.640687
-2 -4 0.5 1 1.40628 -0.489167
-4 -2 0.5 1 1.0206 -0.390547
-4 2 0.5 1 0.531205 -0.327425
-2 4 0.5 1 0.268422 -0.314188
7 2 3 1 -0.567835 0.00596095
7 -2 3 1 -0.571726 0.227165
7 2 0.5 1 -0.622999 -0.406419
7 -2 0.5 1 -0.703518 -0.709432
4 0 3.3 1 -0.00788767 0.0511649
7 0 3.3 1 -0.560801 0.136985
