0 0 4.5 1 -0.027887 0.19593
2 4 3 1 -0.378287 0.0674916
4 2 3 1 -0.236068 0.110166
4 -2 3 1 0.202187 0.152274
2 -4 3 1 0.340172 0.136957
-2 -4 3 1 0.245691 0.0933284
-4 -2 3 1 0.0992603 0.0678378
-4 2 3 1 -0.133836 0.0450754
-2 4 3 1 -0.282304 0.0418933
2 4 0.5 1 -0.357968 -0.159567
4 2 0.5 1 -0.210265 -0.166082
4 -2 0.5 1 0.230967 -0.121112
2 -4 0.5 1 0.364487 -0.0862602
-2 -4 0.5 1 0.263152 -0.0709759
-4 -2 0.5 1 0.114147 -0.0777124
-4 2 0.5 1 -0.119789 -0.101282
-2 4 0.5 1 -0.266998 -0.124483
7 2 3 1 -0.344139 0.178974
7 -2 3 1 0.310034 0.240745
7 2 0.5 1 -0.306595 -0.235075
7 -2 0.5 1 0.354232 -0.166906
4 0 3.3 1 -0.0191801 0.164024
7 0 3.3 1 -0.0196525 0.258769
