0 0 4.5 1 0.0630263 0.0356845
2 4 3 1 -0.291548 -0.0600441
4 2 3 1 -0.171572 -0.0268733
4 -2 3 1 0.265627 -0.0178236
2 -4 3 1 0.431095 -0.0476878
-2 -4 3 1 0.347212 -0.0892318
-4 -2 3 1 0.196856 -0.104031
-4 2 3 1 -0.0399944 -0.106705
-2 4 3 1 -0.188136 -0.0960421
2 4 0.5 1 -0.304589 -0.28472
4 2 0.5 1 -0.181088 -0.304747
4 -2 0.5 1 0.281407 -0.310048
2 -4 0.5 1 0.452302 -0.291739
-2 -4 0.5 1 0.359564 -0.267017
-4 -2 0.5 1 0.202943 -0.258433
-4 2 0.5 1 -0.0411357 -0.257008
-2 4 0.5 1 -0.194336 -0.263321
7 2 3 1 -0.302946 0.0528347
7 -2 3 1 0.337517 0.0722934
7 2 0.5 1 -0.328112 -0.354899
7 -2 0.5 1 0.368185 -0.367132
4 0 3.3 1 0.0413543 0.00965645
7 0 3.3 1 0.00560511 0.108471
