0 0 4.5 1 0.287486 0.510128
2 4 3 1 -0.0756935 0.163081
4 2 3 1 -0.30586 0.1797
4 -2 3 1 -0.425143 0.345926
2 -4 3 1 0.370141 0.686071
-2 -4 3 1 1.65042 0.651312
-4 -2 3 1 1.20871 0.406293
-4 2 3 1 0.603406 0.241381
-2 4 3 1 0.295238 0.190502
2 4 0.5 1 -0.0506374 -0.0861258
4 2 0.5 1 -0.270007 -0.145303
4 -2 0.5 1 -0.348698 -0.321104
2 -4 0.5 1 0.463088 -0.480521
-2 -4 0.5 1 1.6731 -0.21717
-4 -2 0.5 1 1.23031 -0.0727704
-4 2 0.5 1 0.622842 -0.0314689
-2 4 0.5 1 0.314874 -0.0416898
7 2 3 1 -0.746577 0.149803
7 -2 3 1 -1.44304 0.308317
7 2 0.5 1 -0.701298 -0.20029
7 -2 0.5 1 -1.31939 -0.473767
4 0 3.3 1 -0.350722 0.287443
7 0 3.3 1 -0.968373 0.257831
