0 0 4.5 1 -0.437009 0.505123
2 4 3 1 -1.02863 0.443486
4 2 3 1 -0.450854 0.464402
4 -2 3 1 0.0591673 0.377157
2 -4 3 1 0.034695 0.325765
-2 -4 3 1 -0.190867 0.286995
-4 -2 3 1 -0.404407 0.278241
-4 2 3 1 -0.776444 0.29313
-2 4 3 1 -1.04609 0.334128
2 4 0.5 1 -0.923363 -0.0490408
4 2 0.5 1 -0.394238 -0.0232699
4 -2 0.5 1 0.0689591 0.0615158
2 -4 0.5 1 0.0430181 0.0912911
-2 -4 0.5 1 -0.176878 0.0997707
-4 -2 0.5 1 -0.383397 0.0903086
-4 2 0.5 1 -0.734646 0.055288
-2 4 0.5 1 -0.975066 0.0123455
7 2 3 1 -0.0241165 0.688881
7 -2 3 1 0.454748 0.461565
7 2 0.5 1 0.0104561 -0.116664
7 -2 0.5 1 0.439589 0.037925
4 0 3.3 1 -0.142561 0.460705
7 0 3.3 1 0.293387 0.612725
