0 0 4.5 1 -0.04071 0.0615376
2 4 3 1 0.242989 -0.0991151
4 2 3 1 0.0694798 -0.106785
4 -2 3 1 -0.198098 -0.0977163
2 -4 3 1 -0.372528 -0.0773703
-2 -4 3 1 -0.489634 -0.0250781
-4 -2 3 1 -0.295068 0.0103001
-4 2 3 1 0.262057 -0.0144271
-2 4 3 1 0.388663 -0.060262
2 4 0.5 1 0.247418 -0.292468
4 2 0.5 1 0.0676855 -0.27738
4 -2 0.5 1 -0.208982 -0.272911
2 -4 0.5 1 -0.392291 -0.282959
-2 -4 0.5 1 -0.525673 -0.325387
-4 -2 0.5 1 -0.326338 -0.368566
-4 2 0.5 1 0.271731 -0.372402
-2 4 0.5 1 0.402784 -0.33515
7 2 3 1 0.0401245 -0.120864
7 -2 3 1 -0.183818 -0.113624
7 2 0.5 1 0.0378251 -0.263475
7 -2 0.5 1 -0.192448 -0.259435
4 0 3.3 1 -0.061755 -0.0823151
7 0 3.3 1 -0.0699344 -0.100503
