0 0 4.5 1 0.42634 0.142781
2 4 3 1 -0.0241462 -0.0271441
4 2 3 1 -0.0987453 0.0188961
4 -2 3 1 0.308837 0.103644
2 -4 3 1 1.01828 0.0917856
-2 -4 3 1 1.1875 -0.0265775
-4 -2 3 1 0.887205 -0.0672954
-4 2 3 1 0.469821 -0.0765318
-2 4 3 1 0.235341 -0.0650195
2 4 0.5 1 -0.0411731 -0.26595
4 2 0.5 1 -0.125467 -0.303536
4 -2 0.5 1 0.296185 -0.456776
2 -4 0.5 1 1.07238 -0.551743
-2 -4 0.5 1 1.23213 -0.44139
-4 -2 0.5 1 0.905185 -0.353259
-4 2 0.5 1 0.470156 -0.284302
-2 4 0.5 1 0.228836 -0.263307
7 2 3 1 -0.513998 0.0885921
7 -2 3 1 -0.335042 0.293946
7 2 0.5 1 -0.573408 -0.318002
7 -2 0.5 1 -0.442859 -0.582399
4 0 3.3 1 0.0549403 0.0962426
7 0 3.3 1 -0.4474 0.216211
