0 0 4.5 1 -0.208428 0.176946
2 4 3 1 -0.639206 0.134466
4 2 3 1 -0.365175 0.126695
4 -2 3 1 0.0947799 0.0536229
2 -4 3 1 0.152793 0.0189302
-2 -4 3 1 0.0056323 0.00924818
-4 -2 3 1 -0.15679 0.0200939
-4 2 3 1 -0.419612 0.0533419
-2 4 3 1 -0.590158 0.0873594
2 4 0.5 1 -0.680625 -0.163851
4 2 0.5 1 -0.405734 -0.210902
4 -2 0.5 1 0.0704464 -0.221538
2 -4 0.5 1 0.13484 -0.194003
-2 -4 0.5 1 -0.00968586 -0.153398
-4 -2 0.5 1 -0.172882 -0.132851
-4 2 0.5 1 -0.440618 -0.117125
-2 4 0.5 1 -0.618273 -0.120791
7 2 3 1 -0.302101 0.211687
7 -2 3 1 0.334338 0.0855509
7 2 0.5 1 -0.364317 -0.322242
7 -2 0.5 1 0.305897 -0.307354
4 0 3.3 1 -0.108034 0.121989
7 0 3.3 1 0.0691642 0.191564
