0 0 4.5 1 0.257209 0.601898
2 4 3 1 -0.0905095 0.232062
4 2 3 1 -0.340307 0.250637
4 -2 3 1 -0.552214 0.423001
2 -4 3 1 0.139009 0.807017
-2 -4 3 1 1.71778 0.79
-4 -2 3 1 1.25627 0.493604
-4 2 3 1 0.615958 0.310561
-2 4 3 1 0.295876 0.258063
2 4 0.5 1 -0.0670981 -0.0203551
4 2 0.5 1 -0.301851 -0.0747832
4 -2 0.5 1 -0.46035 -0.245269
2 -4 0.5 1 0.219868 -0.430814
-2 -4 0.5 1 1.63077 -0.199721
-4 -2 0.5 1 1.23292 -0.0326753
-4 2 0.5 1 0.621723 0.022892
-2 4 0.5 1 0.308589 0.0178685
7 2 3 1 -0.773382 0.223499
7 -2 3 1 -1.54436 0.384268
7 2 0.5 1 -0.71759 -0.118751
7 -2 0.5 1 -1.3672 -0.359126
4 0 3.3 1 -0.415737 0.361676
7 0 3.3 1 -1.02323 0.332715
