0 0 4.5 1 0.295644 0.310904
2 4 3 1 0.860014 0.107428
4 2 3 1 0.607626 0.0799421
4 -2 3 1 0.2593 0.086587
2 -4 3 1 0.0496118 0.110361
-2 -4 3 1 -0.188208 0.173123
-4 -2 3 1 -0.221193 0.241189
-4 2 3 1 0.337603 0.311117
-2 4 3 1 0.895406 0.233611
2 4 0.5 1 0.830788 -0.206117
4 2 0.5 1 0.585571 -0.15153
4 -2 0.5 1 0.240891 -0.100922
2 -4 0.5 1 0.0304504 -0.0813884
-2 -4 0.5 1 -0.213913 -0.0789955
-4 -2 0.5 1 -0.257266 -0.111476
-4 2 0.5 1 0.283996 -0.237537
-2 4 0.5 1 0.847474 -0.281702
7 2 3 1 0.642763 0.0498601
7 -2 3 1 0.340799 0.0603638
7 2 0.5 1 0.624698 -0.140372
7 -2 0.5 1 0.325252 -0.0991349
4 0 3.3 1 0.417628 0.108427
7 0 3.3 1 0.480542 0.0763609
