0 0 4.5 1 9.67164e-05 0.0807891
2 4 3 1 0.310748 -0.0573441
4 2 3 1 0.138606 -0.0793477
4 -2 3 1 -0.126548 -0.0901731
2 -4 3 1 -0.299139 -0.0822438
-2 -4 3 1 -0.430646 -0.0383957
-4 -2 3 1 -0.272921 0.0128016
-4 2 3 1 0.28171 0.035445
-2 4 3 1 0.440776 -0.00281867
2 4 0.5 1 0.329824 -0.253547
4 2 0.5 1 0.14977 -0.249838
4 -2 0.5 1 -0.123617 -0.261
2 -4 0.5 1 -0.301946 -0.279341
-2 -4 0.5 1 -0.441565 -0.322131
-4 -2 0.5 1 -0.276416 -0.350138
-4 2 0.5 1 0.315503 -0.325971
-2 4 0.5 1 0.475228 -0.2847
7 2 3 1 0.11715 -0.0965588
7 -2 3 1 -0.104602 -0.105612
7 2 0.5 1 0.125886 -0.238866
7 -2 0.5 1 -0.101596 -0.248154
4 0 3.3 1 0.00521215 -0.0649696
7 0 3.3 1 0.00558979 -0.0844753
