0 0 4.5 1 0.259853 0.484749
2 4 3 1 -0.139969 0.314088
4 2 3 1 -0.0922614 0.365692
4 -2 3 1 0.408654 0.454044
2 -4 3 1 0.734893 0.445709
-2 -4 3 1 0.679568 0.367027
-4 -2 3 1 0.486173 0.32376
-4 2 3 1 0.198618 0.291105
-2 4 3 1 0.0240666 0.286968
2 4 0.5 1 -0.123033 0.0918758
4 2 0.5 1 -0.0724295 0.0745629
4 -2 0.5 1 0.404792 0.0776019
2 -4 0.5 1 0.714244 0.105984
-2 -4 0.5 1 0.667263 0.134237
-4 -2 0.5 1 0.481938 0.137219
-4 2 0.5 1 0.202331 0.128211
-2 4 0.5 1 0.0326974 0.116091
7 2 3 1 -0.373665 0.437848
7 -2 3 1 0.311678 0.617029
7 2 0.5 1 -0.327814 0.0246979
7 -2 0.5 1 0.314491 0.00781857
4 0 3.3 1 0.124843 0.446028
7 0 3.3 1 -0.101518 0.574677
