0 0 4.5 1 0.0910021 0.575427
2 4 3 1 1.29364 0.625204
4 2 3 1 0.93305 0.40967
4 -2 3 1 0.414883 0.277024
2 -4 3 1 0.124646 0.237201
-2 -4 3 1 -0.266043 0.219567
-4 -2 3 1 -0.550082 0.242957
-4 2 3 1 -0.826509 0.439
-2 4 3 1 0.0109812 0.801051
2 4 0.5 1 1.24418 -0.197483
4 2 0.5 1 0.92293 -0.0432523
4 -2 0.5 1 0.424141 0.00841773
2 -4 0.5 1 0.140368 0.00170324
-2 -4 0.5 1 -0.236865 -0.0450946
-4 -2 0.5 1 -0.499345 -0.115857
-4 2 0.5 1 -0.694064 -0.347755
-2 4 0.5 1 0.111114 -0.539644
7 2 3 1 1.24732 0.404432
7 -2 3 1 0.658056 0.285609
7 2 0.5 1 1.22523 0.0136748
7 -2 0.5 1 0.659932 0.0401485
4 0 3.3 1 0.606513 0.368437
7 0 3.3 1 0.88563 0.36894
