0 0 4.5 1 -0.0998729 0.232443
2 4 3 1 0.148008 0.0419697
4 2 3 1 -0.0299907 0.0516934
4 -2 3 1 -0.30664 0.085662
2 -4 3 1 -0.490252 0.122751
-2 -4 3 1 -0.587363 0.185806
-4 -2 3 1 -0.317235 0.193461
-4 2 3 1 0.248645 0.107582
-2 4 3 1 0.321427 0.0590915
2 4 0.5 1 0.130766 -0.140436
4 2 0.5 1 -0.0466134 -0.114217
4 -2 0.5 1 -0.3262 -0.0936798
2 -4 0.5 1 -0.515368 -0.0956143
-2 -4 0.5 1 -0.626315 -0.143366
-4 -2 0.5 1 -0.361271 -0.207687
-4 2 0.5 1 0.217556 -0.232061
-2 4 0.5 1 0.298819 -0.194667
7 2 3 1 -0.0730002 0.0430666
7 -2 3 1 -0.305163 0.0706318
7 2 0.5 1 -0.0871332 -0.0961413
7 -2 0.5 1 -0.321349 -0.0779104
4 0 3.3 1 -0.160742 0.0885696
7 0 3.3 1 -0.183479 0.0735576
