0 0 4.5 1 -0.106694 0.015633
2 4 3 1 -0.484825 -0.080768
4 2 3 1 -0.293517 -0.0536603
4 -2 3 1 0.151083 -0.0563125
2 -4 3 1 0.253819 -0.0812247
-2 -4 3 1 0.138547 -0.111094
-4 -2 3 1 -0.012654 -0.121984
-4 2 3 1 -0.254874 -0.123894
-2 4 3 1 -0.409349 -0.114276
2 4 0.5 1 -0.503285 -0.341424
4 2 0.5 1 -0.303963 -0.361654
4 -2 0.5 1 0.165826 -0.336092
2 -4 0.5 1 0.26993 -0.303885
-2 -4 0.5 1 0.146838 -0.277837
-4 -2 0.5 1 -0.00953515 -0.273807
-4 2 0.5 1 -0.259032 -0.283655
-2 4 0.5 1 -0.419798 -0.301446
7 2 3 1 -0.335086 0.0218904
7 -2 3 1 0.312736 0.00852276
7 2 0.5 1 -0.355237 -0.450665
7 -2 0.5 1 0.347622 -0.400662
4 0 3.3 1 -0.0614448 -0.0219775
7 0 3.3 1 0.00940763 0.0627327
