0 0 4.5 1 -0.312163 0.391029
2 4 3 1 -0.0743077 0.172719
4 2 3 1 -0.295933 0.150912
4 -2 3 1 -0.667644 0.146806
2 -4 3 1 -0.942209 0.177994
-2 -4 3 1 -0.941638 0.317416
-4 -2 3 1 -0.278672 0.387601
-4 2 3 1 0.253612 0.299179
-2 4 3 1 0.186997 0.231793
2 4 0.5 1 -0.0548858 -0.0243361
4 2 0.5 1 -0.273826 -0.0445047
4 -2 0.5 1 -0.633553 -0.101396
2 -4 0.5 1 -0.888757 -0.167064
-2 -4 0.5 1 -0.852634 -0.262493
-4 -2 0.5 1 -0.213088 -0.206988
-4 2 0.5 1 0.28127 -0.0617817
-2 4 0.5 1 0.207828 -0.0245314
7 2 3 1 -0.391001 0.125263
7 -2 3 1 -0.717222 0.116114
7 2 0.5 1 -0.371074 -0.041478
7 -2 0.5 1 -0.688529 -0.0875902
4 0 3.3 1 -0.46263 0.175772
7 0 3.3 1 -0.540469 0.143456
