0 0 4.5 1 0.0807751 0.599258
2 4 3 1 1.30094 0.652927
4 2 3 1 0.941069 0.427949
4 -2 3 1 0.417481 0.293522
2 -4 3 1 0.124718 0.254343
-2 -4 3 1 -0.270169 0.238271
-4 -2 3 1 -0.560516 0.262905
-4 2 3 1 -0.872398 0.461153
-2 4 3 1 -0.0748027 0.835896
2 4 0.5 1 1.2285 -0.198279
4 2 0.5 1 0.92103 -0.0361576
4 -2 0.5 1 0.423367 0.0210945
2 -4 0.5 1 0.138626 0.0166906
-2 -4 0.5 1 -0.241391 -0.0272304
-4 -2 0.5 1 -0.508674 -0.0957995
-4 2 0.5 1 -0.731346 -0.325817
-2 4 0.5 1 0.0317478 -0.531669
7 2 3 1 1.2731 0.42187
7 -2 3 1 0.668114 0.301368
7 2 0.5 1 1.23928 0.0196304
7 -2 0.5 1 0.665679 0.0514846
4 0 3.3 1 0.610345 0.386277
7 0 3.3 1 0.900833 0.386075
