0 0 4.5 1 0.383411 0.224351
2 4 3 1 -0.0286223 -0.0457093
4 2 3 1 -0.190311 -0.0169994
4 -2 3 1 -0.0179002 0.135684
2 -4 3 1 0.865466 0.306525
-2 -4 3 1 1.45073 0.205777
-4 -2 3 1 1.0817 0.0798187
-4 2 3 1 0.570842 -0.0123041
-2 4 3 1 0.295318 -0.0401094
2 4 0.5 1 -0.0145624 -0.297349
4 2 0.5 1 -0.180086 -0.354889
4 -2 0.5 1 0.0215281 -0.529278
2 -4 0.5 1 1.0632 -0.634825
-2 -4 0.5 1 1.63603 -0.40451
-4 -2 0.5 1 1.17117 -0.296982
-4 2 0.5 1 0.607878 -0.255712
-2 4 0.5 1 0.318967 -0.259975
7 2 3 1 -0.642907 -0.0197913
7 -2 3 1 -0.972721 0.184194
7 2 0.5 1 -0.659569 -0.415239
7 -2 0.5 1 -1.06421 -0.748663
4 0 3.3 1 -0.133202 0.0850752
7 0 3.3 1 -0.740932 0.103591
