0 0 4.5 1 0.399932 0.17395
2 4 3 1 -0.0241933 -0.0744562
4 2 3 1 -0.167237 -0.0404676
4 -2 3 1 0.0699544 0.102826
2 -4 3 1 0.932439 0.226419
-2 -4 3 1 1.39941 0.113709
-4 -2 3 1 1.04592 0.0109053
-4 2 3 1 0.555147 -0.0604782
-2 4 3 1 0.28739 -0.0791033
2 4 0.5 1 -0.0167134 -0.326974
4 2 0.5 1 -0.16627 -0.38074
4 -2 0.5 1 0.102002 -0.552801
2 -4 0.5 1 1.12777 -0.656231
-2 -4 0.5 1 1.57333 -0.452597
-4 -2 0.5 1 1.12978 -0.347753
-4 2 0.5 1 0.588125 -0.298568
-2 4 0.5 1 0.306541 -0.296939
7 2 3 1 -0.617747 -0.0279881
7 -2 3 1 -0.834446 0.188007
7 2 0.5 1 -0.651118 -0.433552
7 -2 0.5 1 -0.956762 -0.764031
4 0 3.3 1 -0.0854984 0.0585319
7 0 3.3 1 -0.679219 0.0999297
