0 0 4.5 1 -0.156837 0.428069
2 4 3 1 0.0909242 0.218675
4 2 3 1 -0.0998082 0.226667
4 -2 3 1 -0.40143 0.259772
2 -4 3 1 -0.607852 0.299643
-2 -4 3 1 -0.696361 0.372886
-4 -2 3 1 -0.335784 0.379635
-4 2 3 1 0.258075 0.284794
-2 4 3 1 0.292279 0.236894
2 4 0.5 1 0.075301 0.0320985
4 2 0.5 1 -0.109989 0.0523789
4 -2 0.5 1 -0.405068 0.0624403
2 -4 0.5 1 -0.605685 0.0508606
-2 -4 0.5 1 -0.688605 -0.0127332
-4 -2 0.5 1 -0.34782 -0.0718348
-4 2 0.5 1 0.221702 -0.0617717
-2 4 0.5 1 0.264281 -0.0173172
7 2 3 1 -0.155679 0.217592
7 -2 3 1 -0.410132 0.243883
7 2 0.5 1 -0.163184 0.0706858
7 -2 0.5 1 -0.412955 0.0809393
4 0 3.3 1 -0.240465 0.265041
7 0 3.3 1 -0.275743 0.249042
