0 0 4.5 1 -0.408217 0.522185
2 4 3 1 -0.982 0.462075
4 2 3 1 -0.452037 0.473296
4 -2 3 1 0.0648554 0.385546
2 -4 3 1 0.0528044 0.337673
-2 -4 3 1 -0.163229 0.305807
-4 -2 3 1 -0.370381 0.302163
-4 2 3 1 -0.727034 0.323503
-2 4 3 1 -0.981638 0.365507
2 4 0.5 1 -0.89204 -0.00147261
4 2 0.5 1 -0.406652 0.00407694
4 -2 0.5 1 0.065547 0.0724726
2 -4 0.5 1 0.0538527 0.104161
-2 -4 0.5 1 -0.154837 0.120501
-4 -2 0.5 1 -0.354811 0.117747
-4 2 0.5 1 -0.692366 0.0941776
-2 4 0.5 1 -0.921284 0.0599146
7 2 3 1 -0.090347 0.670311
7 -2 3 1 0.446403 0.458643
7 2 0.5 1 -0.067538 -0.102863
7 -2 0.5 1 0.417648 0.0345494
4 0 3.3 1 -0.14228 0.469239
7 0 3.3 1 0.262112 0.606201
