0 0 4.5 1 -0.00417367 0.732729
2 4 3 1 1.23275 0.829457
4 2 3 1 0.978484 0.505413
4 -2 3 1 0.440574 0.36257
2 -4 3 1 0.134957 0.335987
-2 -4 3 1 -0.284404 0.344658
-4 -2 3 1 -0.613898 0.390155
-4 2 3 1 -1.17712 0.623713
-2 4 3 1 -0.926706 1.08809
2 4 0.5 1 0.996716 -0.275896
4 2 0.5 1 0.878134 -0.0536107
4 -2 0.5 1 0.415559 0.0603816
2 -4 0.5 1 0.128576 0.0827248
-2 -4 0.5 1 -0.26976 0.0749732
-4 -2 0.5 1 -0.572975 0.0365636
-4 2 0.5 1 -1.01466 -0.141788
-2 4 0.5 1 -0.693231 -0.425327
7 2 3 1 1.50253 0.476653
7 -2 3 1 0.759056 0.354239
7 2 0.5 1 1.36172 -0.0310824
7 -2 0.5 1 0.718036 0.0676695
4 0 3.3 1 0.63249 0.463229
7 0 3.3 1 1.033 0.445466
