0 0 4.5 1 0.223048 0.249317
2 4 3 1 1.15546 0.20412
4 2 3 1 0.836164 0.0859675
4 -2 3 1 0.39111 0.00147021
2 -4 3 1 0.131834 -0.0243269
-2 -4 3 1 -0.203131 -0.0265553
-4 -2 3 1 -0.392848 0.0100981
-4 2 3 1 -0.215698 0.199954
-2 4 3 1 0.721434 0.36186
2 4 0.5 1 1.28774 -0.345081
4 2 0.5 1 0.902229 -0.258938
4 -2 0.5 1 0.420943 -0.233573
2 -4 0.5 1 0.151755 -0.24499
-2 -4 0.5 1 -0.19147 -0.294561
-4 -2 0.5 1 -0.386394 -0.3668
-4 2 0.5 1 -0.182442 -0.571317
-2 4 0.5 1 0.90057 -0.620179
7 2 3 1 0.989337 0.0693686
7 -2 3 1 0.555281 -0.000336589
7 2 0.5 1 1.05012 -0.216345
7 -2 0.5 1 0.586154 -0.20631
4 0 3.3 1 0.566936 0.0679171
7 0 3.3 1 0.732381 0.0565684
