0 0 4.5 1 -0.135896 0.611912
2 4 3 1 0.48864 0.830352
4 2 3 1 0.777222 0.402048
4 -2 3 1 0.398512 0.236483
2 -4 3 1 0.121115 0.221993
-2 -4 3 1 -0.279137 0.257225
-4 -2 3 1 -0.602507 0.323586
-4 2 3 1 -1.22826 0.566326
-2 4 3 1 -1.52148 0.973955
2 4 0.5 1 0.333711 -0.429869
4 2 0.5 1 0.682535 -0.231843
4 -2 0.5 1 0.360208 -0.0785318
2 -4 0.5 1 0.0960547 -0.0287699
-2 -4 0.5 1 -0.296136 0.0083469
-4 -2 0.5 1 -0.61572 0.0144572
-4 2 0.5 1 -1.22464 -0.0441004
-2 4 0.5 1 -1.48811 -0.239527
7 2 3 1 1.58662 0.335746
7 -2 3 1 0.787795 0.202609
7 2 0.5 1 1.44953 -0.307346
7 -2 0.5 1 0.739395 -0.114662
4 0 3.3 1 0.530054 0.343426
7 0 3.3 1 1.05807 0.299097
