0 0 4.5 1 -0.275865 0.371997
2 4 3 1 -0.326117 0.629873
4 2 3 1 0.3985 0.281412
4 -2 3 1 0.293154 0.072089
2 -4 3 1 0.0684518 0.0396551
-2 -4 3 1 -0.295889 0.0567352
-4 -2 3 1 -0.594498 0.106668
-4 2 3 1 -1.1542 0.281946
-2 4 3 1 -1.50579 0.544754
2 4 0.5 1 -0.470831 -0.487066
4 2 0.5 1 0.377842 -0.380313
4 -2 0.5 1 0.278938 -0.254606
2 -4 0.5 1 0.0506341 -0.21064
-2 -4 0.5 1 -0.322909 -0.175018
-4 -2 0.5 1 -0.636285 -0.163571
-4 2 0.5 1 -1.26091 -0.182831
-2 4 0.5 1 -1.7393 -0.277288
7 2 3 1 1.34717 0.281086
7 -2 3 1 0.722716 0.0553553
7 2 0.5 1 1.41796 -0.505656
7 -2 0.5 1 0.72623 -0.299096
4 0 3.3 1 0.330274 0.191414
7 0 3.3 1 0.918026 0.18152
