0 0 4.5 1 -0.0983517 0.225213
2 4 3 1 0.150039 0.0354611
4 2 3 1 -0.0276781 0.0449684
4 -2 3 1 -0.303767 0.0785957
2 -4 3 1 -0.48685 0.115395
-2 -4 3 1 -0.58437 0.178162
-4 -2 3 1 -0.31688 0.186325
-4 2 3 1 0.248348 0.101446
-2 4 3 1 0.322575 0.0529027
2 4 0.5 1 0.133082 -0.147082
4 2 0.5 1 -0.0442195 -0.120903
4 -2 0.5 1 -0.323534 -0.100403
2 -4 0.5 1 -0.512451 -0.102287
-2 -4 0.5 1 -0.624247 -0.149655
-4 -2 0.5 1 -0.36144 -0.213701
-4 2 0.5 1 0.217975 -0.23846
-2 4 0.5 1 0.30063 -0.201242
7 2 3 1 -0.0702725 0.0362532
7 -2 3 1 -0.301936 0.0635478
7 2 0.5 1 -0.0843716 -0.102901
7 -2 0.5 1 -0.31829 -0.0847288
4 0 3.3 1 -0.158263 0.0816463
7 0 3.3 1 -0.180578 0.0665858
