0 0 4.5 1 0.215387 0.268423
2 4 3 1 1.16608 0.233003
4 2 3 1 0.843337 0.108954
4 -2 3 1 0.39384 0.019568
2 -4 3 1 0.132698 -0.00855764
-2 -4 3 1 -0.20606 -0.0139292
-4 -2 3 1 -0.402858 0.0203845
-4 2 3 1 -0.254116 0.211598
-2 4 3 1 0.693295 0.389656
2 4 0.5 1 1.29593 -0.329351
4 2 0.5 1 0.908609 -0.241083
4 -2 0.5 1 0.424136 -0.2168
2 -4 0.5 1 0.153726 -0.229483
-2 -4 0.5 1 -0.191923 -0.281009
-4 -2 0.5 1 -0.392151 -0.354706
-4 2 0.5 1 -0.2167 -0.563016
-2 4 0.5 1 0.867945 -0.616051
7 2 3 1 1.0045 0.0938812
7 -2 3 1 0.562534 0.0193951
7 2 0.5 1 1.06445 -0.196499
7 -2 0.5 1 0.593519 -0.188184
4 0 3.3 1 0.570406 0.0882302
7 0 3.3 1 0.74202 0.0785588
