0 0 4.5 1 0.433224 0.334567
2 4 3 1 -0.0224041 0.195478
4 2 3 1 -0.0393385 0.242667
4 -2 3 1 0.455668 0.291924
2 -4 3 1 0.99739 0.243257
-2 -4 3 1 1.01411 0.145947
-4 -2 3 1 0.756801 0.123189
-4 2 3 1 0.398011 0.129242
-2 4 3 1 0.191933 0.148478
2 4 0.5 1 -0.0433662 -0.0297489
4 2 0.5 1 -0.0670878 -0.0596596
4 -2 0.5 1 0.39948 -0.171438
2 -4 0.5 1 0.925337 -0.223819
-2 -4 0.5 1 0.96614 -0.161158
-4 -2 0.5 1 0.724721 -0.10468
-4 2 0.5 1 0.37653 -0.0513323
-2 4 0.5 1 0.172792 -0.0315388
7 2 3 1 -0.407193 0.338068
7 -2 3 1 0.0772447 0.503968
7 2 0.5 1 -0.4352 -0.0665695
7 -2 0.5 1 0.00363693 -0.252688
4 0 3.3 1 0.159952 0.307054
7 0 3.3 1 -0.234479 0.461028
