0 0 4.5 1 -0.0701536 0.467163
2 4 3 1 -0.120837 0.127773
4 2 3 1 -0.40011 0.177357
4 -2 3 1 -0.877373 0.34853
2 -4 3 1 -1.1604 0.621709
-2 -4 3 1 0.05525 0.847451
-4 -2 3 1 0.798645 0.41705
-4 2 3 1 0.53728 0.150123
-2 4 3 1 0.260422 0.111436
2 4 0.5 1 -0.144873 -0.103666
4 2 0.5 1 -0.431021 -0.0854312
4 -2 0.5 1 -0.939627 -0.0901385
2 -4 0.5 1 -1.28475 -0.166162
-2 -4 0.5 1 -0.0723612 -0.444411
-4 -2 0.5 1 0.751911 -0.358293
-4 2 0.5 1 0.511661 -0.20503
-2 4 0.5 1 0.23811 -0.149935
7 2 3 1 -0.638799 0.184291
7 -2 3 1 -1.18782 0.335838
7 2 0.5 1 -0.669741 -0.0551446
7 -2 0.5 1 -1.24704 -0.0414058
4 0 3.3 1 -0.574025 0.280241
7 0 3.3 1 -0.847036 0.27771
