0 0 4.5 1 -0.0282844 0.0571004
2 4 3 1 0.263562 -0.09697
4 2 3 1 0.090454 -0.108942
4 -2 3 1 -0.176429 -0.105888
2 -4 3 1 -0.350256 -0.0893187
-2 -4 3 1 -0.471608 -0.0394231
-4 -2 3 1 -0.288299 0.00118504
-4 2 3 1 0.268219 -0.00933434
-2 4 3 1 0.404523 -0.0532955
2 4 0.5 1 0.27287 -0.291717
4 2 0.5 1 0.0927441 -0.279999
4 -2 0.5 1 -0.183319 -0.280262
2 -4 0.5 1 -0.365363 -0.292883
-2 -4 0.5 1 -0.501009 -0.335403
-4 -2 0.5 1 -0.311931 -0.373774
-4 2 0.5 1 0.286067 -0.369272
-2 4 0.5 1 0.425753 -0.330988
7 2 3 1 0.063461 -0.124067
7 -2 3 1 -0.159845 -0.121761
7 2 0.5 1 0.0646068 -0.267006
7 -2 0.5 1 -0.16509 -0.267009
4 0 3.3 1 -0.0414541 -0.0874707
7 0 3.3 1 -0.0470654 -0.106167
