0 0 4.5 1 -0.436841 0.264819
2 4 3 1 -1.01581 0.298612
4 2 3 1 -0.221986 0.284659
4 -2 3 1 0.125215 0.139918
2 -4 3 1 0.0224839 0.0739533
-2 -4 3 1 -0.257473 0.0235158
-4 -2 3 1 -0.505258 0.0107013
-4 2 3 1 -0.954968 0.0334523
-2 4 3 1 -1.28453 0.107128
2 4 0.5 1 -1.02041 -0.409218
4 2 0.5 1 -0.181622 -0.293189
4 -2 0.5 1 0.157758 -0.179677
2 -4 0.5 1 0.0442226 -0.163606
-2 -4 0.5 1 -0.244439 -0.177591
-4 -2 0.5 1 -0.49634 -0.20412
-4 2 0.5 1 -0.955159 -0.273575
-2 4 0.5 1 -1.29914 -0.352368
7 2 3 1 0.548202 0.548618
7 -2 3 1 0.557319 0.228478
7 2 0.5 1 0.675722 -0.314929
7 -2 0.5 1 0.613648 -0.162642
4 0 3.3 1 -0.00353767 0.239116
7 0 3.3 1 0.545589 0.390282
