0 0 4.5 1 0.185661 0.765022
2 4 3 1 -0.105977 0.352161
4 2 3 1 -0.394649 0.38705
4 -2 3 1 -0.807257 0.588368
2 -4 3 1 -0.549446 1.05328
-2 -4 3 1 1.76137 1.0863
-4 -2 3 1 1.35916 0.624415
-4 2 3 1 0.655714 0.405644
-2 4 3 1 0.311635 0.359639
2 4 0.5 1 -0.0962685 0.0911074
4 2 0.5 1 -0.365129 0.0601633
4 -2 0.5 1 -0.701389 -0.070854
2 -4 0.5 1 -0.406922 -0.292809
-2 -4 0.5 1 1.3954 -0.254646
-4 -2 0.5 1 1.21198 -0.0325672
-4 2 0.5 1 0.621943 0.079288
-2 4 0.5 1 0.301084 0.0987538
7 2 3 1 -0.791463 0.380026
7 -2 3 1 -1.63219 0.574642
7 2 0.5 1 -0.737865 0.0529415
7 -2 0.5 1 -1.42866 -0.0854068
4 0 3.3 1 -0.535599 0.510207
7 0 3.3 1 -1.07713 0.500968
