0 0 4.5 1 -0.418456 0.235167
2 4 3 1 -0.961408 0.312022
4 2 3 1 -0.138186 0.258092
4 -2 3 1 0.151957 0.0906097
2 -4 3 1 0.0292894 0.0249457
-2 -4 3 1 -0.265866 -0.0194592
-4 -2 3 1 -0.523141 -0.0254413
-4 2 3 1 -0.991476 0.0143083
-2 4 3 1 -1.32904 0.109192
2 4 0.5 1 -1.02056 -0.461681
4 2 0.5 1 -0.108054 -0.342995
4 -2 0.5 1 0.181861 -0.233879
2 -4 0.5 1 0.0470047 -0.21726
-2 -4 0.5 1 -0.259759 -0.22756
-4 -2 0.5 1 -0.525036 -0.250911
-4 2 0.5 1 -1.01716 -0.317045
-2 4 0.5 1 -1.39457 -0.398332
7 2 3 1 0.691337 0.495084
7 -2 3 1 0.589874 0.165889
7 2 0.5 1 0.850316 -0.370351
7 -2 0.5 1 0.651741 -0.222557
4 0 3.3 1 0.0455589 0.197131
7 0 3.3 1 0.611942 0.328255
