0 0 4.5 1 -0.0834279 0.15796
2 4 3 1 0.172082 -0.0243881
4 2 3 1 -0.00351427 -0.0180893
4 -2 3 1 -0.275326 0.0107548
2 -4 3 1 -0.454231 0.0439647
-2 -4 3 1 -0.556412 0.103954
-4 -2 3 1 -0.313187 0.118524
-4 2 3 1 0.24732 0.0463288
-2 4 3 1 0.336288 -0.00252276
2 4 0.5 1 0.159274 -0.209336
4 2 0.5 1 -0.017991 -0.184542
4 -2 0.5 1 -0.295592 -0.165984
2 -4 0.5 1 -0.482521 -0.168456
-2 -4 0.5 1 -0.602166 -0.212875
-4 -2 0.5 1 -0.360069 -0.272817
-4 2 0.5 1 0.225936 -0.297896
-2 4 0.5 1 0.322583 -0.26188
7 2 3 1 -0.042113 -0.0280021
7 -2 3 1 -0.269943 -0.00456709
7 2 0.5 1 -0.0547704 -0.167451
7 -2 0.5 1 -0.286648 -0.151163
4 0 3.3 1 -0.133196 0.0160695
7 0 3.3 1 -0.151367 0.000293035
