0 0 4.5 1 0.150732 0.778615
2 4 3 1 -0.104079 0.362944
4 2 3 1 -0.400744 0.406893
4 -2 3 1 -0.867693 0.619562
2 -4 3 1 -0.81355 1.08763
-2 -4 3 1 1.61827 1.15848
-4 -2 3 1 1.35719 0.628511
-4 2 3 1 0.663906 0.39918
-2 4 3 1 0.318086 0.358973
2 4 0.5 1 -0.103353 0.10273
4 2 0.5 1 -0.382267 0.0855063
4 -2 0.5 1 -0.779762 -0.0166725
2 -4 0.5 1 -0.657357 -0.227893
-2 -4 0.5 1 1.21352 -0.304846
-4 -2 0.5 1 1.17674 -0.0755344
-4 2 0.5 1 0.616926 0.0614283
-2 4 0.5 1 0.297974 0.0935556
7 2 3 1 -0.771488 0.409578
7 -2 3 1 -1.58405 0.61668
7 2 0.5 1 -0.731773 0.0939284
7 -2 0.5 1 -1.42102 0.00262
4 0 3.3 1 -0.560122 0.533435
7 0 3.3 1 -1.05359 0.533733
