0 0 4.5 1 -0.288166 0.498022
2 4 3 1 -0.0307736 0.279395
4 2 3 1 -0.243756 0.265859
4 -2 3 1 -0.59412 0.270914
2 -4 3 1 -0.848148 0.300966
-2 -4 3 1 -0.904832 0.406563
-4 -2 3 1 -0.353406 0.458478
-4 2 3 1 0.241285 0.383487
-2 4 3 1 0.212301 0.325671
2 4 0.5 1 -0.0206738 0.0825307
4 2 0.5 1 -0.227098 0.0753578
4 -2 0.5 1 -0.560297 0.0401518
2 -4 0.5 1 -0.790096 -0.00694055
-2 -4 0.5 1 -0.807109 -0.0955868
-4 -2 0.5 1 -0.297056 -0.0905333
-4 2 0.5 1 0.243222 0.0183165
-2 4 0.5 1 0.21497 0.0641914
7 2 3 1 -0.323279 0.246574
7 -2 3 1 -0.62448 0.247257
7 2 0.5 1 -0.306929 0.0850397
7 -2 0.5 1 -0.595606 0.0576805
4 0 3.3 1 -0.404635 0.294212
7 0 3.3 1 -0.464192 0.268537
