0 0 4.5 1 -0.452765 0.47901
2 4 3 1 -1.05479 0.419485
4 2 3 1 -0.440707 0.446646
4 -2 3 1 0.0582419 0.358066
2 -4 3 1 0.0237262 0.303902
-2 -4 3 1 -0.208829 0.260274
-4 -2 3 1 -0.426906 0.24799
-4 2 3 1 -0.810178 0.258518
-2 4 3 1 -1.09074 0.299293
2 4 0.5 1 -0.944378 -0.0959971
4 2 0.5 1 -0.378806 -0.0536577
4 -2 0.5 1 0.0745443 0.0420002
2 -4 0.5 1 0.0371091 0.0696884
-2 -4 0.5 1 -0.191449 0.0721764
-4 -2 0.5 1 -0.403066 0.0577919
-4 2 0.5 1 -0.765555 0.0142237
-2 4 0.5 1 -1.01597 -0.0354221
7 2 3 1 0.0382085 0.690501
7 -2 3 1 0.462166 0.449713
7 2 0.5 1 0.0810905 -0.134378
7 -2 0.5 1 0.458789 0.0292956
4 0 3.3 1 -0.137111 0.441702
7 0 3.3 1 0.320561 0.603048
