0 0 4.5 1 0.0681902 0.0377099
2 4 3 1 -0.285602 -0.0608603
4 2 3 1 -0.167757 -0.0265354
4 -2 3 1 0.269646 -0.0136826
2 -4 3 1 0.437785 -0.0424713
-2 -4 3 1 0.355147 -0.08516
-4 -2 3 1 0.204604 -0.101276
-4 2 3 1 -0.0325625 -0.10579
-2 4 3 1 -0.180913 -0.0962051
2 4 0.5 1 -0.296834 -0.284953
4 2 0.5 1 -0.175184 -0.304004
4 -2 0.5 1 0.287624 -0.306654
2 -4 0.5 1 0.460994 -0.287503
-2 -4 0.5 1 0.368967 -0.263508
-4 -2 0.5 1 0.211938 -0.255951
-4 2 0.5 1 -0.0324998 -0.256035
-2 4 0.5 1 -0.185756 -0.263198
7 2 3 1 -0.302446 0.052423
7 -2 3 1 0.337774 0.0780681
7 2 0.5 1 -0.324702 -0.354271
7 -2 0.5 1 0.371512 -0.362851
4 0 3.3 1 0.0445401 0.0118534
7 0 3.3 1 0.00462079 0.111018
