0 0 4.5 1 0.288378 0.21862
2 4 3 1 0.913742 0.02649
4 2 3 1 0.649822 -0.00890651
4 -2 3 1 0.284465 -0.00963612
2 -4 3 1 0.0656653 0.00984694
-2 -4 3 1 -0.189962 0.0666156
-4 -2 3 1 -0.251501 0.133128
-4 2 3 1 0.261599 0.224941
-2 4 3 1 0.895493 0.164613
2 4 0.5 1 0.916877 -0.324393
4 2 0.5 1 0.645176 -0.260568
4 -2 0.5 1 0.273369 -0.20658
2 -4 0.5 1 0.0500102 -0.187856
-2 -4 0.5 1 -0.217131 -0.188805
-4 -2 0.5 1 -0.292193 -0.225108
-4 2 0.5 1 0.225927 -0.367875
-2 4 0.5 1 0.899676 -0.421424
7 2 3 1 0.701279 -0.0399019
7 -2 3 1 0.379209 -0.0348726
7 2 0.5 1 0.69857 -0.246901
7 -2 0.5 1 0.371391 -0.203368
4 0 3.3 1 0.446379 0.0165377
7 0 3.3 1 0.524768 -0.0153115
