0 0 4.5 1 -0.114729 0.299613
2 4 3 1 0.130302 0.102685
4 2 3 1 -0.0508825 0.11346
4 -2 3 1 -0.333786 0.149319
2 -4 3 1 -0.523186 0.188435
-2 -4 3 1 -0.617026 0.254267
-4 -2 3 1 -0.32106 0.258694
-4 2 3 1 0.252228 0.166034
-2 4 3 1 0.312164 0.118043
2 4 0.5 1 0.11159 -0.0794671
4 2 0.5 1 -0.0671913 -0.0537231
4 -2 0.5 1 -0.350197 -0.0342055
2 -4 0.5 1 -0.542161 -0.03757
-2 -4 0.5 1 -0.644923 -0.0895031
-4 -2 0.5 1 -0.358087 -0.154982
-4 2 0.5 1 0.216296 -0.17295
-2 4 0.5 1 0.285027 -0.133581
7 2 3 1 -0.0978036 0.105321
7 -2 3 1 -0.33553 0.134323
7 2 0.5 1 -0.111324 -0.0351621
7 -2 0.5 1 -0.349107 -0.0175221
4 0 3.3 1 -0.183804 0.151673
7 0 3.3 1 -0.210441 0.136857
