0 0 4.5 1 -0.280678 0.506776
2 4 3 1 -0.0223524 0.287749
4 2 3 1 -0.234087 0.275901
4 -2 3 1 -0.581336 0.283175
2 -4 3 1 -0.832146 0.313938
-2 -4 3 1 -0.893641 0.416036
-4 -2 3 1 -0.357428 0.463885
-4 2 3 1 0.242155 0.388326
-2 4 3 1 0.218163 0.331703
2 4 0.5 1 -0.0142169 0.0909571
4 2 0.5 1 -0.219104 0.0860112
4 -2 0.5 1 -0.54927 0.0544383
2 -4 0.5 1 -0.776405 0.0102168
-2 -4 0.5 1 -0.799482 -0.0771747
-4 -2 0.5 1 -0.304514 -0.0788639
-4 2 0.5 1 0.240225 0.023102
-2 4 0.5 1 0.217866 0.0697603
7 2 3 1 -0.31172 0.257574
7 -2 3 1 -0.60961 0.260356
7 2 0.5 1 -0.296763 0.0966473
7 -2 0.5 1 -0.582208 0.072377
4 0 3.3 1 -0.39387 0.305159
7 0 3.3 1 -0.451315 0.280406
