0 0 4.5 1 0.375834 0.505564
2 4 3 1 -0.0670241 0.345838
4 2 3 1 -0.0464081 0.395672
4 -2 3 1 0.478843 0.463009
2 -4 3 1 0.905737 0.433943
-2 -4 3 1 0.865858 0.345636
-4 -2 3 1 0.638384 0.311752
-4 2 3 1 0.313591 0.298574
-2 4 3 1 0.122182 0.307079
2 4 0.5 1 -0.0704847 0.116639
4 2 0.5 1 -0.0520986 0.0909456
4 -2 0.5 1 0.431203 0.0371334
2 -4 0.5 1 0.830129 0.0333897
-2 -4 0.5 1 0.816339 0.0773047
-4 -2 0.5 1 0.608411 0.103768
-4 2 0.5 1 0.298792 0.124383
-2 4 0.5 1 0.113274 0.128268
7 2 3 1 -0.378905 0.485352
7 -2 3 1 0.271112 0.659955
7 2 0.5 1 -0.361727 0.0614399
7 -2 0.5 1 0.220289 -0.0421754
4 0 3.3 1 0.173997 0.46949
7 0 3.3 1 -0.137089 0.62103
