0 0 4.5 1 0.0316758 0.18006
2 4 3 1 0.367516 0.0587024
4 2 3 1 0.194867 0.0251577
4 -2 3 1 -0.0697956 -0.000697007
2 -4 3 1 -0.241953 -0.00181469
-2 -4 3 1 -0.38782 0.0349389
-4 -2 3 1 -0.262283 0.0958327
-4 2 3 1 0.293367 0.15668
-2 4 3 1 0.48507 0.126255
2 4 0.5 1 0.392169 -0.139359
4 2 0.5 1 0.212931 -0.14396
4 -2 0.5 1 -0.0565577 -0.165786
2 -4 0.5 1 -0.230142 -0.189169
-2 -4 0.5 1 -0.374847 -0.231488
-4 -2 0.5 1 -0.240957 -0.2503
-4 2 0.5 1 0.33643 -0.207642
-2 4 0.5 1 0.524659 -0.162357
7 2 3 1 0.180487 0.005957
7 -2 3 1 -0.0407389 -0.0152686
7 2 0.5 1 0.195299 -0.134867
7 -2 0.5 1 -0.0292889 -0.153289
4 0 3.3 1 0.0589626 0.031743
7 0 3.3 1 0.0671142 0.0117009
