0 0 4.5 1 0.353897 0.312391
2 4 3 1 -0.0408569 0.014861
4 2 3 1 -0.226879 0.0369753
4 -2 3 1 -0.15037 0.196577
2 -4 3 1 0.737478 0.430327
-2 -4 3 1 1.51617 0.351134
-4 -2 3 1 1.12425 0.190101
-4 2 3 1 0.584677 0.0707032
-2 4 3 1 0.298884 0.0321059
2 4 0.5 1 -0.0201219 -0.234386
4 2 0.5 1 -0.205363 -0.29516
4 -2 0.5 1 -0.101187 -0.471669
2 -4 0.5 1 0.908139 -0.586837
-2 -4 0.5 1 1.68373 -0.327874
-4 -2 0.5 1 1.20627 -0.214022
-4 2 0.5 1 0.621385 -0.180029
-2 4 0.5 1 0.324942 -0.190078
7 2 3 1 -0.677945 0.0182292
7 -2 3 1 -1.15154 0.201663
7 2 0.5 1 -0.670514 -0.359935
7 -2 0.5 1 -1.17643 -0.683556
4 0 3.3 1 -0.204623 0.141277
7 0 3.3 1 -0.82308 0.134333
