0 0 4.5 1 0.40657 0.461206
2 4 3 1 -0.0444908 0.310434
4 2 3 1 -0.035807 0.359086
4 -2 3 1 0.485083 0.416926
2 -4 3 1 0.950486 0.378932
-2 -4 3 1 0.924313 0.288173
-4 -2 3 1 0.685966 0.259272
-4 2 3 1 0.349381 0.254452
-2 4 3 1 0.152993 0.267762
2 4 0.5 1 -0.0556811 0.08251
4 2 0.5 1 -0.051038 0.0548836
4 -2 0.5 1 0.428441 -0.0209679
2 -4 0.5 1 0.865739 -0.0411098
-2 -4 0.5 1 0.868273 0.00871378
-4 -2 0.5 1 0.6509 0.0455262
-4 2 0.5 1 0.329782 0.0784386
-2 4 0.5 1 0.138603 0.0886909
7 2 3 1 -0.381734 0.453054
7 -2 3 1 0.224355 0.621546
7 2 0.5 1 -0.380351 0.0345144
7 -2 0.5 1 0.161716 -0.100693
4 0 3.3 1 0.17995 0.428543
7 0 3.3 1 -0.160405 0.583843
