0 0 4.5 1 -0.202724 0.154991
2 4 3 1 -0.629223 0.110172
4 2 3 1 -0.362289 0.104329
4 -2 3 1 0.0959445 0.034684
2 -4 3 1 0.157015 0.000304631
-2 -4 3 1 0.0122773 -0.010203
-4 -2 3 1 -0.149051 -0.000235442
-4 2 3 1 -0.409734 0.031398
-2 4 3 1 -0.578479 0.0640722
2 4 0.5 1 -0.672316 -0.184634
4 2 0.5 1 -0.403468 -0.230662
4 -2 0.5 1 0.0731789 -0.240774
2 -4 0.5 1 0.140539 -0.213267
-2 -4 0.5 1 -0.00230004 -0.173043
-4 -2 0.5 1 -0.164854 -0.152959
-4 2 0.5 1 -0.431121 -0.138014
-2 4 0.5 1 -0.607588 -0.142076
7 2 3 1 -0.307687 0.188263
7 -2 3 1 0.329701 0.0680016
7 2 0.5 1 -0.370652 -0.34061
7 -2 0.5 1 0.304997 -0.326297
4 0 3.3 1 -0.10718 0.101342
7 0 3.3 1 0.0617754 0.171331
