0 0 4.5 1 -0.22876 0.515398
2 4 3 1 0.0282943 0.296641
4 2 3 1 -0.175456 0.294468
4 -2 3 1 -0.504099 0.31461
2 -4 3 1 -0.736072 0.350163
-2 -4 3 1 -0.814829 0.436973
-4 -2 3 1 -0.358786 0.462835
-4 2 3 1 0.251341 0.379028
-2 4 3 1 0.253441 0.32773
2 4 0.5 1 0.0248991 0.102331
4 2 0.5 1 -0.171539 0.109584
4 -2 0.5 1 -0.486064 0.0979405
2 -4 0.5 1 -0.700604 0.0692095
-2 -4 0.5 1 -0.752879 -0.00944502
-4 -2 0.5 1 -0.331352 -0.042926
-4 2 0.5 1 0.230104 0.0182415
-2 4 0.5 1 0.237812 0.066503
7 2 3 1 -0.243352 0.281016
7 -2 3 1 -0.522721 0.295615
7 2 0.5 1 -0.238012 0.124701
7 -2 0.5 1 -0.507184 0.11717
4 0 3.3 1 -0.327828 0.328731
7 0 3.3 1 -0.37492 0.30856
