0 0 4.5 1 -0.439645 0.502008
2 4 3 1 -1.03295 0.440478
4 2 3 1 -0.449927 0.462385
4 -2 3 1 0.0588195 0.37506
2 -4 3 1 0.0329328 0.323271
-2 -4 3 1 -0.193646 0.283771
-4 -2 3 1 -0.407852 0.27448
-4 2 3 1 -0.78153 0.288696
-2 4 3 1 -1.05279 0.329619
2 4 0.5 1 -0.92655 -0.0552819
4 2 0.5 1 -0.39236 -0.0271701
4 -2 0.5 1 0.0695831 0.0592856
2 -4 0.5 1 0.0420211 0.0887908
-2 -4 0.5 1 -0.179112 0.0963978
-4 -2 0.5 1 -0.386354 0.086209
-4 2 0.5 1 -0.739168 0.0499366
-2 4 0.5 1 -0.980951 0.00602798
7 2 3 1 -0.015793 0.689779
7 -2 3 1 0.455723 0.460602
7 2 0.5 1 0.0199907 -0.118849
7 -2 0.5 1 0.4422 0.0372823
4 0 3.3 1 -0.142113 0.458601
7 0 3.3 1 0.297094 0.612104
