0 0 4.5 1 0.176802 0.364462
2 4 3 1 1.21046 0.367057
4 2 3 1 0.871977 0.215975
4 -2 3 1 0.401526 0.107595
2 -4 3 1 0.131758 0.0714665
-2 -4 3 1 -0.223679 0.0555646
-4 -2 3 1 -0.45087 0.0813805
-4 2 3 1 -0.435881 0.274029
-2 4 3 1 0.534748 0.520212
2 4 0.5 1 1.30908 -0.262565
4 2 0.5 1 0.92451 -0.160336
4 -2 0.5 1 0.429991 -0.135962
2 -4 0.5 1 0.154961 -0.151488
-2 -4 0.5 1 -0.200652 -0.207897
-4 -2 0.5 1 -0.422672 -0.285378
-4 2 0.5 1 -0.374618 -0.508464
-2 4 0.5 1 0.674481 -0.592911
7 2 3 1 1.07307 0.207049
7 -2 3 1 0.591644 0.113441
7 2 0.5 1 1.12001 -0.107948
7 -2 0.5 1 0.618856 -0.102867
4 0 3.3 1 0.582106 0.185152
7 0 3.3 1 0.783567 0.181926
