0 0 4.5 1 -0.254516 0.343177
2 4 3 1 -0.724003 0.30647
4 2 3 1 -0.38735 0.291346
4 -2 3 1 0.0924336 0.202547
2 -4 3 1 0.12901 0.165653
-2 -4 3 1 -0.0382093 0.15694
-4 -2 3 1 -0.211918 0.169759
-4 2 3 1 -0.497005 0.208769
-2 4 3 1 -0.686409 0.24988
2 4 0.5 1 -0.738107 -0.0300335
4 2 0.5 1 -0.41138 -0.07699
4 -2 0.5 1 0.0646129 -0.078389
2 -4 0.5 1 0.107161 -0.0488991
-2 -4 0.5 1 -0.0531994 -0.00920211
-4 -2 0.5 1 -0.224352 0.0104138
-4 2 0.5 1 -0.507682 0.024647
-2 4 0.5 1 -0.69673 0.0189265
7 2 3 1 -0.253583 0.392079
7 -2 3 1 0.377758 0.233285
7 2 0.5 1 -0.297197 -0.197498
7 -2 0.5 1 0.33107 -0.160275
4 0 3.3 1 -0.111869 0.280194
7 0 3.3 1 0.131347 0.355542
