0 0 4.5 1 0.0875805 0.583477
2 4 3 1 1.29623 0.63457
4 2 3 1 0.935733 0.415937
4 -2 3 1 0.415722 0.282672
2 -4 3 1 0.124635 0.243038
-2 -4 3 1 -0.267466 0.225886
-4 -2 3 1 -0.553632 0.249654
-4 2 3 1 -0.841929 0.446373
-2 4 3 1 -0.0170737 0.812679
2 4 0.5 1 1.23916 -0.197529
4 2 0.5 1 0.922339 -0.0406855
4 -2 0.5 1 0.423874 0.0128002
2 -4 0.5 1 0.139771 0.00682928
-2 -4 0.5 1 -0.238392 -0.0390484
-4 -2 0.5 1 -0.502479 -0.109113
-4 2 0.5 1 -0.706555 -0.340472
-2 4 0.5 1 0.0848562 -0.537056
7 2 3 1 1.25581 0.410457
7 -2 3 1 0.66136 0.291038
7 2 0.5 1 1.22988 0.0159147
7 -2 0.5 1 0.661821 0.0441155
4 0 3.3 1 0.607777 0.374541
7 0 3.3 1 0.890638 0.374841
