0 0 4.5 1 0.25594 0.531324
2 4 3 1 0.733934 0.338744
4 2 3 1 0.503058 0.305729
4 -2 3 1 0.1793 0.300001
2 -4 3 1 -0.0201532 0.31692
-2 -4 3 1 -0.233386 0.376349
-4 -2 3 1 -0.212504 0.448363
-4 2 3 1 0.41447 0.519358
-2 4 3 1 0.835585 0.450992
2 4 0.5 1 0.688311 0.0666985
4 2 0.5 1 0.475699 0.0942014
4 -2 0.5 1 0.165704 0.116995
2 -4 0.5 1 -0.0279569 0.12273
-2 -4 0.5 1 -0.23442 0.112036
-4 -2 0.5 1 -0.21519 0.0822711
-4 2 0.5 1 0.359178 0.0178352
-2 4 0.5 1 0.756991 0.0178831
7 2 3 1 0.514397 0.278384
7 -2 3 1 0.240712 0.276747
7 2 0.5 1 0.491469 0.104537
7 -2 0.5 1 0.227598 0.122637
4 0 3.3 1 0.331594 0.327117
7 0 3.3 1 0.371268 0.297755
