0 0 4.5 1 -0.122381 0.329794
2 4 3 1 0.122366 0.130008
4 2 3 1 -0.060608 0.140724
4 -2 3 1 -0.346999 0.176727
2 -4 3 1 -0.539576 0.216396
-2 -4 3 1 -0.63216 0.283621
-4 -2 3 1 -0.323384 0.287479
-4 2 3 1 0.254011 0.193071
-2 4 3 1 0.308282 0.145256
2 4 0.5 1 0.103649 -0.0526113
4 2 0.5 1 -0.0761743 -0.0275634
4 -2 0.5 1 -0.361285 -0.00929565
2 -4 0.5 1 -0.554824 -0.0138708
-2 -4 0.5 1 -0.65361 -0.0680645
-4 -2 0.5 1 -0.356034 -0.133214
-4 2 0.5 1 0.21689 -0.146645
-2 4 0.5 1 0.279992 -0.106215
7 2 3 1 -0.109383 0.132609
7 -2 3 1 -0.350213 0.161657
7 2 0.5 1 -0.122103 -0.00890091
7 -2 0.5 1 -0.36201 0.00781368
4 0 3.3 1 -0.194885 0.179269
7 0 3.3 1 -0.223333 0.164383
