0 0 4.5 1 -0.31201 0.385277
2 4 3 1 -0.0755418 0.16668
4 2 3 1 -0.297608 0.144727
4 -2 3 1 -0.670319 0.140624
2 -4 3 1 -0.945716 0.172247
-2 -4 3 1 -0.941429 0.313585
-4 -2 3 1 -0.273393 0.383808
-4 2 3 1 0.255058 0.293914
-2 4 3 1 0.186665 0.226093
2 4 0.5 1 -0.0559552 -0.0304839
4 2 0.5 1 -0.275577 -0.051045
4 -2 0.5 1 -0.636796 -0.10863
2 -4 0.5 1 -0.893484 -0.174993
-2 -4 0.5 1 -0.854411 -0.270694
-4 -2 0.5 1 -0.207996 -0.21305
-4 2 0.5 1 0.283677 -0.0668794
-2 4 0.5 1 0.208091 -0.0300678
7 2 3 1 -0.393494 0.118843
7 -2 3 1 -0.720979 0.109587
7 2 0.5 1 -0.373715 -0.0482663
7 -2 0.5 1 -0.692803 -0.0949918
4 0 3.3 1 -0.464515 0.169627
7 0 3.3 1 -0.543343 0.137034
