0 0 4.5 1 0.281253 0.172966
2 4 3 1 0.961041 -0.00249786
4 2 3 1 0.687085 -0.0486253
4 -2 3 1 0.306382 -0.0605489
2 -4 3 1 0.079116 -0.0473675
-2 -4 3 1 -0.192397 0.00147506
-4 -2 3 1 -0.277395 0.0657438
-4 2 3 1 0.194124 0.180548
-2 4 3 1 0.891097 0.145173
2 4 0.5 1 0.996326 -0.38855
4 2 0.5 1 0.699921 -0.319211
4 -2 0.5 1 0.303761 -0.266899
2 -4 0.5 1 0.0691697 -0.251802
-2 -4 0.5 1 -0.21648 -0.259487
-4 -2 0.5 1 -0.316606 -0.301004
-4 2 0.5 1 0.174051 -0.454429
-2 4 0.5 1 0.944843 -0.508701
7 2 3 1 0.753417 -0.0794625
7 -2 3 1 0.412852 -0.0835824
7 2 0.5 1 0.766253 -0.302154
7 -2 0.5 1 0.413575 -0.260862
4 0 3.3 1 0.471479 -0.0283868
7 0 3.3 1 0.563692 -0.0588568
