0 0 4.5 1 -0.061413 0.0828432
2 4 3 1 -0.42018 -0.0341365
4 2 3 1 -0.257275 0.00362732
4 -2 3 1 0.180752 0.0300323
2 -4 3 1 0.301508 0.0114827
-2 -4 3 1 0.198746 -0.0265921
-4 -2 3 1 0.0515416 -0.0468571
-4 2 3 1 -0.183819 -0.0628391
-2 4 3 1 -0.333873 -0.0621459
2 4 0.5 1 -0.414899 -0.274901
4 2 0.5 1 -0.244797 -0.285053
4 -2 0.5 1 0.208269 -0.243734
2 -4 0.5 1 0.327108 -0.209229
-2 -4 0.5 1 0.21549 -0.190581
-4 -2 0.5 1 0.063745 -0.194194
-4 2 0.5 1 -0.17589 -0.214388
-2 4 0.5 1 -0.328108 -0.236951
7 2 3 1 -0.335246 0.0741793
7 -2 3 1 0.311833 0.108035
7 2 0.5 1 -0.320652 -0.362843
7 -2 0.5 1 0.359803 -0.295677
4 0 3.3 1 -0.0353706 0.049541
7 0 3.3 1 -0.00391642 0.13914
