0 0 4.5 1 -0.0511612 0.112253
2 4 3 1 -0.406295 -0.00876969
4 2 3 1 -0.250003 0.0308483
4 -2 3 1 0.18717 0.0630319
2 -4 3 1 0.312756 0.045803
-2 -4 3 1 0.2128 0.00595266
-4 -2 3 1 0.0662202 -0.0161973
-4 2 3 1 -0.167925 -0.0348219
-2 4 3 1 -0.317192 -0.0357301
2 4 0.5 1 -0.395753 -0.244736
4 2 0.5 1 -0.232698 -0.253255
4 -2 0.5 1 0.216127 -0.209687
2 -4 0.5 1 0.338996 -0.174864
-2 -4 0.5 1 0.230493 -0.157593
-4 -2 0.5 1 0.0798249 -0.162559
-4 2 0.5 1 -0.157622 -0.184399
-2 4 0.5 1 -0.307976 -0.20753
7 2 3 1 -0.336967 0.100428
7 -2 3 1 0.310948 0.144114
7 2 0.5 1 -0.314522 -0.328301
7 -2 0.5 1 0.359322 -0.259199
4 0 3.3 1 -0.0301395 0.0795916
7 0 3.3 1 -0.00836463 0.170442
