0 0 4.5 1 0.417496 0.431506
2 4 3 1 -0.035924 0.284976
4 2 3 1 -0.0336032 0.3331
4 -2 3 1 0.482425 0.387102
2 -4 3 1 0.967288 0.34518
-2 -4 3 1 0.950133 0.253078
-4 -2 3 1 0.706723 0.226426
-4 2 3 1 0.364486 0.225328
-2 4 3 1 0.165708 0.240704
2 4 0.5 1 -0.0504203 0.0580159
4 2 0.5 1 -0.0529529 0.029671
4 -2 0.5 1 0.423667 -0.0565328
2 -4 0.5 1 0.881841 -0.0852223
-2 -4 0.5 1 0.893423 -0.0323526
-4 -2 0.5 1 0.670728 0.00968752
-4 2 0.5 1 0.343402 0.0484873
-2 4 0.5 1 0.14927 0.0616705
7 2 3 1 -0.385485 0.428363
7 -2 3 1 0.192865 0.594529
7 2 0.5 1 -0.392152 0.013568
7 -2 0.5 1 0.126278 -0.136242
4 0 3.3 1 0.178659 0.400603
7 0 3.3 1 -0.175936 0.556609
