0 0 4.5 1 -0.0375432 0.15927
2 4 3 1 -0.389171 0.0335403
4 2 3 1 -0.241404 0.0751592
4 -2 3 1 0.195793 0.11383
2 -4 3 1 0.328435 0.097965
-2 -4 3 1 0.231905 0.0558426
-4 -2 3 1 0.0856715 0.0315366
-4 2 3 1 -0.147504 0.0101087
-2 4 3 1 -0.296099 0.00759546
2 4 0.5 1 -0.372401 -0.196704
4 2 0.5 1 -0.218579 -0.20373
4 -2 0.5 1 0.225273 -0.158636
2 -4 0.5 1 0.354148 -0.123654
-2 -4 0.5 1 0.249898 -0.107775
-4 -2 0.5 1 0.10039 -0.114038
-4 2 0.5 1 -0.134665 -0.13728
-2 4 0.5 1 -0.28293 -0.160676
7 2 3 1 -0.34073 0.143969
7 -2 3 1 0.310003 0.199178
7 2 0.5 1 -0.308783 -0.275161
7 -2 0.5 1 0.356805 -0.205608
4 0 3.3 1 -0.0236383 0.127172
7 0 3.3 1 -0.0149879 0.220086
