0 0 4.5 1 0.266934 0.153028
2 4 3 1 1.04684 0.0217298
4 2 3 1 0.754964 -0.0496593
4 -2 3 1 0.347286 -0.0885558
2 -4 3 1 0.10552 -0.0903625
-2 -4 3 1 -0.193713 -0.0605989
-4 -2 3 1 -0.320797 -0.00423632
-4 2 3 1 0.0582725 0.150873
-2 4 3 1 0.863891 0.180814
2 4 0.5 1 1.13981 -0.428695
4 2 0.5 1 0.798904 -0.352718
4 -2 0.5 1 0.361201 -0.309981
2 -4 0.5 1 0.108698 -0.30524
-2 -4 0.5 1 -0.205814 -0.329946
-4 -2 0.5 1 -0.347805 -0.383963
-4 2 0.5 1 0.0622841 -0.556018
-2 4 0.5 1 1.0009 -0.602658
7 2 3 1 0.85124 -0.0773709
7 -2 3 1 0.475746 -0.104769
7 2 0.5 1 0.892023 -0.327018
7 -2 0.5 1 0.492615 -0.296269
4 0 3.3 1 0.517372 -0.0430113
7 0 3.3 1 0.63629 -0.0680235
