0 0 4.5 1 0.0088991 0.60122
2 4 3 1 -0.107986 0.234143
4 2 3 1 -0.39661 0.28997
4 -2 3 1 -0.89131 0.489644
2 -4 3 1 -1.144 0.836157
-2 -4 3 1 0.558746 1.02782
-4 -2 3 1 1.04804 0.497548
-4 2 3 1 0.599822 0.243166
-2 4 3 1 0.291479 0.211397
2 4 0.5 1 -0.129237 -0.00572079
4 2 0.5 1 -0.416786 0.00921132
4 -2 0.5 1 -0.912919 -0.0108204
2 -4 0.5 1 -1.17125 -0.123957
-2 -4 0.5 1 0.383565 -0.417414
-4 -2 0.5 1 0.930779 -0.271899
-4 2 0.5 1 0.554775 -0.106052
-2 4 0.5 1 0.262269 -0.0503877
7 2 3 1 -0.67406 0.303002
7 -2 3 1 -1.30184 0.487971
7 2 0.5 1 -0.688709 0.0414714
7 -2 0.5 1 -1.31071 0.0455088
4 0 3.3 1 -0.571548 0.405852
7 0 3.3 1 -0.905597 0.412019
