0 0 4.5 1 0.299894 0.472608
2 4 3 1 -0.0690705 0.134688
4 2 3 1 -0.291228 0.151378
4 -2 3 1 -0.373606 0.316061
2 -4 3 1 0.451054 0.637875
-2 -4 3 1 1.62376 0.595389
-4 -2 3 1 1.19137 0.368257
-4 2 3 1 0.599454 0.211078
-2 4 3 1 0.295824 0.161572
2 4 0.5 1 -0.0439977 -0.113777
4 2 0.5 1 -0.257195 -0.174098
4 -2 0.5 1 -0.303152 -0.35086
2 -4 0.5 1 0.555215 -0.500158
-2 -4 0.5 1 1.6835 -0.230829
-4 -2 0.5 1 1.22823 -0.094141
-4 2 0.5 1 0.623471 -0.0566153
-2 4 0.5 1 0.31759 -0.0679799
7 2 3 1 -0.734393 0.121674
7 -2 3 1 -1.39556 0.281976
7 2 0.5 1 -0.694743 -0.232468
7 -2 0.5 1 -1.29754 -0.517558
4 0 3.3 1 -0.323745 0.258206
7 0 3.3 1 -0.94353 0.230164
