0 0 4.5 1 0.32464 0.398719
2 4 3 1 -0.0557249 0.0788429
4 2 3 1 -0.261821 0.0970185
4 -2 3 1 -0.271804 0.259483
2 -4 3 1 0.59345 0.543301
-2 -4 3 1 1.57343 0.484562
-4 -2 3 1 1.15978 0.289352
-4 2 3 1 0.592775 0.148394
-2 4 3 1 0.297591 0.102825
2 4 0.5 1 -0.0316981 -0.169207
4 2 0.5 1 -0.232556 -0.230623
4 -2 0.5 1 -0.212075 -0.407956
2 -4 0.5 1 0.726514 -0.539312
-2 -4 0.5 1 1.69335 -0.268046
-4 -2 0.5 1 1.22165 -0.1439
-4 2 0.5 1 0.62413 -0.110546
-2 4 0.5 1 0.322384 -0.122586
7 2 3 1 -0.709122 0.0701284
7 -2 3 1 -1.29209 0.238196
7 2 0.5 1 -0.682656 -0.293711
7 -2 0.5 1 -1.24893 -0.598919
4 0 3.3 1 -0.269752 0.202543
7 0 3.3 1 -0.891054 0.181053
