0 0 4.5 1 0.18637 0.340692
2 4 3 1 1.20026 0.335268
4 2 3 1 0.865503 0.190681
4 -2 3 1 0.400182 0.086333
2 -4 3 1 0.132519 0.0517192
-2 -4 3 1 -0.218985 0.0377406
-4 -2 3 1 -0.439191 0.0652023
-4 2 3 1 -0.39189 0.257975
-2 4 3 1 0.577086 0.488835
2 4 0.5 1 1.30913 -0.277083
4 2 0.5 1 0.922311 -0.178848
4 -2 0.5 1 0.429616 -0.155273
2 -4 0.5 1 0.155603 -0.17056
-2 -4 0.5 1 -0.197712 -0.2264
-4 -2 0.5 1 -0.414823 -0.303402
-4 2 0.5 1 -0.337086 -0.523421
-2 4 0.5 1 0.726308 -0.598687
7 2 3 1 1.0565 0.180459
7 -2 3 1 0.585046 0.0909868
7 2 0.5 1 1.10783 -0.128089
7 -2 0.5 1 0.613743 -0.122974
4 0 3.3 1 0.579701 0.16194
7 0 3.3 1 0.773756 0.157395
