0 0 4.5 1 0.122208 0.49978
2 4 3 1 1.26571 0.536261
4 2 3 1 0.909285 0.346561
4 -2 3 1 0.408623 0.220687
2 -4 3 1 0.12616 0.180307
-2 -4 3 1 -0.251548 0.160234
-4 -2 3 1 -0.515667 0.181909
-4 2 3 1 -0.684495 0.37432
-2 4 3 1 0.238153 0.696936
2 4 0.5 1 1.2806 -0.206911
4 2 0.5 1 0.926564 -0.0748463
4 -2 0.5 1 0.426842 -0.0372089
2 -4 0.5 1 0.146232 -0.0493222
-2 -4 0.5 1 -0.22271 -0.102579
-4 -2 0.5 1 -0.470629 -0.178091
-4 2 0.5 1 -0.579613 -0.411243
-2 4 0.5 1 0.3368 -0.560548
7 2 3 1 1.17602 0.341916
7 -2 3 1 0.630721 0.230005
7 2 0.5 1 1.18517 -0.0170875
7 -2 0.5 1 0.644147 -0.00309707
4 0 3.3 1 0.596106 0.307626
7 0 3.3 1 0.843736 0.308599
