0 0 4.5 1 0.153423 0.4225
2 4 3 1 1.23454 0.441767
4 2 3 1 0.88751 0.274727
4 -2 3 1 0.404354 0.157841
2 -4 3 1 0.129325 0.119039
-2 -4 3 1 -0.235594 0.100003
-4 -2 3 1 -0.479036 0.122961
-4 2 3 1 -0.542393 0.315042
-2 4 3 1 0.420593 0.595775
2 4 0.5 1 1.3023 -0.232958
4 2 0.5 1 0.927082 -0.119426
4 -2 0.5 1 0.429344 -0.0911512
2 -4 0.5 1 0.151924 -0.106172
-2 -4 0.5 1 -0.209259 -0.162509
-4 -2 0.5 1 -0.44262 -0.2401
-4 2 0.5 1 -0.463744 -0.469112
-2 4 0.5 1 0.538512 -0.579076
7 2 3 1 1.11468 0.268322
7 -2 3 1 0.607601 0.165866
7 2 0.5 1 1.14803 -0.0638734
7 -2 0.5 1 0.62996 -0.056882
4 0 3.3 1 0.587731 0.239715
7 0 3.3 1 0.807922 0.238992
