0 0 4.5 1 0.29216 0.418675
2 4 3 1 0.811457 0.214283
4 2 3 1 0.568392 0.187448
4 -2 3 1 0.232156 0.192753
2 -4 3 1 0.0281443 0.216005
-2 -4 3 1 -0.196968 0.279905
-4 -2 3 1 -0.204763 0.349483
-4 2 3 1 0.391374 0.411984
-2 4 3 1 0.884682 0.332394
2 4 0.5 1 0.765311 -0.0755573
4 2 0.5 1 0.538049 -0.0320021
4 -2 0.5 1 0.212202 0.00924119
2 -4 0.5 1 0.0108258 0.024984
-2 -4 0.5 1 -0.214999 0.024427
-4 -2 0.5 1 -0.22951 -0.00670151
-4 2 0.5 1 0.328509 -0.110264
-2 4 0.5 1 0.807688 -0.137298
7 2 3 1 0.591123 0.158615
7 -2 3 1 0.303467 0.167173
7 2 0.5 1 0.565775 -0.0216465
7 -2 0.5 1 0.285572 0.0118893
4 0 3.3 1 0.387962 0.214808
7 0 3.3 1 0.438959 0.183574
