0 0 4.5 1 0.269828 0.151248
2 4 3 1 1.03252 0.0112376
4 2 3 1 0.743682 -0.0553992
4 -2 3 1 0.340478 -0.0892464
2 -4 3 1 0.101043 -0.0882681
-2 -4 3 1 -0.193629 -0.0549016
-4 -2 3 1 -0.31349 0.00320084
-4 2 3 1 0.0835283 0.151984
-2 4 3 1 0.871194 0.169056
2 4 0.5 1 1.11633 -0.428266
4 2 0.5 1 0.782712 -0.353225
4 -2 0.5 1 0.351647 -0.308435
2 -4 0.5 1 0.101879 -0.301708
-2 -4 0.5 1 -0.208213 -0.323256
-4 -2 0.5 1 -0.343351 -0.374967
-4 2 0.5 1 0.0838752 -0.543674
-2 4 0.5 1 0.99564 -0.591939
7 2 3 1 0.834483 -0.0839237
7 -2 3 1 0.465094 -0.106863
7 2 0.5 1 0.870828 -0.329211
7 -2 0.5 1 0.47933 -0.296212
4 0 3.3 1 0.509806 -0.0461241
7 0 3.3 1 0.623961 -0.0723385
