0 0 4.5 1 0.424187 0.131084
2 4 3 1 -0.0243113 -0.0491662
4 2 3 1 -0.108821 -0.00393914
4 -2 3 1 0.279815 0.0902928
2 -4 3 1 1.01632 0.0928731
-2 -4 3 1 1.21935 -0.02783
-4 -2 3 1 0.911344 -0.0752786
-4 2 3 1 0.483076 -0.0913908
-2 4 3 1 0.243315 -0.08333
2 4 0.5 1 -0.0384698 -0.291339
4 2 0.5 1 -0.132764 -0.331045
4 -2 0.5 1 0.275403 -0.48838
2 -4 0.5 1 1.09713 -0.586552
-2 -4 0.5 1 1.28518 -0.464623
-4 -2 0.5 1 0.940515 -0.372734
-4 2 0.5 1 0.488719 -0.304628
-2 4 0.5 1 0.240587 -0.285538
7 2 3 1 -0.531476 0.0585075
7 -2 3 1 -0.407034 0.270367
7 2 0.5 1 -0.591272 -0.350534
7 -2 0.5 1 -0.523383 -0.627269
4 0 3.3 1 0.0360613 0.0770869
7 0 3.3 1 -0.482783 0.187616
