0 0 4.5 1 -0.256782 0.223678
2 4 3 1 -0.109657 -0.0391218
4 2 3 1 -0.35825 -0.0445713
4 -2 3 1 -0.780221 -0.00505176
2 -4 3 1 -1.08081 0.0863825
-2 -4 3 1 -0.802184 0.318042
-4 -2 3 1 0.056211 0.284706
-4 2 3 1 0.355553 0.0849608
-2 4 3 1 0.20341 0.00865495
2 4 0.5 1 -0.103484 -0.254466
4 2 0.5 1 -0.361651 -0.270371
4 -2 0.5 1 -0.808879 -0.323927
2 -4 0.5 1 -1.15149 -0.399598
-2 -4 0.5 1 -0.885542 -0.520154
-4 -2 0.5 1 0.0997487 -0.424953
-4 2 0.5 1 0.397348 -0.284916
-2 4 0.5 1 0.225748 -0.255802
7 2 3 1 -0.501252 -0.0705216
7 -2 3 1 -0.899297 -0.0463023
7 2 0.5 1 -0.509137 -0.267544
7 -2 0.5 1 -0.928413 -0.310637
4 0 3.3 1 -0.532715 0.00204988
7 0 3.3 1 -0.670128 -0.0341938
