0 0 4.5 1 -0.306849 0.334269
2 4 3 1 -0.084607 0.111264
4 2 3 1 -0.311107 0.0891083
4 -2 3 1 -0.693316 0.0871388
2 -4 3 1 -0.975896 0.124679
-2 -4 3 1 -0.932798 0.284662
-4 -2 3 1 -0.219195 0.350688
-4 2 3 1 0.271241 0.244082
-2 4 3 1 0.186403 0.172544
2 4 0.5 1 -0.0646477 -0.0876794
4 2 0.5 1 -0.291058 -0.110782
4 -2 0.5 1 -0.667222 -0.173134
2 -4 0.5 1 -0.938847 -0.244963
-2 -4 0.5 1 -0.86985 -0.343345
-4 -2 0.5 1 -0.157125 -0.268064
-4 2 0.5 1 0.307386 -0.116047
-2 4 0.5 1 0.212047 -0.082977
7 2 3 1 -0.414987 0.061464
7 -2 3 1 -0.754757 0.0529859
7 2 0.5 1 -0.397807 -0.109843
7 -2 0.5 1 -0.733321 -0.160833
4 0 3.3 1 -0.479857 0.115386
7 0 3.3 1 -0.568408 0.0805183
