0 0 4.5 1 0.183218 0.348526
2 4 3 1 1.20366 0.345831
4 2 3 1 0.867658 0.199099
4 -2 3 1 0.400648 0.0933818
2 -4 3 1 0.132293 0.0582396
-2 -4 3 1 -0.220515 0.0435831
-4 -2 3 1 -0.443051 0.0704711
-4 2 3 1 -0.406429 0.263221
-2 4 3 1 0.563386 0.499221
2 4 0.5 1 1.30931 -0.272147
4 2 0.5 1 0.923128 -0.172636
4 -2 0.5 1 0.429795 -0.148851
2 -4 0.5 1 0.155442 -0.164247
-2 -4 0.5 1 -0.198636 -0.220316
-4 -2 0.5 1 -0.417388 -0.297505
-4 2 0.5 1 -0.34954 -0.518576
-2 4 0.5 1 0.709486 -0.596778
7 2 3 1 1.06196 0.18932
7 -2 3 1 0.58724 0.0984487
7 2 0.5 1 1.11192 -0.12132
7 -2 0.5 1 0.615482 -0.116269
4 0 3.3 1 0.580511 0.169645
7 0 3.3 1 0.776996 0.165555
