0 0 4.5 1 0.0381945 0.649298
2 4 3 1 -0.104474 0.270671
4 2 3 1 -0.396588 0.326801
4 -2 3 1 -0.896002 0.534219
2 -4 3 1 -1.12505 0.909755
-2 -4 3 1 0.77483 1.08447
-4 -2 3 1 1.13269 0.528996
-4 2 3 1 0.620396 0.27953
-2 4 3 1 0.301588 0.248332
2 4 0.5 1 -0.123133 0.0265825
4 2 0.5 1 -0.410769 0.037892
4 -2 0.5 1 -0.897549 0.00688986
2 -4 0.5 1 -1.10723 -0.125041
-2 -4 0.5 1 0.55601 -0.404773
-4 -2 0.5 1 0.989954 -0.23531
-4 2 0.5 1 0.570437 -0.0684206
-2 4 0.5 1 0.27152 -0.0146005
7 2 3 1 -0.690433 0.34046
7 -2 3 1 -1.35294 0.535395
7 2 0.5 1 -0.696391 0.0688387
7 -2 0.5 1 -1.33478 0.0629943
4 0 3.3 1 -0.571503 0.446658
7 0 3.3 1 -0.932226 0.454509
