0 0 4.5 1 -0.178759 0.0788195
2 4 3 1 -0.590112 0.0215263
4 2 3 1 -0.348431 0.0247896
4 -2 3 1 0.104969 -0.0283904
2 -4 3 1 0.178382 -0.0611375
-2 -4 3 1 0.0426331 -0.076233
-4 -2 3 1 -0.115217 -0.0710281
-4 2 3 1 -0.369177 -0.0475055
-2 4 3 1 -0.532318 -0.0209108
2 4 0.5 1 -0.634435 -0.262417
4 2 0.5 1 -0.387592 -0.30252
4 -2 0.5 1 0.090867 -0.306535
2 -4 0.5 1 0.169798 -0.278449
-2 -4 0.5 1 0.0328178 -0.240859
-4 -2 0.5 1 -0.127935 -0.223916
-4 2 0.5 1 -0.389416 -0.214146
-2 4 0.5 1 -0.561635 -0.221122
7 2 3 1 -0.325144 0.105943
7 -2 3 1 0.316745 0.0126185
7 2 0.5 1 -0.385437 -0.406907
7 -2 0.5 1 0.30909 -0.388935
4 0 3.3 1 -0.100433 0.0303794
7 0 3.3 1 0.0375752 0.103866
