0 0 4.5 1 0.434682 0.27104
2 4 3 1 -0.0204671 0.131193
4 2 3 1 -0.0510174 0.178211
4 -2 3 1 0.426022 0.230395
2 -4 3 1 1.00764 0.182552
-2 -4 3 1 1.05374 0.080387
-4 -2 3 1 0.786791 0.0572558
-4 2 3 1 0.415541 0.0643484
-2 4 3 1 0.203623 0.0841381
2 4 0.5 1 -0.0431439 -0.0949655
4 2 0.5 1 -0.0815007 -0.125994
4 -2 0.5 1 0.377336 -0.251377
2 -4 0.5 1 0.956545 -0.317823
-2 -4 0.5 1 1.02029 -0.246863
-4 -2 0.5 1 0.762511 -0.181397
-4 2 0.5 1 0.396831 -0.120776
-2 4 0.5 1 0.185246 -0.0983787
7 2 3 1 -0.429923 0.270682
7 -2 3 1 -0.016039 0.442548
7 2 0.5 1 -0.469817 -0.130229
7 -2 0.5 1 -0.094171 -0.337043
4 0 3.3 1 0.138093 0.243191
7 0 3.3 1 -0.283053 0.392645
