0 0 4.5 1 0.0389099 0.215705
2 4 3 1 0.381829 0.0965997
4 2 3 1 0.208189 0.0606482
4 -2 3 1 -0.057334 0.0320275
2 -4 3 1 -0.229933 0.0293839
-2 -4 3 1 -0.379856 0.0649517
-4 -2 3 1 -0.262088 0.127617
-4 2 3 1 0.295775 0.19635
-2 4 3 1 0.496992 0.167366
2 4 0.5 1 0.406055 -0.102981
4 2 0.5 1 0.226671 -0.108852
4 -2 0.5 1 -0.0424837 -0.13218
2 -4 0.5 1 -0.215377 -0.156116
-2 -4 0.5 1 -0.361905 -0.19803
-4 -2 0.5 1 -0.235736 -0.215641
-4 2 0.5 1 0.33845 -0.170878
-2 4 0.5 1 0.534989 -0.124841
7 2 3 1 0.195515 0.0410107
7 -2 3 1 -0.0264103 0.0175907
7 2 0.5 1 0.210747 -0.100015
7 -2 0.5 1 -0.0137081 -0.119752
4 0 3.3 1 0.0712481 0.065861
7 0 3.3 1 0.0813545 0.0456588
