0 0 4.5 1 0.167244 0.777809
2 4 3 1 -0.105258 0.361825
4 2 3 1 -0.399127 0.401748
4 -2 3 1 -0.84469 0.609924
2 -4 3 1 -0.701955 1.08002
-2 -4 3 1 1.70063 1.13223
-4 -2 3 1 1.3639 0.630846
-4 2 3 1 0.661705 0.405951
-2 4 3 1 0.315743 0.363047
2 4 0.5 1 -0.100358 0.100704
4 2 0.5 1 -0.375202 0.0771639
4 -2 0.5 1 -0.74654 -0.0387114
2 -4 0.5 1 -0.547183 -0.257076
-2 -4 0.5 1 1.30291 -0.281467
-4 -2 0.5 1 1.19547 -0.0533444
-4 2 0.5 1 0.620043 0.0727274
-2 4 0.5 1 0.299721 0.0991759
7 2 3 1 -0.782432 0.400229
7 -2 3 1 -1.61176 0.602658
7 2 0.5 1 -0.735629 0.0787705
7 -2 0.5 1 -1.42721 -0.0335826
4 0 3.3 1 -0.551114 0.527121
7 0 3.3 1 -1.06756 0.52338
