0 0 4.5 1 0.00569967 0.0918045
2 4 3 1 0.320294 -0.0430806
4 2 3 1 0.148296 -0.0671204
4 -2 3 1 -0.116535 -0.0807107
2 -4 3 1 -0.288912 -0.0744861
-2 -4 3 1 -0.422623 -0.0319265
-4 -2 3 1 -0.27022 0.0211625
-4 2 3 1 0.284084 0.050554
-2 4 3 1 0.448088 0.0136314
2 4 0.5 1 0.340943 -0.239406
4 2 0.5 1 0.161043 -0.237295
4 -2 0.5 1 -0.111627 -0.250568
2 -4 0.5 1 -0.289096 -0.26997
-2 -4 0.5 1 -0.429443 -0.312774
-4 -2 0.5 1 -0.269378 -0.338879
-4 2 0.5 1 0.320414 -0.310909
-2 4 0.5 1 0.484459 -0.268953
7 2 3 1 0.128008 -0.0847025
7 -2 3 1 -0.0934533 -0.0960106
7 2 0.5 1 0.138113 -0.226704
7 -2 0.5 1 -0.0888027 -0.23779
4 0 3.3 1 0.0145858 -0.0541792
7 0 3.3 1 0.0162268 -0.0737944
