0 0 4.5 1 0.303005 0.46325
2 4 3 1 -0.0673908 0.127602
4 2 3 1 -0.287542 0.144382
4 -2 3 1 -0.360752 0.308739
2 -4 3 1 0.470252 0.625902
-2 -4 3 1 1.61723 0.581434
-4 -2 3 1 1.18721 0.358559
-4 2 3 1 0.598545 0.203354
-2 4 3 1 0.296018 0.154255
2 4 0.5 1 -0.0423704 -0.120733
4 2 0.5 1 -0.254026 -0.181276
4 -2 0.5 1 -0.291741 -0.358198
2 -4 0.5 1 0.577643 -0.505062
-2 -4 0.5 1 1.68554 -0.234795
-4 -2 0.5 1 1.2276 -0.0998896
-4 2 0.5 1 0.623616 -0.0631303
-2 4 0.5 1 0.318255 -0.0746962
7 2 3 1 -0.731276 0.114851
7 -2 3 1 -1.3832 0.275832
7 2 0.5 1 -0.693142 -0.240389
7 -2 0.5 1 -1.29183 -0.528227
4 0 3.3 1 -0.316973 0.251014
7 0 3.3 1 -0.937142 0.223539
