0 0 4.5 1 -0.224764 0.234026
2 4 3 1 -0.122218 -0.0504217
4 2 3 1 -0.380534 -0.0413478
4 -2 3 1 -0.818476 0.030431
2 -4 3 1 -1.12014 0.159757
-2 -4 3 1 -0.680998 0.410386
-4 -2 3 1 0.213198 0.291108
-4 2 3 1 0.39594 0.0526343
-2 4 3 1 0.210907 -0.0182743
2 4 0.5 1 -0.126852 -0.272636
4 2 0.5 1 -0.39779 -0.278428
4 -2 0.5 1 -0.875005 -0.316135
2 -4 0.5 1 -1.24591 -0.385442
-2 -4 0.5 1 -0.818724 -0.530171
-4 -2 0.5 1 0.25018 -0.451249
-4 2 0.5 1 0.427561 -0.320241
-2 4 0.5 1 0.223297 -0.286207
7 2 3 1 -0.545007 -0.0612551
7 -2 3 1 -0.973448 -0.00872641
7 2 0.5 1 -0.566994 -0.269856
7 -2 0.5 1 -1.02925 -0.297614
4 0 3.3 1 -0.555718 0.0196957
7 0 3.3 1 -0.721294 -0.0115931
