0 0 4.5 1 -0.3866 0.226433
2 4 3 1 -0.84228 0.373083
4 2 3 1 0.00327621 0.238405
4 -2 3 1 0.192212 0.0404853
2 -4 3 1 0.0379238 -0.0203191
-2 -4 3 1 -0.28078 -0.0497099
-4 -2 3 1 -0.552404 -0.0407473
-4 2 3 1 -1.04878 0.0342213
-2 4 3 1 -1.39446 0.170314
2 4 0.5 1 -0.974878 -0.504502
4 2 0.5 1 0.0203953 -0.394736
4 -2 0.5 1 0.213197 -0.290898
2 -4 0.5 1 0.0460006 -0.269302
-2 -4 0.5 1 -0.287257 -0.268198
-4 -2 0.5 1 -0.572345 -0.282352
-4 2 0.5 1 -1.11604 -0.335862
-2 4 0.5 1 -1.54539 -0.417175
7 2 3 1 0.905199 0.413452
7 -2 3 1 0.636087 0.0889092
7 2 0.5 1 1.09571 -0.450443
7 -2 0.5 1 0.694817 -0.296137
4 0 3.3 1 0.124057 0.156894
7 0 3.3 1 0.710828 0.2479
