0 0 4.5 1 -0.443486 0.28123
2 4 3 1 -1.03269 0.299555
4 2 3 1 -0.252914 0.298009
4 -2 3 1 0.114872 0.162036
2 -4 3 1 0.0197393 0.0964836
-2 -4 3 1 -0.254498 0.0445726
-4 -2 3 1 -0.49869 0.0298316
-4 2 3 1 -0.941178 0.0474389
-2 4 3 1 -1.26703 0.114201
2 4 0.5 1 -1.01669 -0.383564
4 2 0.5 1 -0.20834 -0.270775
4 -2 0.5 1 0.147719 -0.15596
2 -4 0.5 1 0.0424474 -0.139537
-2 -4 0.5 1 -0.239229 -0.154037
-4 -2 0.5 1 -0.486053 -0.181098
-4 2 0.5 1 -0.93243 -0.25066
-2 4 0.5 1 -1.26402 -0.327835
7 2 3 1 0.49171 0.569098
7 -2 3 1 0.544549 0.254618
7 2 0.5 1 0.606757 -0.293419
7 -2 0.5 1 0.597237 -0.138131
4 0 3.3 1 -0.0221518 0.258473
7 0 3.3 1 0.519579 0.415837
