0 0 4.5 1 0.294691 0.290432
2 4 3 1 0.869934 0.0883055
4 2 3 1 0.615454 0.0598571
4 -2 3 1 0.264145 0.0657597
2 -4 3 1 0.0529161 0.0890751
-2 -4 3 1 -0.188044 0.151055
-4 -2 3 1 -0.226438 0.218859
-4 2 3 1 0.323952 0.292062
-2 4 3 1 0.895968 0.216616
2 4 0.5 1 0.845973 -0.231581
4 2 0.5 1 0.596183 -0.174998
4 -2 0.5 1 0.246755 -0.123207
2 -4 0.5 1 0.0340332 -0.103451
-2 -4 0.5 1 -0.214554 -0.101189
-4 -2 0.5 1 -0.263999 -0.134175
-4 2 0.5 1 0.273403 -0.263939
-2 4 0.5 1 0.856717 -0.310698
7 2 3 1 0.653515 0.0295387
7 -2 3 1 0.348033 0.0395802
7 2 0.5 1 0.637897 -0.163504
7 -2 0.5 1 0.333617 -0.121342
4 0 3.3 1 0.423094 0.0880911
7 0 3.3 1 0.488797 0.0559585
