0 0 4.5 1 -0.292627 0.491123
2 4 3 1 -0.0360903 0.272784
4 2 3 1 -0.249873 0.258175
4 -2 3 1 -0.602258 0.261834
2 -4 3 1 -0.858369 0.291488
-2 -4 3 1 -0.911509 0.399548
-4 -2 3 1 -0.349938 0.454065
-4 2 3 1 0.240977 0.379195
-2 4 3 1 0.208651 0.320557
2 4 0.5 1 -0.0247513 0.0759167
4 2 0.5 1 -0.232204 0.0672973
4 -2 0.5 1 -0.567467 0.0297275
2 -4 0.5 1 -0.799119 -0.0192505
-2 -4 0.5 1 -0.811971 -0.108672
-4 -2 0.5 1 -0.291583 -0.0990418
-4 2 0.5 1 0.245484 0.0141871
-2 4 0.5 1 0.213266 0.059466
7 2 3 1 -0.330674 0.238254
7 -2 3 1 -0.634067 0.2376
7 2 0.5 1 -0.313498 0.0763358
7 -2 0.5 1 -0.604387 0.0469601
4 0 3.3 1 -0.411432 0.285958
7 0 3.3 1 -0.472436 0.259663
