0 0 4.5 1 -0.246655 0.319446
2 4 3 1 -0.709581 0.28307
4 2 3 1 -0.38347 0.268213
4 -2 3 1 0.092682 0.180787
2 -4 3 1 0.132369 0.144276
-2 -4 3 1 -0.0316212 0.135994
-4 -2 3 1 -0.203307 0.149004
-4 2 3 1 -0.48437 0.187825
-2 4 3 1 -0.670341 0.228186
2 4 0.5 1 -0.729232 -0.0463935
4 2 0.5 1 -0.4111 -0.0942789
4 -2 0.5 1 0.0645366 -0.0984084
2 -4 0.5 1 0.110362 -0.069342
-2 -4 0.5 1 -0.0472545 -0.0290963
-4 -2 0.5 1 -0.216865 -0.00887914
-4 2 0.5 1 -0.497326 0.00636342
-2 4 0.5 1 -0.684352 0.00149553
7 2 3 1 -0.261318 0.365532
7 -2 3 1 0.370885 0.21066
7 2 0.5 1 -0.308819 -0.213661
7 -2 0.5 1 0.325859 -0.181549
4 0 3.3 1 -0.111042 0.257375
7 0 3.3 1 0.121735 0.330783
