0 0 4.5 1 0.0403556 0.223168
2 4 3 1 0.384735 0.104371
4 2 3 1 0.210839 0.0679731
4 -2 3 1 -0.0549264 0.0388679
2 -4 3 1 -0.227653 0.0359694
-2 -4 3 1 -0.378408 0.0713481
-4 -2 3 1 -0.262154 0.134339
-4 2 3 1 0.296285 0.204525
-2 4 3 1 0.499476 0.175778
2 4 0.5 1 0.408776 -0.0955964
4 2 0.5 1 0.229328 -0.101666
4 -2 0.5 1 -0.0398177 -0.125218
2 -4 0.5 1 -0.212615 -0.149222
-2 -4 0.5 1 -0.359547 -0.191037
-4 -2 0.5 1 -0.234893 -0.20847
-4 2 0.5 1 0.338737 -0.163449
-2 4 0.5 1 0.537002 -0.117288
7 2 3 1 0.198496 0.0482488
7 -2 3 1 -0.0236274 0.0244482
7 2 0.5 1 0.213748 -0.0928688
7 -2 0.5 1 -0.0107309 -0.112805
4 0 3.3 1 0.0736615 0.072953
7 0 3.3 1 0.0841551 0.0527129
