0 0 4.5 1 0.232654 0.553829
2 4 3 1 0.69732 0.369188
4 2 3 1 0.472007 0.333169
4 -2 3 1 0.153503 0.321986
2 -4 3 1 -0.0440678 0.335491
-2 -4 3 1 -0.25286 0.391858
-4 -2 3 1 -0.222078 0.464518
-4 2 3 1 0.409004 0.541305
-2 4 3 1 0.804416 0.479292
2 4 0.5 1 0.657299 0.103146
4 2 0.5 1 0.449081 0.124497
4 -2 0.5 1 0.144153 0.139452
2 -4 0.5 1 -0.0469258 0.140613
-2 -4 0.5 1 -0.246572 0.125265
-4 -2 0.5 1 -0.215552 0.0965165
-4 2 0.5 1 0.362404 0.0487799
-2 4 0.5 1 0.734311 0.0587245
7 2 3 1 0.480103 0.306423
7 -2 3 1 0.211701 0.2999
7 2 0.5 1 0.460898 0.134821
7 -2 0.5 1 0.202147 0.146374
4 0 3.3 1 0.303801 0.351544
7 0 3.3 1 0.340017 0.323102
