0 0 4.5 1 -0.0984515 0.419324
2 4 3 1 -0.125346 0.088664
4 2 3 1 -0.4015 0.134072
4 -2 3 1 -0.872306 0.292369
2 -4 3 1 -1.16049 0.540843
-2 -4 3 1 -0.0989208 0.776166
-4 -2 3 1 0.703633 0.390303
-4 2 3 1 0.513529 0.120274
-2 4 3 1 0.24927 0.0773031
2 4 0.5 1 -0.148815 -0.140908
4 2 0.5 1 -0.434153 -0.123768
4 -2 0.5 1 -0.943727 -0.127966
2 -4 0.5 1 -1.30765 -0.196078
-2 -4 0.5 1 -0.229828 -0.455709
-4 -2 0.5 1 0.679405 -0.384926
-4 2 0.5 1 0.496673 -0.238159
-2 4 0.5 1 0.23098 -0.185043
7 2 3 1 -0.627541 0.137481
7 -2 3 1 -1.15283 0.274937
7 2 0.5 1 -0.66168 -0.0958067
7 -2 0.5 1 -1.22255 -0.0838247
4 0 3.3 1 -0.575222 0.23146
7 0 3.3 1 -0.828942 0.224624
