0 0 4.5 1 -0.0259204 0.20348
2 4 3 1 -0.37621 0.074564
4 2 3 1 -0.235047 0.117416
4 -2 3 1 0.203533 0.16009
2 -4 3 1 0.342623 0.144834
-2 -4 3 1 0.24851 0.100914
-4 -2 3 1 0.101992 0.0752223
-4 2 3 1 -0.131155 0.0522609
-2 4 3 1 -0.279635 0.0489938
2 4 0.5 1 -0.355275 -0.151957
4 2 0.5 1 -0.208749 -0.158424
4 -2 0.5 1 0.232065 -0.113602
2 -4 0.5 1 0.366556 -0.0788042
-2 -4 0.5 1 0.265789 -0.0635986
-4 -2 0.5 1 0.116848 -0.0703831
-4 2 0.5 1 -0.116929 -0.0939501
-2 4 0.5 1 -0.263973 -0.117073
7 2 3 1 -0.344863 0.186287
7 -2 3 1 0.310152 0.249202
7 2 0.5 1 -0.306326 -0.22694
7 -2 0.5 1 0.353685 -0.159223
4 0 3.3 1 -0.0182688 0.171595
7 0 3.3 1 -0.0205452 0.266751
