0 0 4.5 1 -0.150021 0.334479
2 4 3 1 -0.1307 0.0194275
4 2 3 1 -0.401156 0.0540596
4 -2 3 1 -0.860389 0.184109
2 -4 3 1 -1.15534 0.387608
-2 -4 3 1 -0.35356 0.637019
-4 -2 3 1 0.520737 0.344584
-4 2 3 1 0.46889 0.0743248
-2 4 3 1 0.23074 0.0212555
2 4 0.5 1 -0.150408 -0.207904
4 2 0.5 1 -0.433239 -0.196216
4 -2 0.5 1 -0.939273 -0.206667
2 -4 0.5 1 -1.32293 -0.26813
-2 -4 0.5 1 -0.502261 -0.483499
-4 -2 0.5 1 0.530183 -0.42639
-4 2 0.5 1 0.4703 -0.291256
-2 4 0.5 1 0.222213 -0.244074
7 2 3 1 -0.604317 0.0493275
7 -2 3 1 -1.09022 0.157404
7 2 0.5 1 -0.639882 -0.17448
7 -2 0.5 1 -1.16822 -0.172434
4 0 3.3 1 -0.575164 0.139676
7 0 3.3 1 -0.794893 0.123614
