0 0 4.5 1 0.0931378 0.437212
2 4 3 1 0.484374 0.306594
4 2 3 1 0.294989 0.262987
4 -2 3 1 0.0128186 0.230145
2 -4 3 1 -0.168453 0.227165
-2 -4 3 1 -0.344557 0.2647
-4 -2 3 1 -0.265353 0.334326
-4 2 3 1 0.325837 0.427343
-2 4 3 1 0.594782 0.396001
2 4 0.5 1 0.490818 0.0842387
4 2 0.5 1 0.304027 0.0804892
4 -2 0.5 1 0.0263686 0.061226
2 -4 0.5 1 -0.149887 0.0412308
-2 -4 0.5 1 -0.31383 0.00523951
-4 -2 0.5 1 -0.227372 -0.0138975
-4 2 0.5 1 0.344509 0.0160252
-2 4 0.5 1 0.600491 0.0596628
7 2 3 1 0.290777 0.240543
7 -2 3 1 0.0548267 0.214412
7 2 0.5 1 0.298342 0.0895429
7 -2 0.5 1 0.065559 0.0728289
4 0 3.3 1 0.147195 0.267459
7 0 3.3 1 0.167982 0.244922
