0 0 4.5 1 -0.461106 0.450009
2 4 3 1 -1.06926 0.395092
4 2 3 1 -0.425041 0.425822
4 -2 3 1 0.0605282 0.334417
2 -4 3 1 0.0171261 0.277921
-2 -4 3 1 -0.221324 0.230726
-4 -2 3 1 -0.443137 0.215955
-4 2 3 1 -0.835676 0.223652
-2 4 3 1 -1.12496 0.26501
2 4 0.5 1 -0.960077 -0.141167
4 2 0.5 1 -0.361215 -0.0846041
4 -2 0.5 1 0.08173 0.0186669
2 -4 0.5 1 0.0341699 0.0442866
-2 -4 0.5 1 -0.201911 0.0420087
-4 -2 0.5 1 -0.418056 0.0238215
-4 2 0.5 1 -0.790895 -0.0265079
-2 4 0.5 1 -1.05086 -0.0817056
7 2 3 1 0.0989292 0.683791
7 -2 3 1 0.470111 0.430751
7 2 0.5 1 0.149091 -0.153601
7 -2 0.5 1 0.477158 0.0145885
4 0 3.3 1 -0.127949 0.41851
7 0 3.3 1 0.346402 0.585623
