0 0 4.5 1 0.132915 0.770504
2 4 3 1 -0.10281 0.357746
4 2 3 1 -0.400906 0.405361
4 -2 3 1 -0.88369 0.621011
2 -4 3 1 -0.908037 1.0812
-2 -4 3 1 1.50641 1.17233
-4 -2 3 1 1.33954 0.619738
-4 2 3 1 0.663044 0.386445
-2 4 3 1 0.319003 0.348854
2 4 0.5 1 -0.106261 0.0993009
4 2 0.5 1 -0.388386 0.0883286
4 -2 0.5 1 -0.809024 0.000374401
2 -4 0.5 1 -0.760146 -0.20029
-2 -4 0.5 1 1.11288 -0.327879
-4 -2 0.5 1 1.15309 -0.101309
-4 2 0.5 1 0.612131 0.0452427
-2 4 0.5 1 0.295386 0.0827294
7 2 3 1 -0.758136 0.411712
7 -2 3 1 -1.54852 0.621391
7 2 0.5 1 -0.72646 0.102887
7 -2 0.5 1 -1.41075 0.0315578
4 0 3.3 1 -0.566034 0.532332
7 0 3.3 1 -1.0352 0.535962
