0 0 4.5 1 0.0296725 0.0458871
2 4 3 1 -0.330045 -0.0320647
4 2 3 1 -0.196385 -0.00695563
4 -2 3 1 0.239393 -0.0216767
2 -4 3 1 0.388011 -0.0573247
-2 -4 3 1 0.296195 -0.0912164
-4 -2 3 1 0.147018 -0.097766
-4 2 3 1 -0.0877668 -0.0889769
-2 4 3 1 -0.234636 -0.0716399
2 4 0.5 1 -0.35319 -0.25937
4 2 0.5 1 -0.218078 -0.286037
4 -2 0.5 1 0.240063 -0.307529
2 -4 0.5 1 0.394959 -0.293748
-2 -4 0.5 1 0.298374 -0.264317
-4 -2 0.5 1 0.144836 -0.249445
-4 2 0.5 1 -0.0962897 -0.23873
-2 4 0.5 1 -0.248722 -0.239805
7 2 3 1 -0.30678 0.0764069
7 -2 3 1 0.335071 0.0571328
7 2 0.5 1 -0.347877 -0.336456
7 -2 0.5 1 0.343701 -0.370742
4 0 3.3 1 0.0205198 0.01779
7 0 3.3 1 0.0112414 0.113277
