0 0 4.5 1 -0.320963 0.299544
2 4 3 1 -0.546886 0.534255
4 2 3 1 0.254162 0.254068
4 -2 3 1 0.255757 0.0376501
2 -4 3 1 0.0537751 -0.00581356
-2 -4 3 1 -0.296694 -0.00405356
-4 -2 3 1 -0.586923 0.032807
-4 2 3 1 -1.12417 0.173891
-2 4 3 1 -1.47513 0.3891
2 4 0.5 1 -0.713282 -0.501658
4 2 0.5 1 0.251197 -0.406562
4 -2 0.5 1 0.25442 -0.293979
2 -4 0.5 1 0.043806 -0.257745
-2 -4 0.5 1 -0.319844 -0.232532
-4 -2 0.5 1 -0.626981 -0.228251
-4 2 0.5 1 -1.23364 -0.255229
-2 4 0.5 1 -1.71646 -0.338041
7 2 3 1 1.20966 0.309649
7 -2 3 1 0.694985 0.0401745
7 2 0.5 1 1.35352 -0.51891
7 -2 0.5 1 0.722274 -0.328868
4 0 3.3 1 0.255421 0.159539
7 0 3.3 1 0.851232 0.180549
