0 0 4.5 1 -0.255144 0.407014
2 4 3 1 -0.219122 0.668515
4 2 3 1 0.46016 0.296184
4 -2 3 1 0.309774 0.0924443
2 -4 3 1 0.0760919 0.0643159
-2 -4 3 1 -0.293795 0.0867743
-4 -2 3 1 -0.59595 0.141289
-4 2 3 1 -1.16576 0.329914
-2 4 3 1 -1.51662 0.613957
2 4 0.5 1 -0.353149 -0.480681
4 2 0.5 1 0.429833 -0.36367
4 -2 0.5 1 0.290486 -0.231845
2 -4 0.5 1 0.0557112 -0.185255
-2 -4 0.5 1 -0.321161 -0.146566
-4 -2 0.5 1 -0.636321 -0.133346
-4 2 0.5 1 -1.26492 -0.152344
-2 4 0.5 1 -1.73137 -0.255723
7 2 3 1 1.39845 0.276719
7 -2 3 1 0.734213 0.0695549
7 2 0.5 1 1.43344 -0.488814
7 -2 0.5 1 0.727692 -0.27831
4 0 3.3 1 0.362478 0.209967
7 0 3.3 1 0.944434 0.189726
