0 0 4.5 1 0.389488 0.490631
2 4 3 1 -0.057246 0.334432
4 2 3 1 -0.0412748 0.383789
4 -2 3 1 0.483147 0.447146
2 -4 3 1 0.925412 0.414414
-2 -4 3 1 0.890357 0.325124
-4 -2 3 1 0.658391 0.293257
-4 2 3 1 0.328761 0.283508
-2 4 3 1 0.1353 0.294013
2 4 0.5 1 -0.0639371 0.10557
4 2 0.5 1 -0.0509467 0.0790154
4 -2 0.5 1 0.431178 0.01623
2 -4 0.5 1 0.845002 0.00609161
-2 -4 0.5 1 0.83747 0.052361
-4 -2 0.5 1 0.625905 0.0829276
-4 2 0.5 1 0.311779 0.108504
-2 4 0.5 1 0.124009 0.11499
7 2 3 1 -0.379447 0.475434
7 -2 3 1 0.254977 0.647512
7 2 0.5 1 -0.368466 0.0532016
7 -2 0.5 1 0.198751 -0.0633805
4 0 3.3 1 0.177672 0.45585
7 0 3.3 1 -0.14528 0.609273
