0 0 4.5 1 0.267933 0.152205
2 4 3 1 1.04209 0.0179508
4 2 3 1 0.751226 -0.0518342
4 -2 3 1 0.345034 -0.0890302
2 -4 3 1 0.104039 -0.0899004
-2 -4 3 1 -0.193682 -0.0589221
-4 -2 3 1 -0.318353 -0.00196111
-4 2 3 1 0.066821 0.151075
-2 4 3 1 0.866483 0.176647
2 4 0.5 1 1.13205 -0.428833
4 2 0.5 1 0.793558 -0.353163
4 -2 0.5 1 0.358043 -0.309727
2 -4 0.5 1 0.106435 -0.304317
-2 -4 0.5 1 -0.206627 -0.327964
-4 -2 0.5 1 -0.346345 -0.381208
-4 2 0.5 1 0.0696292 -0.552134
-2 4 0.5 1 0.999416 -0.599313
7 2 3 1 0.845655 -0.0798301
7 -2 3 1 0.472207 -0.105722
7 2 0.5 1 0.884984 -0.328034
7 -2 0.5 1 0.488209 -0.296518
4 0 3.3 1 0.514872 -0.0442978
7 0 3.3 1 0.632189 -0.0697232
