0 0 4.5 1 0.393227 0.194453
2 4 3 1 -0.0256842 -0.0636988
4 2 3 1 -0.177061 -0.0320327
4 -2 3 1 0.0321879 0.115928
2 -4 3 1 0.90557 0.260366
-2 -4 3 1 1.42266 0.152436
-4 -2 3 1 1.06238 0.0396426
-4 2 3 1 0.562749 -0.0409287
-2 4 3 1 0.291489 -0.0637017
2 4 0.5 1 -0.0151493 -0.316016
4 2 0.5 1 -0.171944 -0.371574
4 -2 0.5 1 0.0676604 -0.544767
2 -4 0.5 1 1.10463 -0.648777
-2 -4 0.5 1 1.60394 -0.43297
-4 -2 0.5 1 1.14982 -0.327011
-4 2 0.5 1 0.597958 -0.281461
-2 4 0.5 1 0.3129 -0.282554
7 2 3 1 -0.628902 -0.0265994
7 -2 3 1 -0.896185 0.184674
7 2 0.5 1 -0.655133 -0.428129
7 -2 0.5 1 -1.00713 -0.76104
4 0 3.3 1 -0.106072 0.0685167
7 0 3.3 1 -0.706687 0.0994894
