0 0 4.5 1 0.0648144 0.342807
2 4 3 1 0.433431 0.222291
4 2 3 1 0.25299 0.180685
4 -2 3 1 -0.0195634 0.147224
2 -4 3 1 -0.195873 0.142644
-2 -4 3 1 -0.360082 0.177424
-4 -2 3 1 -0.265173 0.244475
-4 2 3 1 0.307707 0.331305
-2 4 3 1 0.544167 0.303477
2 4 0.5 1 0.450649 0.0126772
4 2 0.5 1 0.268504 0.00601414
4 -2 0.5 1 -0.00326617 -0.0176699
2 -4 0.5 1 -0.176557 -0.0408581
-2 -4 0.5 1 -0.331451 -0.0802984
-4 -2 0.5 1 -0.228469 -0.0973212
-4 2 0.5 1 0.341097 -0.0553501
-2 4 0.5 1 0.568499 -0.00889824
7 2 3 1 0.245321 0.159574
7 -2 3 1 0.0175233 0.132539
7 2 0.5 1 0.258239 0.0146906
7 -2 0.5 1 0.0309926 -0.00555296
4 0 3.3 1 0.110922 0.183978
7 0 3.3 1 0.127136 0.162804
