0 0 4.5 1 -0.458857 0.460217
2 4 3 1 -1.06527 0.403455
4 2 3 1 -0.430983 0.433225
4 -2 3 1 0.0594321 0.342955
2 -4 3 1 0.0190224 0.287228
-2 -4 3 1 -0.217461 0.24115
-4 -2 3 1 -0.438034 0.227142
-4 2 3 1 -0.827509 0.235667
-2 4 3 1 -1.11395 0.276731
2 4 0.5 1 -0.955066 -0.125716
4 2 0.5 1 -0.367533 -0.0738666
4 -2 0.5 1 0.0790818 0.0270563
2 -4 0.5 1 0.0349254 0.0533854
-2 -4 0.5 1 -0.198628 0.0526442
-4 -2 0.5 1 -0.413238 0.0356719
-4 2 0.5 1 -0.782536 -0.0124766
-2 4 0.5 1 -1.0392 -0.0658511
7 2 3 1 0.0779727 0.686798
7 -2 3 1 0.46726 0.437899
7 2 0.5 1 0.125643 -0.14682
7 -2 0.5 1 0.470825 0.0202008
4 0 3.3 1 -0.131474 0.426844
7 0 3.3 1 0.337506 0.592285
