0 0 4.5 1 0.0272305 0.160228
2 4 3 1 0.358973 0.0369923
4 2 3 1 0.186703 0.00502905
4 -2 3 1 -0.077697 -0.0189015
2 -4 3 1 -0.249728 -0.018911
-2 -4 3 1 -0.393236 0.0187283
-4 -2 3 1 -0.262887 0.0784262
-4 2 3 1 0.291928 0.134063
-2 4 3 1 0.478171 0.102594
2 4 0.5 1 0.383485 -0.160451
4 2 0.5 1 0.204218 -0.164079
4 -2 0.5 1 -0.0656739 -0.184713
2 -4 0.5 1 -0.239825 -0.207596
-2 -4 0.5 1 -0.383575 -0.250092
-4 -2 0.5 1 -0.244936 -0.269874
-4 2 0.5 1 0.334646 -0.229103
-2 4 0.5 1 0.518109 -0.184359
7 2 3 1 0.171265 -0.0139015
7 -2 3 1 -0.0497561 -0.033586
7 2 0.5 1 0.185571 -0.154783
7 -2 0.5 1 -0.0392744 -0.172172
4 0 3.3 1 0.0513183 0.0125953
7 0 3.3 1 0.0582801 -0.00736727
