0 0 4.5 1 0.0360263 0.201095
2 4 3 1 0.376071 0.0812273
4 2 3 1 0.202885 0.0462035
4 -2 3 1 -0.062226 0.0186213
2 -4 3 1 -0.234611 0.0165384
-2 -4 3 1 -0.382891 0.0525338
-4 -2 3 1 -0.262054 0.114521
-4 2 3 1 0.294793 0.180223
-2 4 3 1 0.492136 0.150711
2 4 0.5 1 0.400568 -0.117665
4 2 0.5 1 0.221275 -0.123083
4 -2 0.5 1 -0.0479572 -0.145885
2 -4 0.5 1 -0.221086 -0.169643
-2 -4 0.5 1 -0.366846 -0.211737
-4 -2 0.5 1 -0.237619 -0.229766
-4 2 0.5 1 0.337768 -0.185684
-2 4 0.5 1 0.530922 -0.139922
7 2 3 1 0.189537 0.0267396
7 -2 3 1 -0.0320508 0.00413979
7 2 0.5 1 0.204665 -0.114157
7 -2 0.5 1 -0.0197939 -0.13343
4 0 3.3 1 0.0663865 0.0519244
7 0 3.3 1 0.0757149 0.0317915
