0 0 4.5 1 -0.133212 0.366764
2 4 3 1 0.11196 0.163437
4 2 3 1 -0.0735478 0.173623
4 -2 3 1 -0.364882 0.209195
2 -4 3 1 -0.561943 0.249247
-2 -4 3 1 -0.653062 0.318397
-4 -2 3 1 -0.327037 0.322382
-4 2 3 1 0.25602 0.226844
-2 4 3 1 0.303194 0.17915
2 4 0.5 1 0.0937983 -0.0202315
4 2 0.5 1 -0.0876744 0.00352593
4 -2 0.5 1 -0.375911 0.0195382
2 -4 0.5 1 -0.57171 0.0129478
-2 -4 0.5 1 -0.665198 -0.0443747
-4 -2 0.5 1 -0.353208 -0.108285
-4 2 0.5 1 0.218279 -0.114632
-2 4 0.5 1 0.274229 -0.0727803
7 2 3 1 -0.12475 0.165354
7 -2 3 1 -0.369984 0.193938
7 2 0.5 1 -0.136025 0.0221985
7 -2 0.5 1 -0.379043 0.0371759
4 0 3.3 1 -0.209835 0.212348
7 0 3.3 1 -0.240631 0.197224
