0 0 4.5 1 -0.0178778 0.0601357
2 4 3 1 0.280757 -0.0882342
4 2 3 1 0.108009 -0.10384
4 -2 3 1 -0.15826 -0.105848
2 -4 3 1 -0.331618 -0.0924404
-2 -4 3 1 -0.45657 -0.0446637
-4 -2 3 1 -0.282515 3.13125e-05
-4 2 3 1 0.273362 0.00151198
-2 4 3 1 0.417769 -0.0405837
2 4 0.5 1 0.293916 -0.283754
4 2 0.5 1 0.113663 -0.274935
4 -2 0.5 1 -0.161627 -0.2792
2 -4 0.5 1 -0.342445 -0.29396
-2 -4 0.5 1 -0.479678 -0.336593
-4 -2 0.5 1 -0.299156 -0.371052
-4 2 0.5 1 0.297552 -0.359366
-2 4 0.5 1 0.444402 -0.320083
7 2 3 1 0.0829986 -0.119775
7 -2 3 1 -0.139753 -0.121617
7 2 0.5 1 0.0870045 -0.262694
7 -2 0.5 1 -0.142026 -0.266108
4 0 3.3 1 -0.0244453 -0.0849287
7 0 3.3 1 -0.0279088 -0.103976
