0 0 4.5 1 0.412444 0.137564
2 4 3 1 -0.0230758 -0.0858757
4 2 3 1 -0.145047 -0.0466409
4 -2 3 1 0.155391 0.0816977
2 -4 3 1 0.981056 0.155755
-2 -4 3 1 1.33767 0.0352068
-4 -2 3 1 1.00071 -0.0447337
-4 2 3 1 0.532103 -0.0939559
-2 4 3 1 0.27367 -0.10217
2 4 0.5 1 -0.0237313 -0.337072
4 2 0.5 1 -0.154245 -0.385828
4 -2 0.5 1 0.17706 -0.554143
2 -4 0.5 1 1.14964 -0.657091
-2 -4 0.5 1 1.48065 -0.48454
-4 -2 0.5 1 1.06935 -0.382844
-4 2 0.5 1 0.556994 -0.32483
-2 4 0.5 1 0.285724 -0.316194
7 2 3 1 -0.589158 -0.0156092
7 -2 3 1 -0.679432 0.206559
7 2 0.5 1 -0.637326 -0.427258
7 -2 0.5 1 -0.814096 -0.744424
4 0 3.3 1 -0.0381217 0.0471507
7 0 3.3 1 -0.609956 0.115116
