0 0 4.5 1 0.109183 0.092029
2 4 3 1 -0.239226 -0.0299887
4 2 3 1 -0.13949 0.0125087
4 -2 3 1 0.300122 0.0566347
2 -4 3 1 0.492046 0.0379993
-2 -4 3 1 0.419654 -0.0136352
-4 -2 3 1 0.267022 -0.0405716
-4 2 3 1 0.0268574 -0.0600715
-2 4 3 1 -0.123425 -0.0592949
2 4 0.5 1 -0.234753 -0.247521
4 2 0.5 1 -0.129432 -0.25974
4 -2 0.5 1 0.332701 -0.241427
2 -4 0.5 1 0.527481 -0.214472
-2 -4 0.5 1 0.442866 -0.195776
-4 -2 0.5 1 0.282963 -0.196483
-4 2 0.5 1 0.0362574 -0.208616
-2 4 0.5 1 -0.117043 -0.222522
7 2 3 1 -0.303107 0.0838979
7 -2 3 1 0.335654 0.160984
7 2 0.5 1 -0.298979 -0.312054
7 -2 0.5 1 0.388721 -0.292046
4 0 3.3 1 0.0677391 0.0660001
7 0 3.3 1 -0.00850242 0.166812
