0 0 4.5 1 -0.200816 0.147886
2 4 3 1 -0.625942 0.102211
4 2 3 1 -0.361294 0.0970476
4 -2 3 1 0.0964202 0.0286087
2 -4 3 1 0.158513 -0.00566024
-2 -4 3 1 0.0145631 -0.0164752
-4 -2 3 1 -0.146424 -0.00683025
-4 2 3 1 -0.406441 0.0242255
-2 4 3 1 -0.574627 0.0564351
2 4 0.5 1 -0.669471 -0.191511
4 2 0.5 1 -0.40258 -0.237152
4 -2 0.5 1 0.0742336 -0.246994
2 -4 0.5 1 0.142576 -0.21948
-2 -4 0.5 1 0.000274744 -0.17941
-4 -2 0.5 1 -0.162087 -0.15951
-4 2 0.5 1 -0.427896 -0.144876
-2 4 0.5 1 -0.603982 -0.149102
7 2 3 1 -0.30945 0.18067
7 -2 3 1 0.328276 0.062444
7 2 0.5 1 -0.372543 -0.346637
7 -2 0.5 1 0.30487 -0.332375
4 0 3.3 1 -0.106835 0.0946743
7 0 3.3 1 0.0594252 0.164851
