0 0 4.5 1 0.290191 0.234736
2 4 3 1 0.902049 0.039364
4 2 3 1 0.640651 0.00617624
4 -2 3 1 0.279111 0.00766003
2 -4 3 1 0.0624003 0.0284037
-2 -4 3 1 -0.189259 0.0868008
-4 -2 3 1 -0.244774 0.153706
-4 2 3 1 0.278288 0.240108
-2 4 3 1 0.895966 0.17489
2 4 0.5 1 0.89754 -0.302958
4 2 0.5 1 0.631854 -0.240829
4 -2 0.5 1 0.266123 -0.187
2 -4 0.5 1 0.0456281 -0.167727
-2 -4 0.5 1 -0.216654 -0.167462
-4 -2 0.5 1 -0.285124 -0.202718
-4 2 0.5 1 0.238585 -0.342444
-2 4 0.5 1 0.888071 -0.394869
7 2 3 1 0.688492 -0.0247086
7 -2 3 1 0.370944 -0.0179406
7 2 0.5 1 0.68211 -0.227843
7 -2 0.5 1 0.36118 -0.184289
4 0 3.3 1 0.440217 0.0325953
7 0 3.3 1 0.5152 0.000576203
