0 0 4.5 1 -0.000909597 0.73098
2 4 3 1 1.24224 0.825238
4 2 3 1 0.979178 0.505389
4 -2 3 1 0.440099 0.362769
2 -4 3 1 0.134496 0.335576
-2 -4 3 1 -0.284523 0.343102
-4 -2 3 1 -0.613213 0.387634
-4 2 3 1 -1.16975 0.619697
-2 4 3 1 -0.895179 1.08201
2 4 0.5 1 1.00941 -0.271212
4 2 0.5 1 0.881074 -0.0504471
4 -2 0.5 1 0.416134 0.0614193
2 -4 0.5 1 0.128939 0.0826485
-2 -4 0.5 1 -0.26903 0.0732906
-4 -2 0.5 1 -0.571181 0.0334512
-4 2 0.5 1 -1.00556 -0.147996
-2 4 0.5 1 -0.665492 -0.430773
7 2 3 1 1.49483 0.47796
7 -2 3 1 0.756053 0.355311
7 2 0.5 1 1.35749 -0.0258138
7 -2 0.5 1 0.716286 0.0699218
4 0 3.3 1 0.632651 0.463245
7 0 3.3 1 1.02882 0.446459
