0 0 4.5 1 0.194681 0.37082
2 4 3 1 -0.174709 0.208381
4 2 3 1 -0.111605 0.259095
4 -2 3 1 0.359875 0.346832
2 -4 3 1 0.629829 0.342978
-2 -4 3 1 0.571553 0.273195
-4 -2 3 1 0.398654 0.230448
-4 2 3 1 0.134573 0.193636
-2 4 3 1 -0.0283888 0.185598
2 4 0.5 1 -0.152341 -0.00534131
4 2 0.5 1 -0.0840357 -0.0170906
4 -2 0.5 1 0.382195 0.00907289
2 -4 0.5 1 0.64386 0.0452581
-2 -4 0.5 1 0.582244 0.0655164
-4 -2 0.5 1 0.409531 0.0601846
-4 2 0.5 1 0.147247 0.0405738
-2 4 0.5 1 -0.0129971 0.0226049
7 2 3 1 -0.352095 0.323041
7 -2 3 1 0.313796 0.485125
7 2 0.5 1 -0.306099 -0.0724565
7 -2 0.5 1 0.350541 -0.0501121
4 0 3.3 1 0.0975516 0.335967
7 0 3.3 1 -0.0743035 0.448585
