0 0 4.5 1 0.413396 0.135173
2 4 3 1 -0.0231086 -0.0857529
4 2 3 1 -0.142965 -0.0460574
4 -2 3 1 0.163247 0.0805602
2 -4 3 1 0.98459 0.14996
-2 -4 3 1 1.33124 0.0289564
-4 -2 3 1 0.995911 -0.0488711
-4 2 3 1 0.529536 -0.0959811
-2 4 3 1 0.272085 -0.103178
2 4 0.5 1 -0.0245872 -0.336658
4 2 0.5 1 -0.153133 -0.38489
4 -2 0.5 1 0.183706 -0.552746
2 -4 0.5 1 1.14931 -0.655633
-2 -4 0.5 1 1.47037 -0.486153
-4 -2 0.5 1 1.06263 -0.384842
-4 2 0.5 1 0.55346 -0.326025
-2 4 0.5 1 0.283345 -0.316705
7 2 3 1 -0.586193 -0.013154
7 -2 3 1 -0.663967 0.209144
7 2 0.5 1 -0.635546 -0.425079
7 -2 0.5 1 -0.798718 -0.740422
4 0 3.3 1 -0.0336706 0.0471154
7 0 3.3 1 -0.602968 0.117698
