0 0 4.5 1 0.160783 0.779216
2 4 3 1 -0.104824 0.363036
4 2 3 1 -0.399979 0.404601
4 -2 3 1 -0.85477 0.614735
2 -4 3 1 -0.748505 1.08473
-2 -4 3 1 1.67126 1.14414
-4 -2 3 1 1.36247 0.630726
-4 2 3 1 0.662926 0.40399
-2 4 3 1 0.316827 0.362164
2 4 0.5 1 -0.101584 0.102172
4 2 0.5 1 -0.378159 0.081154
4 -2 0.5 1 -0.760311 -0.0293349
2 -4 0.5 1 -0.592067 -0.24528
-2 -4 0.5 1 1.26851 -0.290786
-4 -2 0.5 1 1.18855 -0.0617368
-4 2 0.5 1 0.618983 0.0688231
-2 4 0.5 1 0.299107 0.0975702
7 2 3 1 -0.778389 0.404818
7 -2 3 1 -1.60174 0.609347
7 2 0.5 1 -0.734286 0.0855579
7 -2 0.5 1 -1.42525 -0.0182795
4 0 3.3 1 -0.555122 0.530524
7 0 3.3 1 -1.06258 0.528473
