0 0 4.5 2 4 3
0 0 4.5 4 2 3
0 0 4.5 4 -2 3
0 0 4.5 2 -4 3
0 0 4.5 -2 -4 3
0 0 4.5 -4 -2 3
0 0 4.5 -4 2 3
0 0 4.5 -2 4 3
2 4 3 4 2 3
4 2 3 4 -2 3
4 -2 3 2 -4 3
2 -4 3 -2 -4 3
-2 -4 3 -4 -2 3
-4 -2 3 -4 2 3
-4 2 3 -2 4 3
-2 4 3 2 4 3
2 4 3 2 4 0.5
4 2 3 4 2 0.5
4 -2 3 4 -2 0.5
2 -4 3 2 -4 0.5
-2 -4 3 -2 -4 0.5
-4 -2 3 -4 -2 0.5
-4 2 3 -4 2 0.5
-2 4 3 -2 4 0.5
2 4 0.5 4 2 0.5
4 2 0.5 4 -2 0.5
4 -2 0.5 2 -4 0.5
2 -4 0.5 -2 -4 0.5
-2 -4 0.5 -4 -2 0.5
-4 -2 0.5 -4 2 0.5
-4 2 0.5 -2 4 0.5
-2 4 0.5 2 4 0.5
4 2 3 7 2 3
7 2 3 7 -2 3
7 -2 3 4 -2 3
4 2 0.5 7 2 0.5
7 2 0.5 7 -2 0.5
7 -2 0.5 4 -2 0.5
7 -2 3 7 -2 0.5
7 2 3 7 2 0.5
4 0 3.3 4 2 3
4 0 3.3 4 -2 3
7 0 3.3 7 2 3
7 0 3.3 7 -2 3
4 0 3.3 7 0 3.3